time,open,high,low,close,volume,amount,settelementPrice,openInterest,preClose,suspendFlag
1727055000000,2222.4,2222.4,2222.4,2222.4,0,0.0,0.0,0,2222.4,0
1727055060000,2231.4,2231.4,2226.6,2226.6,10,6684540.0,0.0,9,2222.4,0
1727055120000,2226.4,2227.0,2225.6,2225.7999999999997,22,14694780.000000002,0.0,31,2226.6,0
1727055180000,2227.7999999999997,2235.2,2227.6,2235.2,19,12727380.0,0.0,49,2225.7999999999997,0
1727055240000,2231.6000000000004,2233.6000000000004,2231.2000000000003,2232.8,14,9375000.000000002,0.0,63,2235.2000000000003,0
1727055300000,2230.8,2232.2,2230.0,2231.4,10,6692460.0,0.0,73,2232.8,0
1727055360000,2231.2000000000003,2234.2000000000003,2230.8,2234.0,14,9375420.000000002,0.0,87,2231.4,0
1727055420000,2233.0,2235.8,2233.0,2235.8,7,4692540.000000001,0.0,93,2234.0,0
1727055480000,2235.8,2238.2000000000003,2235.8,2236.2000000000003,10,6709920.0,0.0,103,2235.8,0
1727055540000,2239.6,2239.6,2238.4,2238.4,4,2686680.0,0.0,107,2236.2000000000003,0
1727055600000,2239.2000000000003,2239.6000000000004,2237.8,2238.8,9,6045360.0,0.0,116,2238.4,0
1727055660000,2240.0,2240.4,2238.8,2239.8,7,4703700.0,0.0,123,2238.8,0
1727055720000,2241.2000000000003,2243.0000000000005,2241.2000000000003,2242.6000000000004,10,6726300.0,0.0,132,2239.8,0
1727055780000,2243.7999999999997,2244.0,2242.6,2244.0,9,6057960.0,0.0,141,2242.6,0
1727055840000,2243.4,2243.6,2242.6,2242.7999999999997,9,6056280.0,0.0,149,2244.0,0
1727055900000,2243.8,2245.8,2243.0,2243.0,12,8078880.000000001,0.0,161,2242.8,0
1727055960000,2242.4,2242.8,2240.0,2242.0,8,5379900.000000001,0.0,169,2243.0,0
1727056020000,2240.6000000000004,2243.8,2240.2000000000003,2240.2000000000003,5,3362760.0,0.0,174,2242.0000000000005,0
1727056080000,2240.4,2240.4,2239.6,2240.4,3,2016120.0000000002,0.0,177,2240.2,0
1727056140000,2240.8,2243.0,2240.8,2243.0,9,6054300.0,0.0,186,2240.4,0
1727056200000,2243.0,2246.2,2242.0,2246.2,47,31644240.0,0.0,233,2243.0,0
1727056260000,2244.6000000000004,2245.2000000000003,2242.2000000000003,2242.2000000000003,51,34326600.0,0.0,284,2246.2000000000003,0
1727056320000,2242.0,2242.8,2241.0,2242.8,12,8070060.000000001,0.0,296,2242.2,0
1727056380000,2241.4,2242.6,2241.0,2242.6,14,9417000.000000002,0.0,310,2242.8,0
1727056440000,2243.0,2243.0,2242.0,2242.0,20,13455240.0,0.0,330,2242.6,0
1727056500000,2242.0,2243.0,2240.4,2240.4,12,8070300.000000001,0.0,342,2242.0,0
1727056560000,2241.4,2241.4,2239.8,2239.8,16,10754640.0,0.0,358,2240.4,0
1727056620000,2239.8,2241.2,2239.0,2241.2,11,7390740.0,0.0,369,2239.8,0
1727056680000,2242.0,2243.2000000000003,2241.4,2243.2000000000003,11,7399140.000000001,0.0,380,2241.2000000000003,0
1727056740000,2243.2000000000003,2243.6000000000004,2243.2000000000003,2243.6000000000004,2,1346040.0,0.0,382,2243.2000000000003,0
1727056800000,2242.6,2245.7999999999997,2242.6,2245.0,4,2693460.0,0.0,386,2243.6,0
1727056860000,2246.6,2246.6,2243.6,2243.6,13,8758380.0,0.0,399,2245.0,0
1727056920000,2245.0,2245.0,2242.6,2242.6,10,6732360.0,0.0,409,2243.6,0
1727056980000,2241.2000000000003,2242.6000000000004,2241.2000000000003,2242.6000000000004,15,10090800.0,0.0,424,2242.6000000000004,0
1727057040000,2242.6,2242.6,2242.6,2242.6,0,0.0,0.0,424,2242.6,0
1727057100000,2242.6,2242.6,2242.6,2242.6,0,0.0,0.0,424,2242.6,0
1727057160000,2241.2000000000003,2241.2000000000003,2239.4,2239.4,14,9408180.000000002,0.0,437,2242.6,0
1727057220000,2238.8,2240.6000000000004,2238.8,2240.2000000000003,5,3359400.0,0.0,442,2239.4,0
1727057280000,2241.0,2241.8,2241.0,2241.4,6,4034580.0000000005,0.0,448,2240.2,0
1727057340000,2240.4,2240.8,2240.2000000000003,2240.2000000000003,4,2688540.0,0.0,452,2241.4,0
1727057400000,2237.8,2237.8,2237.8,2237.8,2,1342680.0,0.0,454,2240.2000000000003,0
1727057460000,2238.0,2242.2000000000003,2237.8,2242.2000000000003,15,10079820.0,0.0,469,2237.8,0
1727057520000,2241.6,2242.4,2241.0,2241.0,6,4034820.0000000005,0.0,475,2242.2,0
1727057580000,2240.8,2240.8,2240.8,2240.8,1,672240.0,0.0,476,2241.0,0
1727057640000,2242.4,2243.0,2242.0,2242.0,14,9417900.0,0.0,490,2240.8,0
1727057700000,2241.6,2241.6,2241.6,2241.6,2,1344960.0,0.0,492,2242.0,0
1727057760000,2241.0,2242.0,2241.0,2242.0,3,2017500.0000000002,0.0,495,2241.6,0
1727057820000,2241.2000000000003,2241.2000000000003,2240.8,2240.8,14,9412320.0,0.0,509,2242.0,0
1727057880000,2240.6,2243.2,2240.6,2243.2,11,7398420.000000001,0.0,520,2240.7999999999997,0
1727057940000,2244.4,2245.2000000000003,2244.4,2245.2000000000003,5,3366960.0,0.0,525,2243.2000000000003,0
1727058000000,2244.6000000000004,2245.0000000000005,2244.2000000000003,2244.4,12,8081460.000000001,0.0,537,2245.2000000000003,0
1727058060000,2244.6000000000004,2245.8,2244.2000000000003,2244.2000000000003,4,2693940.0,0.0,541,2244.4,0
1727058120000,2245.6000000000004,2246.4,2244.2000000000003,2244.2000000000003,10,6736680.0,0.0,551,2244.2000000000003,0
1727058180000,2244.0,2244.0,2243.0,2243.0,8,5384640.0,0.0,559,2244.2,0
1727058240000,2244.0,2244.0,2243.6,2243.6,4,2692500.0,0.0,563,2243.0,0
1727058300000,2243.6,2243.6,2243.6,2243.6,1,673080.0,0.0,563,2243.6,0
1727058360000,2243.8,2243.8,2243.8,2243.8,1,673140.0,0.0,564,2243.6000000000004,0
1727058420000,2244.4,2244.4,2244.4,2244.4,4,2693280.0,0.0,568,2243.8,0
1727058480000,2243.4,2243.4,2242.6,2242.6,5,3364440.0,0.0,573,2244.4,0
1727058540000,2242.4,2242.8,2242.4,2242.8,3,2018400.0000000002,0.0,576,2242.6,0
1727058600000,2242.8,2242.8,2242.8,2242.8,0,0.0,0.0,576,2242.8,0
1727058660000,2242.0,2242.0,2241.0,2241.8,11,7396980.000000001,0.0,587,2242.8,0
1727058720000,2241.0,2241.0,2240.6,2240.7999999999997,5,3361140.0,0.0,592,2241.7999999999997,0
1727058780000,2240.6,2240.6,2240.6,2240.6,1,672180.0,0.0,593,2240.7999999999997,0
1727058840000,2239.8,2239.8,2239.8,2239.8,2,1343880.0,0.0,595,2240.6000000000004,0
1727058900000,2239.8,2239.8,2239.8,2239.8,0,0.0,0.0,595,2239.8,0
1727058960000,2241.8,2241.8,2240.4,2240.4,6,4034340.0000000005,0.0,601,2239.8,0
1727059020000,2240.8,2240.8,2240.8,2240.8,1,672240.0,0.0,602,2240.4,0
1727059080000,2240.8,2240.8,2240.8,2240.8,0,0.0,0.0,602,2240.8,0
1727059140000,2240.8,2240.8,2240.8,2240.8,0,0.0,0.0,602,2240.8,0
1727059200000,2240.8,2240.8,2240.8,2240.8,0,0.0,0.0,602,2240.8,0
1727059260000,2241.0,2241.0,2241.0,2241.0,1,672300.0,0.0,603,2240.8,0
1727059320000,2241.0,2241.0,2241.0,2241.0,0,0.0,0.0,603,2241.0,0
1727059380000,2243.2000000000003,2243.8,2243.2000000000003,2243.8,2,1346100.0,0.0,605,2241.0000000000005,0
1727059440000,2243.8,2243.8,2243.8,2243.8,1,673140.0,0.0,606,2243.8,0
1727059500000,2242.4,2242.8,2242.4,2242.8,2,1345560.0,0.0,608,2243.8,0
1727059560000,2242.2,2243.2,2242.0,2243.2,4,2690820.0,0.0,612,2242.8,0
1727059620000,2242.7999999999997,2242.7999999999997,2242.6,2242.6,2,1345620.0,0.0,614,2243.2,0
1727059680000,2243.8,2245.0,2243.8,2244.6000000000004,8,5386560.0,0.0,622,2242.6000000000004,0
1727059740000,2244.6,2244.6,2244.6,2244.6,0,0.0,0.0,622,2244.6,0
1727059800000,2244.6,2244.6,2244.6,2244.6,0,0.0,0.0,622,2244.6,0
1727059860000,2244.6,2244.6,2244.6,2244.6,0,0.0,0.0,622,2244.6,0
1727059920000,2244.6,2244.6,2244.6,2244.6,0,0.0,0.0,622,2244.6,0
1727059980000,2243.8,2243.8,2243.8,2243.8,1,673140.0,0.0,623,2244.6000000000004,0
1727060040000,2244.8,2245.2000000000003,2244.8,2245.2000000000003,5,3367440.0,0.0,628,2243.8,0
1727060100000,2245.0,2245.2,2245.0,2245.2,2,1347060.0,0.0,630,2245.2,0
1727060160000,2245.6,2246.0,2245.6,2246.0,2,1347480.0,0.0,632,2245.2,0
1727060220000,2247.2,2248.0,2247.0,2247.0,6,4045560.0000000005,0.0,638,2246.0,0
1727060280000,2247.0,2247.0,2247.0,2247.0,0,0.0,0.0,638,2247.0,0
1727060340000,2246.0,2246.0,2246.0,2246.0,1,673800.0,0.0,639,2247.0,0
1727060400000,2246.0,2246.0,2246.0,2246.0,0,0.0,0.0,639,2246.0,0
1727060460000,2246.0,2246.0,2246.0,2246.0,1,673800.0,0.0,640,2246.0,0
1727060520000,2246.2000000000003,2250.8,2246.2000000000003,2250.8,5,3373500.0,0.0,645,2246.0000000000005,0
1727060580000,2250.2000000000003,2250.2000000000003,2249.4,2249.4,7,4724700.0,0.0,652,2250.8,0
1727060640000,2250.2000000000003,2252.6000000000004,2250.2000000000003,2251.0000000000005,5,3376740.0,0.0,656,2249.4,0
1727060700000,2251.2,2251.2,2251.0,2251.0,3,2025960.0000000002,0.0,659,2251.0,0
1727060760000,2249.6,2249.6,2249.6,2249.6,1,674880.0,0.0,659,2251.0,0
1727060820000,2246.8,2246.8,2246.8,2246.8,2,1348080.0,0.0,661,2249.6000000000004,0
1727060880000,2246.2000000000003,2246.2000000000003,2246.2000000000003,2246.2000000000003,1,673860.0,0.0,662,2246.8,0
1727060940000,2245.4,2245.4,2245.4,2245.4,1,673620.0,0.0,663,2246.2000000000003,0
1727061000000,2245.4,2245.4,2245.4,2245.4,0,0.0,0.0,663,2245.4,0
1727061060000,2245.0,2245.0,2244.8,2244.8,2,1346940.0,0.0,665,2245.4,0
1727061120000,2244.8,2244.8,2244.8,2244.8,0,0.0,0.0,665,2244.8,0
1727061180000,2244.8,2244.8,2244.8,2244.8,0,0.0,0.0,665,2244.8,0
1727061240000,2248.2000000000003,2248.2000000000003,2248.2000000000003,2248.2000000000003,1,674460.0,0.0,666,2244.8,0
1727061300000,2248.2000000000003,2248.2000000000003,2248.2000000000003,2248.2000000000003,0,0.0,0.0,666,2248.2000000000003,0
1727061360000,2248.2000000000003,2248.2000000000003,2248.2000000000003,2248.2000000000003,0,0.0,0.0,666,2248.2000000000003,0
1727061420000,2244.8,2244.8,2244.8,2244.8,1,673440.0,0.0,666,2248.2000000000003,0
1727061480000,2245.0,2246.2,2245.0,2246.2,2,1347360.0,0.0,668,2244.8,0
1727061540000,2246.2000000000003,2246.2000000000003,2246.2000000000003,2246.2000000000003,0,0.0,0.0,668,2246.2000000000003,0
1727061600000,2246.2000000000003,2246.2000000000003,2246.2000000000003,2246.2000000000003,0,0.0,0.0,668,2246.2000000000003,0
1727061660000,2247.2000000000003,2247.2000000000003,2247.2000000000003,2247.2000000000003,1,674160.0,0.0,669,2246.2000000000003,0
1727061720000,2247.2000000000003,2247.2000000000003,2247.2000000000003,2247.2000000000003,0,0.0,0.0,669,2247.2000000000003,0
1727061780000,2247.8,2247.8,2247.8,2247.8,1,674340.0,0.0,670,2247.2000000000003,0
1727061840000,2247.8,2247.8,2247.8,2247.8,0,0.0,0.0,670,2247.8,0
1727061900000,2247.4,2247.4,2247.4,2247.4,1,674220.0,0.0,671,2247.8,0
1727061960000,2247.4,2247.4,2247.4,2247.4,0,0.0,0.0,671,2247.4,0
1727062020000,2247.4,2247.4,2247.4,2247.4,0,0.0,0.0,671,2247.4,0
1727062080000,2247.8,2248.4,2247.8,2248.4,3,2023200.0000000002,0.0,674,2247.4,0
1727062140000,2248.4,2248.4,2248.4,2248.4,0,0.0,0.0,674,2248.4,0
1727062200000,2247.4,2247.6,2247.4,2247.6,2,1348500.0,0.0,676,2248.4,0
1727067660000,2246.4,2246.6,2246.4,2246.6,6,4043760.0000000005,0.0,682,2247.6,0
1727067720000,2246.6,2246.6,2246.6,2246.6,0,0.0,0.0,682,2246.6,0
1727067780000,2245.2000000000003,2245.2000000000003,2245.2000000000003,2245.2000000000003,2,1347120.0,0.0,684,2246.6000000000004,0
1727067840000,2245.2000000000003,2245.2000000000003,2245.2000000000003,2245.2000000000003,0,0.0,0.0,684,2245.2000000000003,0
1727067900000,2245.2000000000003,2245.2000000000003,2245.2000000000003,2245.2000000000003,0,0.0,0.0,684,2245.2000000000003,0
1727067960000,2243.4,2243.4,2243.4,2243.4,1,673020.0,0.0,685,2245.2000000000003,0
1727068020000,2243.4,2243.4,2243.4,2243.4,0,0.0,0.0,685,2243.4,0
1727068080000,2243.4,2243.4,2243.4,2243.4,0,0.0,0.0,685,2243.4,0
1727068140000,2244.6,2245.7999999999997,2244.6,2245.7999999999997,5,3367740.0,0.0,690,2243.4,0
1727068200000,2245.8,2245.8,2245.8,2245.8,0,0.0,0.0,690,2245.8,0
1727068260000,2245.2000000000003,2245.2000000000003,2245.2000000000003,2245.2000000000003,1,673560.0,0.0,691,2245.8,0
1727068320000,2245.0,2245.0,2244.6,2244.6,6,4040760.0000000005,0.0,697,2245.2,0
1727068380000,2244.2000000000003,2244.2000000000003,2244.2000000000003,2244.2000000000003,2,1346580.0,0.0,699,2244.6000000000004,0
1727068440000,2244.6,2244.6,2244.6,2244.6,1,673380.0,0.0,700,2244.2,0
1727068500000,2244.4,2244.4,2244.4,2244.4,1,673320.0,0.0,701,2244.6,0
1727068560000,2244.4,2244.4,2244.4,2244.4,0,0.0,0.0,701,2244.4,0
1727068620000,2244.4,2244.4,2244.4,2244.4,0,0.0,0.0,701,2244.4,0
1727068680000,2244.7999999999997,2244.7999999999997,2244.6,2244.6,3,2020200.0000000002,0.0,704,2244.4,0
1727068740000,2245.0,2245.0,2245.0,2245.0,1,673500.0,0.0,705,2244.6,0
1727068800000,2245.4,2245.4,2245.4,2245.4,1,673620.0,0.0,706,2245.0,0
1727068860000,2245.8,2245.8,2245.8,2245.8,3,2021220.0000000002,0.0,709,2245.4,0
1727068920000,2245.8,2245.8,2245.8,2245.8,0,0.0,0.0,709,2245.8,0
1727068980000,2245.8,2245.8,2245.4,2245.4,3,2021040.0000000002,0.0,712,2245.8,0
1727069040000,2245.4,2245.4,2245.4,2245.4,0,0.0,0.0,712,2245.4,0
1727069100000,2245.4,2245.4,2245.4,2245.4,0,0.0,0.0,712,2245.4,0
1727069160000,2245.4,2245.4,2245.4,2245.4,0,0.0,0.0,712,2245.4,0
1727069220000,2245.0,2245.0,2245.0,2245.0,2,1347000.0,0.0,714,2245.4,0
1727069280000,2245.0,2245.0,2245.0,2245.0,0,0.0,0.0,714,2245.0,0
1727069340000,2244.2000000000003,2244.2000000000003,2244.2000000000003,2244.2000000000003,1,673260.0,0.0,715,2245.0000000000005,0
1727069400000,2244.4,2244.4,2244.4,2244.4,1,673320.0,0.0,716,2244.2000000000003,0
1727069460000,2244.4,2244.4,2244.4,2244.4,0,0.0,0.0,716,2244.4,0
1727069520000,2244.2000000000003,2244.2000000000003,2244.2000000000003,2244.2000000000003,1,673260.0,0.0,717,2244.4,0
1727069580000,2244.2000000000003,2244.2000000000003,2244.2000000000003,2244.2000000000003,0,0.0,0.0,717,2244.2000000000003,0
1727069640000,2244.4,2244.4,2244.4,2244.4,2,1346640.0,0.0,719,2244.2000000000003,0
1727069700000,2244.2000000000003,2244.4,2244.2000000000003,2244.4,2,1346580.0,0.0,721,2244.4,0
1727069760000,2245.2000000000003,2245.4,2245.2000000000003,2245.4,3,2020740.0000000002,0.0,724,2244.4,0
1727069820000,2244.8,2244.8,2244.8,2244.8,1,673440.0,0.0,725,2245.4,0
1727069880000,2244.8,2244.8,2244.8,2244.8,0,0.0,0.0,725,2244.8,0
1727069940000,2244.8,2244.8,2244.8,2244.8,0,0.0,0.0,725,2244.8,0
1727070000000,2245.0,2245.0,2244.4,2244.4,2,1346820.0,0.0,727,2244.8,0
1727070060000,2244.4,2244.4,2244.4,2244.4,1,673320.0,0.0,728,2244.4,0
1727070120000,2244.4,2244.4,2244.4,2244.4,0,0.0,0.0,728,2244.4,0
1727070180000,2245.0,2245.0,2245.0,2245.0,1,673500.0,0.0,729,2244.4,0
1727070240000,2245.0,2245.0,2245.0,2245.0,0,0.0,0.0,729,2245.0,0
1727070300000,2244.2000000000003,2244.2000000000003,2244.2000000000003,2244.2000000000003,1,673260.0,0.0,730,2245.0000000000005,0
1727070360000,2243.8,2243.8,2243.2000000000003,2243.2000000000003,2,1346100.0,0.0,732,2244.2000000000003,0
1727070420000,2241.8,2241.8,2241.8,2241.8,1,672540.0,0.0,733,2243.2000000000003,0
1727070480000,2242.2,2242.2,2241.6,2241.6,4,2690340.0,0.0,737,2241.7999999999997,0
1727070540000,2240.8,2240.8,2240.8,2240.8,1,672240.0,0.0,738,2241.6000000000004,0
1727070600000,2240.8,2240.8,2240.8,2240.8,0,0.0,0.0,738,2240.8,0
1727070660000,2240.8,2240.8,2240.8,2240.8,0,0.0,0.0,738,2240.8,0
1727070720000,2241.2000000000003,2241.2000000000003,2241.2000000000003,2241.2000000000003,3,2016960.0000000002,0.0,741,2240.8,0
1727070780000,2241.0,2241.2,2240.6,2240.6,3,2016840.0000000002,0.0,743,2241.2,0
1727070840000,2240.6,2240.6,2240.6,2240.6,0,0.0,0.0,743,2240.6,0
1727070900000,2240.0,2240.0,2240.0,2240.0,1,672000.0,0.0,744,2240.6,0
1727070960000,2240.0,2240.0,2240.0,2240.0,0,0.0,0.0,744,2240.0,0
1727071020000,2240.0,2240.0,2240.0,2240.0,0,0.0,0.0,744,2240.0,0
1727071080000,2240.0,2240.0,2240.0,2240.0,0,0.0,0.0,744,2240.0,0
1727071140000,2240.0,2240.0,2240.0,2240.0,0,0.0,0.0,744,2240.0,0
1727071200000,2240.0,2240.0,2240.0,2240.0,0,0.0,0.0,744,2240.0,0
1727071260000,2239.8,2239.8,2239.8,2239.8,1,671940.0,0.0,745,2240.0,0
1727071320000,2240.0,2240.0,2240.0,2240.0,2,1344000.0,0.0,747,2239.8,0
1727071380000,2239.6,2239.6,2239.6,2239.6,1,671880.0,0.0,747,2240.0,0
1727071440000,2240.2000000000003,2240.2000000000003,2240.2000000000003,2240.2000000000003,1,672060.0,0.0,748,2239.6000000000004,0
1727071500000,2240.6,2240.6,2240.6,2240.6,1,672180.0,0.0,749,2240.2,0
1727071560000,2240.6,2240.6,2240.6,2240.6,0,0.0,0.0,749,2240.6,0
1727071620000,2240.6,2240.6,2240.6,2240.6,0,0.0,0.0,749,2240.6,0
1727071680000,2238.6,2238.6,2238.6,2238.6,3,2014740.0000000002,0.0,752,2240.6,0
1727071740000,2238.6,2239.4,2238.6,2239.4,2,1343400.0,0.0,754,2238.6,0
1727071800000,2238.8,2238.8,2238.8,2238.8,2,1343280.0,0.0,756,2239.4,0
1727071860000,2239.2000000000003,2239.2000000000003,2239.2000000000003,2239.2000000000003,1,671760.0,0.0,757,2238.8,0
1727071920000,2239.2000000000003,2239.2000000000003,2239.2000000000003,2239.2000000000003,0,0.0,0.0,757,2239.2000000000003,0
1727071980000,2239.2000000000003,2239.2000000000003,2239.2000000000003,2239.2000000000003,0,0.0,0.0,757,2239.2000000000003,0
1727072040000,2239.6000000000004,2239.6000000000004,2239.2000000000003,2239.2000000000003,3,2015520.0000000002,0.0,760,2239.2000000000003,0
1727072100000,2238.8,2238.8,2238.8,2238.8,3,2014800.0000000002,0.0,763,2239.2000000000003,0
1727072160000,2238.8,2238.8,2238.8,2238.8,2,1343280.0,0.0,765,2238.8,0
1727072220000,2238.8,2238.8,2238.8,2238.8,0,0.0,0.0,765,2238.8,0
1727072280000,2239.8,2240.0,2239.8,2240.0,2,1343940.0,0.0,767,2238.8,0
1727072340000,2240.0,2240.0,2240.0,2240.0,0,0.0,0.0,767,2240.0,0
1727072400000,2239.8,2239.8,2239.8,2239.8,1,671940.0,0.0,768,2240.0,0
1727072460000,2239.8,2240.4,2239.8,2240.4,5,3360180.0,0.0,773,2239.8,0
1727072520000,2240.4,2240.4,2240.4,2240.4,0,0.0,0.0,773,2240.4,0
1727072580000,2239.8,2239.8,2239.8,2239.8,1,671940.0,0.0,774,2240.4,0
1727072640000,2239.8,2239.8,2239.8,2239.8,0,0.0,0.0,774,2239.8,0
1727072700000,2239.8,2239.8,2239.8,2239.8,0,0.0,0.0,774,2239.8,0
1727072760000,2239.8,2239.8,2239.8,2239.8,0,0.0,0.0,774,2239.8,0
1727072820000,2239.8,2239.8,2239.8,2239.8,0,0.0,0.0,774,2239.8,0
1727072880000,2239.8,2239.8,2239.8,2239.8,0,0.0,0.0,774,2239.8,0
1727072940000,2239.8,2239.8,2239.8,2239.8,0,0.0,0.0,774,2239.8,0
1727073000000,2239.8,2239.8,2239.8,2239.8,0,0.0,0.0,774,2239.8,0
1727073060000,2240.2000000000003,2240.6000000000004,2240.2000000000003,2240.6000000000004,3,2016420.0000000002,0.0,777,2239.8,0
1727073120000,2241.2,2241.2,2240.6,2240.6,2,1344540.0,0.0,779,2240.6,0
1727073180000,2240.2000000000003,2240.2000000000003,2240.2000000000003,2240.2000000000003,1,672060.0,0.0,780,2240.6000000000004,0
1727073240000,2240.2000000000003,2240.2000000000003,2240.2000000000003,2240.2000000000003,0,0.0,0.0,780,2240.2000000000003,0
1727073300000,2239.4,2239.4,2239.4,2239.4,1,671820.0,0.0,781,2240.2000000000003,0
1727073360000,2240.4,2240.4,2239.6,2239.6,2,1344000.0,0.0,783,2239.4,0
1727073420000,2239.6,2239.6,2239.6,2239.6,0,0.0,0.0,783,2239.6,0
1727073480000,2239.6,2239.6,2239.6,2239.6,0,0.0,0.0,783,2239.6,0
1727073540000,2239.2000000000003,2239.2000000000003,2238.4,2238.4,4,2686860.0,0.0,787,2239.6,0
1727073600000,2238.4,2238.4,2238.4,2238.4,0,0.0,0.0,787,2238.4,0
1727073660000,2238.4,2238.4,2238.4,2238.4,0,0.0,0.0,787,2238.4,0
1727073720000,2238.4,2238.4,2238.4,2238.4,0,0.0,0.0,787,2238.4,0
1727073780000,2238.4,2238.4,2238.4,2238.4,0,0.0,0.0,787,2238.4,0
1727073840000,2238.4,2238.4,2238.4,2238.4,0,0.0,0.0,787,2238.4,0
1727073900000,2239.6,2240.6,2239.6,2240.6,4,2687940.0,0.0,791,2238.4,0
1727073960000,2240.6,2240.6,2240.6,2240.6,0,0.0,0.0,791,2240.6,0
1727074020000,2239.0,2239.0,2239.0,2239.0,1,671700.0,0.0,792,2240.6,0
1727074080000,2239.0,2239.0,2239.0,2239.0,0,0.0,0.0,792,2239.0,0
1727074140000,2239.0,2239.0,2239.0,2239.0,0,0.0,0.0,792,2239.0,0
1727074200000,2239.0,2239.0,2239.0,2239.0,0,0.0,0.0,792,2239.0,0
1727074260000,2240.2,2240.2,2240.0,2240.2,3,2016120.0000000002,0.0,795,2239.0,0
1727074320000,2240.0,2240.0,2240.0,2240.0,1,672000.0,0.0,796,2240.2,0
1727074380000,2240.0,2240.2,2240.0,2240.2,2,1344060.0,0.0,798,2240.0,0
1727074440000,2240.2000000000003,2240.2000000000003,2240.2000000000003,2240.2000000000003,1,672060.0,0.0,799,2240.2000000000003,0
1727074500000,2240.4,2240.6,2240.4,2240.6,2,1344300.0,0.0,801,2240.2000000000003,0
1727074560000,2240.6000000000004,2240.8,2240.2000000000003,2240.2000000000003,5,3360840.0,0.0,806,2240.6000000000004,0
1727074620000,2240.0,2240.4,2239.8,2239.8,10,6720540.0,0.0,816,2240.2000000000003,0
1727074680000,2239.8,2240.6000000000004,2239.8,2240.6000000000004,3,2016240.0000000002,0.0,819,2239.8,0
1727074740000,2240.0,2240.0,2239.8,2239.8,2,1343940.0,0.0,821,2240.6000000000004,0
1727074800000,2239.8,2240.6,2239.0,2239.4,16,10750740.000000002,2239.8,837,2239.8,0
1727141400000,2271.6,2271.6,2271.6,2271.6,1,681480.0,0.0,837,2239.4,0
1727141460000,2271.4,2271.4,2263.8,2268.0,67,45576300.0,0.0,849,2271.6000000000004,0
1727141520000,2269.4,2271.2000000000003,2268.8,2269.4,33,22471800.0,0.0,835,2268.0,0
1727141580000,2269.4,2270.0,2267.8,2268.8,19,12934080.0,0.0,836,2269.4,0
1727141640000,2265.4,2265.6,2261.4,2262.2000000000003,14,9507780.0,0.0,825,2268.8,0
1727141700000,2261.2000000000003,2264.2000000000003,2261.2000000000003,2263.4,25,16970640.0,0.0,819,2262.2000000000003,0
1727141760000,2263.6,2265.2,2263.0,2263.0,6,4075320.0000000005,0.0,816,2263.4,0
1727141820000,2264.8,2266.6000000000004,2264.8,2266.6000000000004,6,4078680.0000000005,0.0,818,2263.0,0
1727141880000,2267.8,2269.6000000000004,2267.8,2269.2000000000003,8,5444940.000000001,0.0,820,2266.6000000000004,0
1727141940000,2271.0000000000005,2271.4,2267.2000000000003,2267.2000000000003,11,7489680.000000001,0.0,821,2269.2000000000003,0
1727142000000,2268.2000000000003,2268.2000000000003,2266.4,2267.0,13,8842200.0,0.0,816,2267.2000000000003,0
1727142060000,2266.0,2267.6000000000004,2265.8,2267.6000000000004,6,4080180.0000000005,0.0,815,2267.0,0
1727142120000,2267.6,2267.6,2266.6,2266.6,5,3400620.0,0.0,813,2267.6,0
1727142180000,2267.4,2268.0,2267.0,2267.8,11,7483020.000000001,0.0,814,2266.6,0
1727142240000,2267.4,2268.8,2266.8,2266.8,3,2040900.0000000002,0.0,812,2267.8,0
1727142300000,2268.6,2268.8,2266.4,2268.0,7,4762320.000000001,0.0,813,2266.8,0
1727142360000,2268.6,2269.2,2267.0,2267.4,10,6803460.0,0.0,811,2268.0,0
1727142420000,2266.6,2266.7999999999997,2266.6,2266.7999999999997,3,2040060.0000000002,0.0,810,2267.4,0
1727142480000,2266.6000000000004,2266.6000000000004,2261.2000000000003,2261.2000000000003,20,13581240.0,0.0,819,2266.8,0
1727142540000,2261.8,2262.6,2261.0,2262.0,14,9499440.000000002,0.0,816,2261.2,0
1727142600000,2261.6,2261.6,2259.4,2259.6,10,6781260.0,0.0,817,2262.0,0
1727142660000,2258.2000000000003,2261.6,2257.4,2261.6,18,12200640.000000002,0.0,818,2259.6,0
1727142720000,2261.6000000000004,2262.0000000000005,2260.2000000000003,2260.8,12,8139540.000000001,0.0,822,2261.6000000000004,0
1727142780000,2261.4,2262.6000000000004,2261.2000000000003,2261.2000000000003,12,8142360.000000001,0.0,819,2260.8,0
1727142840000,2262.0,2262.0,2262.0,2262.0,4,2714400.0,0.0,823,2261.2,0
1727142900000,2261.2,2261.2,2259.6,2259.6,6,4068840.0000000005,0.0,818,2262.0,0
1727142960000,2259.4,2259.6000000000004,2258.8,2259.6000000000004,4,2711100.0,0.0,815,2259.6000000000004,0
1727143020000,2259.6,2259.6,2259.0,2259.0,7,4744500.000000001,0.0,813,2259.6,0
1727143080000,2258.7999999999997,2259.0,2258.6,2259.0,6,4065780.0000000005,0.0,812,2259.0,0
1727143140000,2260.2000000000003,2260.2000000000003,2260.2000000000003,2260.2000000000003,4,2712240.0,0.0,815,2259.0000000000005,0
1727143200000,2260.6,2260.8,2259.0,2259.0,11,7457520.0,0.0,817,2260.2,0
1727143260000,2259.0,2259.0,2259.0,2259.0,0,0.0,0.0,817,2259.0,0
1727143320000,2256.7999999999997,2257.0,2256.6,2256.6,8,5416140.000000001,0.0,816,2259.0,0
1727143380000,2255.2000000000003,2255.8,2254.2000000000003,2255.2000000000003,24,16236720.000000002,0.0,817,2256.6000000000004,0
1727143440000,2255.6,2256.0,2254.0,2256.0,10,6763920.0,0.0,816,2255.2,0
1727143500000,2255.4,2256.6,2255.4,2255.8,10,6768480.0,0.0,815,2256.0,0
1727143560000,2256.0,2257.8,2256.0,2257.8,10,6770220.0,0.0,817,2255.8,0
1727143620000,2257.6,2259.0,2257.6,2258.4,7,4742340.0,0.0,816,2257.7999999999997,0
1727143680000,2258.2000000000003,2258.4,2258.2000000000003,2258.4,8,5420040.0,0.0,815,2258.4,0
1727143740000,2258.7999999999997,2259.2,2258.6,2258.6,7,4743600.0,0.0,817,2258.4,0
1727143800000,2258.6,2259.6,2258.4,2258.4,11,7454760.0,0.0,823,2258.6,0
1727143860000,2259.0,2259.0,2257.6,2257.6,4,2709720.0,0.0,822,2258.4,0
1727143920000,2258.0,2259.0,2258.0,2259.0,5,3387900.0,0.0,820,2257.6,0
1727143980000,2260.0,2261.6,2260.0,2261.0,10,6783300.0,0.0,822,2259.0,0
1727144040000,2261.0000000000005,2261.2000000000003,2260.2000000000003,2260.2000000000003,9,6103980.0,0.0,824,2261.0000000000005,0
1727144100000,2260.6,2262.7999999999997,2260.6,2262.7999999999997,16,10856760.000000002,0.0,831,2260.2,0
1727144160000,2261.4,2261.4,2261.4,2261.4,2,1356840.0,0.0,831,2262.8,0
1727144220000,2261.4,2261.4,2259.8,2259.8,8,5425200.0,0.0,834,2261.4,0
1727144280000,2258.8,2258.8,2258.4,2258.4,3,2032800.0000000002,0.0,833,2259.8,0
1727144340000,2259.2000000000003,2260.6000000000004,2259.2000000000003,2260.2000000000003,5,3390300.0,0.0,832,2258.4,0
1727144400000,2261.0,2261.0,2260.6,2260.6,3,2034660.0000000002,0.0,834,2260.2,0
1727144460000,2260.0,2260.0,2260.0,2260.0,1,678000.0,0.0,834,2260.6,0
1727144520000,2260.2000000000003,2260.6000000000004,2260.2000000000003,2260.6000000000004,2,1356240.0,0.0,836,2260.0000000000005,0
1727144580000,2260.4,2260.4,2260.2000000000003,2260.2000000000003,2,1356180.0,0.0,837,2260.6000000000004,0
1727144640000,2260.2000000000003,2260.2000000000003,2260.2000000000003,2260.2000000000003,0,0.0,0.0,837,2260.2000000000003,0
1727144700000,2259.4,2259.4,2259.2000000000003,2259.2000000000003,2,1355580.0,0.0,837,2260.2000000000003,0
1727144760000,2258.6,2258.8,2258.4,2258.4,6,4065600.0000000005,0.0,838,2259.2000000000003,0
1727144820000,2257.0,2257.0,2257.0,2257.0,1,677100.0,0.0,838,2258.4,0
1727144880000,2257.2000000000003,2258.2000000000003,2257.2000000000003,2257.8,3,2031960.0000000002,0.0,838,2257.0000000000005,0
1727144940000,2257.8,2257.8,2257.8,2257.8,0,0.0,0.0,838,2257.8,0
1727145000000,2257.2000000000003,2257.2000000000003,2256.8,2256.8,2,1354200.0,0.0,838,2257.8,0
1727145060000,2256.8,2256.8,2256.8,2256.8,1,677040.0,0.0,838,2256.8,0
1727145120000,2257.2000000000003,2257.2000000000003,2257.2000000000003,2257.2000000000003,1,677160.0,0.0,838,2256.8,0
1727145180000,2256.4,2256.4,2256.4,2256.4,1,676920.0,0.0,837,2257.2000000000003,0
1727145240000,2257.2000000000003,2258.4,2257.2000000000003,2258.4,5,3387240.0,0.0,842,2256.4,0
1727145300000,2257.6,2257.6,2257.4,2257.4,3,2031780.0000000002,0.0,843,2258.4,0
1727145360000,2257.0,2257.0,2257.0,2257.0,2,1354200.0,0.0,843,2257.4,0
1727145420000,2256.7999999999997,2256.7999999999997,2256.6,2256.6,2,1354020.0,0.0,845,2257.0,0
1727145480000,2256.4,2256.4,2256.2000000000003,2256.2000000000003,2,1353780.0,0.0,846,2256.6000000000004,0
1727145540000,2257.6,2257.6,2257.6,2257.6,1,677280.0,0.0,845,2256.2,0
1727145600000,2257.8,2258.8,2257.4,2257.4,10,6774000.0,0.0,847,2257.6,0
1727145660000,2257.8,2258.4,2257.8,2258.4,2,1354860.0,0.0,848,2257.4,0
1727145720000,2258.8,2259.2000000000003,2258.8,2259.2000000000003,12,8132880.000000001,0.0,852,2258.4,0
1727145780000,2259.6,2259.7999999999997,2259.6,2259.7999999999997,3,2033760.0000000002,0.0,853,2259.2,0
1727145840000,2260.2000000000003,2262.2000000000003,2260.2000000000003,2262.2000000000003,11,7461840.000000001,0.0,855,2259.8,0
1727145900000,2262.6,2263.4,2262.4,2263.4,11,7467600.000000001,0.0,858,2262.2000000000003,0
1727145960000,2263.8,2265.2000000000003,2263.8,2264.0,18,12229680.0,0.0,864,2263.4,0
1727146020000,2264.6,2269.7999999999997,2264.6,2269.7999999999997,28,19047420.0,0.0,876,2264.0,0
1727146080000,2269.6,2272.6,2269.6,2272.6,13,8855940.0,0.0,886,2269.7999999999997,0
1727146140000,2273.4,2274.6,2272.6,2274.6,11,7503720.0,0.0,891,2272.6,0
1727146200000,2275.2,2275.2,2271.6,2271.6,17,11595600.0,0.0,895,2274.6,0
1727146260000,2272.2000000000003,2272.4,2268.2000000000003,2268.6000000000004,13,8850900.000000002,0.0,899,2271.6000000000004,0
1727146320000,2266.8,2269.8,2266.8,2269.8,6,4082760.0000000005,0.0,900,2268.6000000000004,0
1727146380000,2269.8,2271.0,2269.8,2271.0,6,4086180.0000000005,0.0,902,2269.8,0
1727146440000,2269.2,2269.2,2268.0,2268.0,2,1361160.0,0.0,903,2271.0,0
1727146500000,2268.0,2268.6,2268.0,2268.6,3,2041380.0000000002,0.0,906,2268.0,0
1727146560000,2267.2000000000003,2267.2000000000003,2267.2000000000003,2267.2000000000003,2,1360320.0,0.0,908,2268.6000000000004,0
1727146620000,2268.2000000000003,2268.2000000000003,2268.2000000000003,2268.2000000000003,1,680460.0,0.0,908,2267.2000000000003,0
1727146680000,2268.8,2270.8,2268.8,2270.8,3,2042700.0000000002,0.0,910,2268.2000000000003,0
1727146740000,2272.2000000000003,2275.6000000000004,2272.2000000000003,2275.6000000000004,13,8867520.0,0.0,920,2270.8,0
1727146800000,2276.4,2276.6,2275.6,2275.6,7,4779660.0,0.0,925,2275.6,0
1727146860000,2274.8,2277.8,2274.8,2276.6000000000004,7,4780380.000000001,0.0,932,2275.6000000000004,0
1727146920000,2276.4,2276.4,2274.0,2274.2,10,6825060.0,0.0,939,2276.6,0
1727146980000,2274.6,2274.6,2274.6,2274.6,1,682380.0,0.0,940,2274.2,0
1727147040000,2275.0,2277.4,2275.0,2276.2,13,8876820.000000002,0.0,947,2274.6,0
1727147100000,2274.8,2277.0,2274.8,2275.4,6,4096560.0000000005,0.0,952,2276.2000000000003,0
1727147160000,2276.8,2276.8,2276.2000000000003,2276.2000000000003,2,1365900.0,0.0,954,2275.4,0
1727147220000,2276.6,2276.6,2275.6,2276.4,5,3414120.0,0.0,957,2276.2,0
1727147280000,2275.4,2277.6,2275.4,2277.6,6,4097100.0000000005,0.0,963,2276.4,0
1727147340000,2277.4,2277.4,2277.4,2277.4,1,683220.0,0.0,964,2277.6,0
1727147400000,2278.0,2280.6,2278.0,2280.6,23,15728700.000000002,0.0,981,2277.4,0
1727147460000,2280.0,2282.2,2280.0,2280.2,28,19155900.0,0.0,987,2280.6,0
1727147520000,2281.2000000000003,2283.0000000000005,2281.2000000000003,2282.4,13,8900880.0,0.0,995,2280.2000000000003,0
1727147580000,2282.8,2284.4,2282.8,2284.4,6,4110300.0000000005,0.0,998,2282.4,0
1727147640000,2284.8,2284.8,2281.4,2281.4,4,2740620.0,0.0,1000,2284.4,0
1727147700000,2281.4,2282.2000000000003,2280.8,2280.8,6,4107060.0000000005,0.0,1005,2281.4,0
1727147760000,2281.2000000000003,2282.4,2281.2000000000003,2282.4,10,6845160.0,0.0,1014,2280.8,0
1727147820000,2281.0,2282.0,2280.8,2282.0,4,2737560.0,0.0,1017,2282.4,0
1727147880000,2283.0,2287.2,2283.0,2287.2,18,12340080.0,0.0,1028,2282.0,0
1727147940000,2287.7999999999997,2287.7999999999997,2284.6,2284.6,11,7544880.0,0.0,1038,2287.2,0
1727148000000,2285.8,2286.8,2285.8,2285.8,14,9600780.0,0.0,1039,2284.6000000000004,0
1727148060000,2287.2000000000003,2288.0000000000005,2287.2000000000003,2288.0000000000005,5,3431340.0,0.0,1043,2285.8,0
1727148120000,2286.8,2290.2000000000003,2286.8,2290.2000000000003,9,6176700.0,0.0,1049,2288.0,0
1727148180000,2290.0,2291.0,2289.8,2291.0,4,2748540.0,0.0,1052,2290.2000000000003,0
1727148240000,2291.8,2293.8,2291.8,2293.6000000000004,14,9630960.000000002,0.0,1054,2291.0,0
1727148300000,2293.2000000000003,2298.0000000000005,2293.2000000000003,2297.2000000000003,23,15841980.000000002,0.0,1062,2293.6000000000004,0
1727148360000,2297.2000000000003,2297.2000000000003,2292.4,2292.4,14,9639180.000000002,0.0,1072,2297.2000000000003,0
1727148420000,2293.6,2294.7999999999997,2293.6,2294.7999999999997,2,1376520.0,0.0,1074,2292.4,0
1727148480000,2295.4,2296.0000000000005,2293.2000000000003,2294.6000000000004,20,13770840.0,0.0,1087,2294.8,0
1727148540000,2295.4,2297.8,2295.4,2297.8,14,9644160.0,0.0,1096,2294.6,0
1727148600000,2296.6,2297.4,2296.6,2297.4,5,3445380.0,0.0,1100,2297.7999999999997,0
1727154060000,2298.2000000000003,2329.4,2298.2000000000003,2327.2000000000003,93,64628280.00000001,0.0,1173,2297.4,0
1727154120000,2329.6000000000004,2329.6000000000004,2316.2000000000003,2323.8,62,43193880.00000001,0.0,1229,2327.2000000000003,0
1727154180000,2324.4,2330.6,2324.4,2327.6,11,7678620.0,0.0,1237,2323.8,0
1727154240000,2327.6000000000004,2327.6000000000004,2320.2000000000003,2320.4,34,23690880.000000004,0.0,1267,2327.6000000000004,0
1727154300000,2321.0,2322.0,2319.4,2320.4,18,12531420.0,0.0,1284,2320.4,0
1727154360000,2323.4,2323.4,2318.6,2319.2,12,8355300.000000001,0.0,1294,2320.4,0
1727154420000,2318.0,2322.0,2317.8,2322.0,21,14610000.000000002,0.0,1306,2319.2000000000003,0
1727154480000,2322.0,2323.6,2321.4,2323.6,8,5573040.0,0.0,1312,2322.0,0
1727154540000,2323.7999999999997,2327.2,2323.6,2326.2,11,7672860.000000001,0.0,1317,2323.6,0
1727154600000,2326.8,2333.0,2326.8,2333.0,12,8385600.000000001,0.0,1325,2326.2000000000003,0
1727154660000,2334.4,2334.4,2328.4,2328.4,17,11887560.0,0.0,1338,2333.0,0
1727154720000,2328.0,2332.0,2327.8,2331.4,6,4193640.0000000005,0.0,1344,2328.4,0
1727154780000,2331.4,2331.4,2328.0,2329.2,13,9084600.000000002,0.0,1352,2331.4,0
1727154840000,2329.2000000000003,2329.8,2326.2000000000003,2326.2000000000003,13,9080460.0,0.0,1361,2329.2000000000003,0
1727154900000,2327.6,2328.7999999999997,2327.6,2328.6,11,7683540.000000001,0.0,1369,2326.2,0
1727154960000,2328.6,2328.6,2326.4,2326.4,5,3491280.0,0.0,1371,2328.6,0
1727155020000,2327.8,2328.0,2323.8,2324.8,16,11165280.0,0.0,1377,2326.4,0
1727155080000,2323.0,2325.6,2323.0,2323.0,22,15337500.000000002,0.0,1387,2324.8,0
1727155140000,2325.0,2325.0,2325.0,2325.0,3,2092500.0000000002,0.0,1388,2323.0,0
1727155200000,2324.0000000000005,2324.0000000000005,2322.2000000000003,2322.2000000000003,8,5575440.0,0.0,1395,2325.0000000000005,0
1727155260000,2321.4,2324.8,2321.4,2324.8,5,3484980.0,0.0,1400,2322.2000000000003,0
1727155320000,2324.8,2324.8,2324.8,2324.8,1,697440.0,0.0,1401,2324.8,0
1727155380000,2325.0000000000005,2325.6000000000004,2324.2000000000003,2325.6000000000004,8,5580360.0,0.0,1405,2324.8,0
1727155440000,2326.4,2330.4,2326.2000000000003,2330.4,5,3491580.0,0.0,1410,2325.6000000000004,0
1727155500000,2332.8,2332.8,2332.0,2332.2,29,20289420.0,0.0,1417,2330.4,0
1727155560000,2331.0,2332.2000000000003,2328.8,2328.8,40,27976140.0,0.0,1418,2332.2000000000003,0
1727155620000,2328.8,2328.8,2328.8,2328.8,0,0.0,0.0,1418,2328.8,0
1727155680000,2331.0,2331.0,2331.0,2331.0,1,699300.0,0.0,1419,2328.8,0
1727155740000,2330.4,2330.4,2330.4,2330.4,2,1398240.0,0.0,1420,2331.0,0
1727155800000,2330.4,2330.4,2330.4,2330.4,0,0.0,0.0,1420,2330.4,0
1727155860000,2331.6,2331.6,2331.6,2331.6,1,699480.0,0.0,1421,2330.4,0
1727155920000,2330.8,2331.2000000000003,2329.2000000000003,2331.2000000000003,7,4893120.0,0.0,1421,2331.6000000000004,0
1727155980000,2330.6,2330.6,2330.6,2330.6,1,699180.0,0.0,1422,2331.2,0
1727156040000,2331.8,2337.0,2331.8,2337.0,25,17504280.0,0.0,1438,2330.6000000000004,0
1727156100000,2336.6000000000004,2337.6000000000004,2335.2000000000003,2335.6000000000004,9,6306840.0,0.0,1443,2337.0000000000005,0
1727156160000,2336.6,2337.6,2336.6,2336.6,5,3505620.0,0.0,1446,2335.6,0
1727156220000,2336.6,2338.7999999999997,2335.6,2335.6,4,2804280.0,0.0,1447,2336.6,0
1727156280000,2338.8,2338.8,2338.8,2338.8,2,1403280.0,0.0,1447,2335.6000000000004,0
1727156340000,2337.2000000000003,2344.4,2337.2000000000003,2344.4,21,14761140.0,0.0,1461,2338.8,0
1727156400000,2342.6,2342.6,2340.0,2340.0,2,1404780.0,0.0,1462,2344.4,0
1727156460000,2340.2,2341.0,2338.0,2338.8,12,8421120.000000002,0.0,1471,2340.0,0
1727156520000,2342.4,2342.4,2342.4,2342.4,2,1405440.0,0.0,1471,2338.8,0
1727156580000,2343.0,2345.4,2341.8,2345.0,16,11251980.0,0.0,1480,2342.4,0
1727156640000,2344.0,2345.6,2342.0,2342.0,14,9843780.0,0.0,1489,2345.0,0
1727156700000,2341.0,2341.0,2341.0,2341.0,1,702300.0,0.0,1490,2342.0,0
1727156760000,2338.8,2338.8,2338.0,2338.0,5,3507240.0,0.0,1495,2341.0,0
1727156820000,2338.0,2338.6,2337.4,2338.4,12,8416560.000000002,0.0,1505,2338.0,0
1727156880000,2338.4,2338.4,2338.4,2338.4,0,0.0,0.0,1505,2338.4,0
1727156940000,2338.8,2338.8,2338.8,2338.8,1,701640.0,0.0,1506,2338.4,0
1727157000000,2338.8,2344.4,2338.8,2342.2000000000003,7,4916400.000000001,0.0,1507,2338.8,0
1727157060000,2343.2000000000003,2343.2000000000003,2343.2000000000003,2343.2000000000003,1,702960.0,0.0,1508,2342.2000000000003,0
1727157120000,2342.6,2343.0,2342.6,2343.0,2,1405680.0,0.0,1509,2343.2,0
1727157180000,2341.8,2343.6000000000004,2341.8,2343.6000000000004,2,1405620.0,0.0,1510,2343.0,0
1727157240000,2344.2000000000003,2344.2000000000003,2344.2000000000003,2344.2000000000003,9,6329340.0,0.0,1517,2343.6000000000004,0
1727157300000,2344.4,2346.2,2344.0,2344.2,13,9148380.0,0.0,1529,2344.2,0
1727157360000,2345.2000000000003,2345.2000000000003,2343.2000000000003,2343.2000000000003,7,4923300.0,0.0,1532,2344.2000000000003,0
1727157420000,2343.4,2343.4,2342.0,2342.0,3,2108340.0000000005,0.0,1533,2343.2,0
1727157480000,2338.0,2341.0,2338.0,2341.0,3,2105940.0000000005,0.0,1535,2342.0,0
1727157540000,2341.0,2341.0,2341.0,2341.0,0,0.0,0.0,1535,2341.0,0
1727157600000,2341.0,2341.0,2341.0,2341.0,0,0.0,0.0,1535,2341.0,0
1727157660000,2341.0,2341.0,2341.0,2341.0,0,0.0,0.0,1535,2341.0,0
1727157720000,2341.0,2341.0,2341.0,2341.0,0,0.0,0.0,1535,2341.0,0
1727157780000,2341.0,2341.0,2341.0,2341.0,0,0.0,0.0,1535,2341.0,0
1727157840000,2340.8,2340.8,2339.2000000000003,2339.2000000000003,2,1404000.0,0.0,1535,2341.0000000000005,0
1727157900000,2339.2000000000003,2339.2000000000003,2339.2000000000003,2339.2000000000003,0,0.0,0.0,1535,2339.2000000000003,0
1727157960000,2338.7999999999997,2338.7999999999997,2338.6,2338.6,3,2104800.0000000005,0.0,1538,2339.2,0
1727158020000,2336.4,2336.4,2335.8,2335.8,7,4906200.000000001,0.0,1540,2338.6000000000004,0
1727158080000,2333.8,2334.8,2333.8,2334.8,4,2801340.0,0.0,1541,2335.8,0
1727158140000,2334.2000000000003,2334.2000000000003,2334.2000000000003,2334.2000000000003,1,700260.0,0.0,1541,2334.8,0
1727158200000,2335.6,2335.6,2335.6,2335.6,2,1401360.0,0.0,1542,2334.2,0
1727158260000,2333.8,2336.0,2333.8,2336.0,3,2101740.0000000005,0.0,1544,2335.6000000000004,0
1727158320000,2339.8,2339.8,2337.2000000000003,2337.2000000000003,3,2104980.0000000005,0.0,1547,2336.0000000000005,0
1727158380000,2337.8,2337.8,2337.8,2337.8,1,701340.0,0.0,1548,2337.2000000000003,0
1727158440000,2337.0,2337.0,2337.0,2337.0,2,1402200.0,0.0,1550,2337.8,0
1727158500000,2337.6,2337.6,2337.6,2337.6,1,701280.0,0.0,1550,2337.0,0
1727158560000,2337.6,2337.6,2337.6,2337.6,0,0.0,0.0,1550,2337.6,0
1727158620000,2336.8,2336.8,2336.8,2336.8,1,701040.0,0.0,1551,2337.6000000000004,0
1727158680000,2337.2000000000003,2337.6000000000004,2337.2000000000003,2337.6000000000004,4,2804880.0,0.0,1553,2336.8,0
1727158740000,2339.4,2340.0,2339.4,2340.0,11,7721820.000000001,0.0,1562,2337.6,0
1727158800000,2340.0,2340.0,2340.0,2340.0,0,0.0,0.0,1562,2340.0,0
1727158860000,2341.0,2341.0,2341.0,2341.0,1,702300.0,0.0,1563,2340.0,0
1727158920000,2341.0,2341.0,2341.0,2341.0,0,0.0,0.0,1563,2341.0,0
1727158980000,2337.6,2337.6,2337.6,2337.6,1,701280.0,0.0,1563,2341.0,0
1727159040000,2337.6,2337.6,2337.6,2337.6,0,0.0,0.0,1563,2337.6,0
1727159100000,2338.4,2339.8,2338.4,2339.8,3,2105400.0000000005,0.0,1565,2337.6,0
1727159160000,2339.8,2339.8,2339.8,2339.8,0,0.0,0.0,1565,2339.8,0
1727159220000,2339.8,2339.8,2339.8,2339.8,0,0.0,0.0,1565,2339.8,0
1727159280000,2339.8,2339.8,2339.8,2339.8,0,0.0,0.0,1565,2339.8,0
1727159340000,2341.6,2341.7999999999997,2341.6,2341.7999999999997,3,2107500.0000000005,0.0,1568,2339.7999999999997,0
1727159400000,2342.4,2342.8,2342.4,2342.8,2,1405560.0,0.0,1570,2341.8,0
1727159460000,2342.8,2342.8,2342.8,2342.8,0,0.0,0.0,1570,2342.8,0
1727159520000,2342.8,2342.8,2342.8,2342.8,0,0.0,0.0,1570,2342.8,0
1727159580000,2342.8,2342.8,2342.8,2342.8,0,0.0,0.0,1570,2342.8,0
1727159640000,2345.8,2346.6000000000004,2345.8,2346.6000000000004,4,2815380.0,0.0,1572,2342.8,0
1727159700000,2347.4,2348.2000000000003,2347.4,2348.2000000000003,6,4225560.000000001,0.0,1578,2346.6,0
1727159760000,2348.2000000000003,2348.2000000000003,2348.2000000000003,2348.2000000000003,0,0.0,0.0,1578,2348.2000000000003,0
1727159820000,2349.2000000000003,2349.2000000000003,2349.2000000000003,2349.2000000000003,1,704760.0,0.0,1578,2348.2000000000003,0
1727159880000,2349.0,2349.0,2347.6,2347.6,3,2113680.0000000005,0.0,1580,2349.2,0
1727159940000,2349.0,2349.0,2349.0,2349.0,1,704700.0,0.0,1581,2347.6,0
1727160000000,2349.0,2349.0,2349.0,2349.0,0,0.0,0.0,1581,2349.0,0
1727160060000,2349.0,2349.0,2349.0,2349.0,0,0.0,0.0,1581,2349.0,0
1727160120000,2351.6,2351.7999999999997,2351.6,2351.7999999999997,2,1411020.0,0.0,1583,2349.0,0
1727160180000,2351.8,2351.8,2350.0,2350.0,4,2821140.0,0.0,1586,2351.8,0
1727160240000,2348.6000000000004,2348.6000000000004,2348.2000000000003,2348.2000000000003,5,3522780.0,0.0,1590,2350.0000000000005,0
1727160300000,2347.6,2348.7999999999997,2347.6,2348.7999999999997,2,1408920.0,0.0,1591,2348.2,0
1727160360000,2348.4,2349.4,2348.2000000000003,2349.4,10,7046160.0,0.0,1600,2348.8,0
1727160420000,2349.4,2349.4,2349.4,2349.4,0,0.0,0.0,1600,2349.4,0
1727160480000,2347.2000000000003,2347.2000000000003,2347.2000000000003,2347.2000000000003,2,1408320.0,0.0,1602,2349.4,0
1727160540000,2347.2000000000003,2347.2000000000003,2347.2000000000003,2347.2000000000003,0,0.0,0.0,1602,2347.2000000000003,0
1727160600000,2350.7999999999997,2350.7999999999997,2348.6,2348.6,4,2819040.0,0.0,1605,2347.2,0
1727160660000,2348.6,2348.6,2348.6,2348.6,0,0.0,0.0,1605,2348.6,0
1727160720000,2350.4,2353.0,2350.4,2352.8,19,13402920.000000002,0.0,1616,2348.6,0
1727160780000,2355.0,2357.2,2355.0,2357.2,2,1413660.0,0.0,1617,2352.8,0
1727160840000,2355.0,2356.2,2355.0,2356.2,2,1413360.0,0.0,1618,2357.2,0
1727160900000,2354.6,2356.6,2354.6,2355.4,17,12014100.000000002,0.0,1633,2356.2,0
1727160960000,2355.6000000000004,2357.0000000000005,2355.2000000000003,2355.2000000000003,5,3533700.0,0.0,1635,2355.4,0
1727161020000,2355.4,2358.0,2355.4,2357.8,13,9192120.0,0.0,1632,2355.2000000000003,0
1727161080000,2359.8,2360.2000000000003,2358.8,2360.2000000000003,8,5662380.000000001,0.0,1634,2357.8,0
1727161140000,2360.8,2360.8,2359.2000000000003,2360.6000000000004,26,18409140.0,0.0,1656,2360.2000000000003,0
1727161200000,2360.4,2363.6000000000004,2359.8,2363.6000000000004,28,19833000.000000004,2350.8,1675,2360.6000000000004,0
1727227800000,2404.0,2404.0,2404.0,2404.0,9,6490800.0,0.0,1674,2363.6,0
1727227860000,2406.6,2419.0,2400.6,2419.0,300,216859560.0,0.0,1690,2404.0,0
1727227920000,2419.2000000000003,2425.0,2415.8,2424.6000000000004,177,128529539.99999999,0.0,1679,2419.0,0
1727227980000,2424.8,2437.6000000000004,2424.8,2426.8,105,76565340.0,0.0,1656,2424.6000000000004,0
1727228040000,2426.6000000000004,2432.8,2414.2000000000003,2414.2000000000003,89,64747620.0,0.0,1645,2426.8,0
1727228100000,2414.0,2420.8,2414.0,2418.8,105,76187100.0,0.0,1654,2414.2,0
1727228160000,2420.2,2425.0,2418.0,2419.4,95,68981100.0,0.0,1672,2418.8,0
1727228220000,2419.4,2419.6000000000004,2412.2000000000003,2412.2000000000003,32,23197500.0,0.0,1673,2419.4,0
1727228280000,2414.6,2416.6,2411.6,2411.6,38,27525720.000000004,0.0,1663,2412.2,0
1727228340000,2413.6,2423.0,2413.6,2423.0,13,9430080.0,0.0,1661,2411.6,0
1727228400000,2423.2,2430.4,2421.6,2430.4,80,58210440.0,0.0,1689,2423.0,0
1727228460000,2430.0,2436.6,2430.0,2435.0,28,20435820.000000004,0.0,1697,2430.4,0
1727228520000,2434.8,2434.8,2426.8,2426.8,37,26968680.000000004,0.0,1701,2435.0,0
1727228580000,2426.4,2426.4,2422.2000000000003,2423.2000000000003,40,29090460.0,0.0,1698,2426.8,0
1727228640000,2423.6,2425.0,2420.4,2421.0,70,50872620.0,0.0,1729,2423.2000000000003,0
1727228700000,2421.0,2421.8,2418.0,2418.0,32,23227140.000000004,0.0,1751,2421.0,0
1727228760000,2418.8,2418.8,2409.0,2409.0,50,36203280.0,0.0,1768,2418.0,0
1727228820000,2409.6,2414.4,2408.4,2414.4,107,77444160.0,0.0,1821,2409.0,0
1727228880000,2416.0000000000005,2416.0000000000005,2409.2000000000003,2409.4,64,46302240.00000001,0.0,1858,2414.4,0
1727228940000,2410.6,2411.7999999999997,2406.6,2407.4,47,33958020.0,0.0,1887,2409.4,0
1727229000000,2406.7999999999997,2408.0,2402.6,2406.4,30,21649080.0,0.0,1896,2407.4,0
1727229060000,2404.4,2408.8,2403.8,2408.4,48,34650420.00000001,0.0,1914,2406.4,0
1727229120000,2410.0,2411.2,2407.0,2409.6,45,32516580.0,0.0,1951,2408.4,0
1727229180000,2410.0,2412.4,2409.0,2412.4,39,28201260.0,0.0,1981,2409.6,0
1727229240000,2412.2000000000003,2416.8,2411.8,2415.6000000000004,54,39115800.00000001,0.0,2021,2412.4,0
1727229300000,2415.8,2415.8,2410.8,2412.0,33,23882220.0,0.0,2041,2415.6000000000004,0
1727229360000,2411.4,2412.2000000000003,2408.8,2409.6000000000004,25,18078120.0,0.0,2059,2412.0,0
1727229420000,2411.2,2411.2,2409.6,2410.0,24,17353980.000000004,0.0,2073,2409.6,0
1727229480000,2411.6,2419.2,2411.6,2415.7999999999997,39,28249320.000000004,0.0,2095,2410.0,0
1727229540000,2415.4,2416.8,2415.2000000000003,2415.4,20,14494260.0,0.0,2110,2415.8,0
1727229600000,2417.4,2418.2000000000003,2416.2000000000003,2416.8,21,15228060.0,0.0,2127,2415.4,0
1727229660000,2416.6,2417.0,2413.4,2413.4,37,26811780.0,0.0,2154,2416.8,0
1727229720000,2413.0,2417.0,2413.0,2414.0,21,15211500.000000002,0.0,2172,2413.4,0
1727229780000,2413.0,2415.4,2412.8,2413.4,12,8690040.000000002,0.0,2180,2414.0,0
1727229840000,2414.0,2415.6,2413.0,2413.6,48,34761360.00000001,0.0,2204,2413.4,0
1727229900000,2415.8,2424.8,2415.8,2424.8,24,17418780.000000004,0.0,2215,2413.6000000000004,0
1727229960000,2421.2000000000003,2424.2000000000003,2421.2000000000003,2422.6000000000004,21,15264720.0,0.0,2217,2424.8,0
1727230020000,2422.8,2425.6000000000004,2422.8,2425.4,15,10910460.0,0.0,2220,2422.6000000000004,0
1727230080000,2426.0,2428.4,2426.0,2428.4,4,2912220.0,0.0,2220,2425.4,0
1727230140000,2428.0000000000005,2428.0000000000005,2422.2000000000003,2423.4,15,10910220.0,0.0,2223,2428.4,0
1727230200000,2424.4,2428.2,2423.0,2428.2,14,10188780.000000002,0.0,2226,2423.4,0
1727230260000,2426.6,2426.6,2422.4,2423.2000000000003,16,11634180.000000002,0.0,2230,2428.2000000000003,0
1727230320000,2423.2,2423.2,2421.6,2422.6,11,7993020.0,0.0,2240,2423.2,0
1727230380000,2422.2000000000003,2422.2000000000003,2419.2000000000003,2419.6000000000004,10,7261860.0,0.0,2244,2422.6000000000004,0
1727230440000,2418.8,2421.4,2418.8,2421.0,20,14519580.0,0.0,2256,2419.6000000000004,0
1727230500000,2421.2000000000003,2426.0000000000005,2421.2000000000003,2426.0000000000005,31,22541820.000000004,0.0,2269,2421.0000000000005,0
1727230560000,2427.0000000000005,2427.4,2425.2000000000003,2426.4,20,14558940.0,0.0,2277,2426.0000000000005,0
1727230620000,2426.0,2427.0,2425.0,2426.6,15,10915620.0,0.0,2274,2426.4,0
1727230680000,2427.8,2431.0,2427.8,2429.2000000000003,26,18947460.000000004,0.0,2288,2426.6000000000004,0
1727230740000,2430.0,2430.0,2428.0,2428.0,7,5100420.000000001,0.0,2290,2429.2,0
1727230800000,2429.0,2430.7999999999997,2427.6,2427.6,12,8744820.000000002,0.0,2297,2428.0,0
1727230860000,2427.8,2427.8,2422.4,2422.4,37,26910300.0,0.0,2302,2427.6,0
1727230920000,2422.2,2422.2,2418.0,2418.0,20,14525280.0,0.0,2311,2422.4,0
1727230980000,2418.0,2419.8,2415.4,2416.6,12,8703660.000000002,0.0,2317,2418.0,0
1727231040000,2418.8,2421.8,2418.8,2419.6000000000004,13,9440280.000000002,0.0,2323,2416.6000000000004,0
1727231100000,2420.0,2420.2,2418.6,2420.0,13,9435840.0,0.0,2329,2419.6,0
1727231160000,2419.4,2421.4,2417.4,2417.4,13,9436740.0,0.0,2336,2420.0,0
1727231220000,2416.4,2416.4,2415.4,2415.6,10,7246740.0,0.0,2344,2417.4,0
1727231280000,2415.6,2417.4,2415.6,2417.4,12,8699760.000000002,0.0,2351,2415.6,0
1727231340000,2418.4,2418.6000000000004,2417.2000000000003,2418.0000000000005,12,8704980.000000002,0.0,2363,2417.4,0
1727231400000,2418.6,2421.0,2418.6,2421.0,6,4355280.000000001,0.0,2368,2418.0,0
1727231460000,2421.0,2421.0,2415.6,2415.6,9,6529260.000000001,0.0,2374,2421.0,0
1727231520000,2416.2000000000003,2416.8,2414.4,2415.0,37,26810100.000000004,0.0,2407,2415.6,0
1727231580000,2416.2,2417.0,2415.0,2415.0,20,14492460.0,0.0,2426,2415.0,0
1727231640000,2413.8,2413.8,2412.8,2413.0,15,10858800.0,0.0,2439,2415.0,0
1727231700000,2412.0,2412.0,2410.0,2411.2,44,31822740.000000004,0.0,2476,2413.0,0
1727231760000,2411.2000000000003,2412.0,2410.8,2412.0,15,10850820.0,0.0,2490,2411.2000000000003,0
1727231820000,2412.0,2414.6,2412.0,2414.6,19,13752240.0,0.0,2507,2412.0,0
1727231880000,2413.8,2416.6,2413.4,2416.0,11,7968420.000000001,0.0,2516,2414.6,0
1727231940000,2416.0,2416.2,2414.0,2414.0,11,7971120.0,0.0,2525,2416.0,0
1727232000000,2414.4,2414.4,2412.6,2413.7999999999997,7,5067840.0,0.0,2530,2414.0,0
1727232060000,2414.4,2414.4,2412.6,2413.7999999999997,7,5068440.000000001,0.0,2534,2413.7999999999997,0
1727232120000,2413.2000000000003,2413.2000000000003,2413.2000000000003,2413.2000000000003,1,723960.0,0.0,2534,2413.8,0
1727232180000,2412.8,2415.0,2412.8,2415.0,6,4345620.000000001,0.0,2539,2413.2000000000003,0
1727232240000,2416.2000000000003,2416.2000000000003,2413.8,2413.8,7,5071620.0,0.0,2543,2415.0,0
1727232300000,2415.0,2415.0,2414.4,2414.4,7,5071020.000000001,0.0,2547,2413.8,0
1727232360000,2414.2,2414.2,2412.6,2412.7999999999997,9,6514980.0,0.0,2548,2414.4,0
1727232420000,2412.8,2412.8,2410.8,2411.6000000000004,11,7958640.000000001,0.0,2551,2412.8,0
1727232480000,2412.0,2413.8,2412.0,2413.8,7,5067240.000000001,0.0,2556,2411.6,0
1727232540000,2413.8,2415.6000000000004,2413.8,2415.2000000000003,8,5794860.000000001,0.0,2562,2413.8,0
1727232600000,2415.0,2415.0,2412.4,2412.4,5,3620040.0,0.0,2567,2415.2000000000003,0
1727232660000,2413.2000000000003,2413.2000000000003,2412.4,2412.4,2,1447680.0,0.0,2568,2412.4,0
1727232720000,2412.0,2412.0,2410.8,2411.4,8,5787000.0,0.0,2574,2412.4,0
1727232780000,2412.4,2412.4,2412.4,2412.4,5,3618420.0,0.0,2570,2411.4,0
1727232840000,2412.4,2412.4,2412.4,2412.4,0,0.0,0.0,2570,2412.4,0
1727232900000,2413.2000000000003,2416.2000000000003,2413.2000000000003,2416.2000000000003,7,5070660.000000001,0.0,2576,2412.4,0
1727232960000,2414.0,2414.2000000000003,2413.8,2414.0,8,5793780.000000001,0.0,2581,2416.2000000000003,0
1727233020000,2412.4,2412.4,2410.6,2410.6,4,2893980.0,0.0,2584,2414.0,0
1727233080000,2411.4,2411.4,2410.6,2410.6,2,1446600.0,0.0,2585,2410.6,0
1727233140000,2409.8,2410.2000000000003,2409.8,2410.2000000000003,3,2168940.0000000005,0.0,2587,2410.6000000000004,0
1727233200000,2408.2,2408.7999999999997,2406.6,2406.6,11,7947420.000000001,0.0,2594,2410.2,0
1727233260000,2407.0,2407.0,2404.4,2404.4,12,8660640.000000002,0.0,2603,2406.6,0
1727233320000,2404.4,2405.2,2399.6,2400.7999999999997,17,12256440.000000002,0.0,2612,2404.4,0
1727233380000,2401.6,2401.8,2399.0,2399.0,23,16560900.000000002,0.0,2627,2400.8,0
1727233440000,2399.0,2400.0,2398.0,2398.0,15,10795380.0,0.0,2635,2399.0,0
1727233500000,2398.2,2398.7999999999997,2396.6,2397.0,16,11507340.0,0.0,2649,2398.0,0
1727233560000,2397.0,2401.2,2397.0,2401.2,25,17995140.0,0.0,2664,2397.0,0
1727233620000,2402.4,2403.6000000000004,2401.8,2403.6000000000004,12,8650260.000000002,0.0,2672,2401.2000000000003,0
1727233680000,2402.8,2402.8,2398.4,2398.4,13,9363660.0,0.0,2682,2403.6,0
1727233740000,2398.4,2400.0,2396.6,2396.6,23,16549440.000000002,0.0,2698,2398.4,0
1727233800000,2396.0,2396.4,2394.6,2394.6,17,12216240.0,0.0,2712,2396.6,0
1727233860000,2394.6,2396.2,2394.6,2395.2,12,8623740.000000002,0.0,2716,2394.6,0
1727233920000,2395.6,2397.7999999999997,2395.6,2397.6,21,15099480.0,0.0,2731,2395.2,0
1727233980000,2397.6000000000004,2398.8,2395.8,2396.4,7,5034000.000000001,0.0,2736,2397.6000000000004,0
1727234040000,2396.6,2396.8,2396.4,2396.8,5,3595020.0,0.0,2741,2396.4,0
1727234100000,2397.4,2399.4,2397.4,2398.0,16,11512320.0,0.0,2752,2396.8,0
1727234160000,2398.8,2398.8,2394.2000000000003,2394.2000000000003,12,8626020.000000002,0.0,2760,2398.0000000000005,0
1727234220000,2394.0000000000005,2395.6000000000004,2393.2000000000003,2394.6000000000004,12,8619720.000000002,0.0,2770,2394.2000000000003,0
1727234280000,2394.0,2394.4,2393.6,2394.0,5,3590940.0,0.0,2775,2394.6,0
1727234340000,2393.4,2395.4,2393.2000000000003,2394.6000000000004,15,10774440.0,0.0,2784,2394.0000000000005,0
1727234400000,2393.6,2394.4,2393.6,2394.4,2,1436400.0,0.0,2785,2394.6,0
1727234460000,2393.6000000000004,2393.6000000000004,2390.8,2390.8,8,5741520.0,0.0,2788,2394.4,0
1727234520000,2391.4,2393.4,2391.4,2393.4,9,6459900.0,0.0,2796,2390.8,0
1727234580000,2394.0,2394.0,2393.6,2394.0,4,2872680.0,0.0,2800,2393.4,0
1727234640000,2394.4,2396.0,2394.0,2394.6,16,11496360.000000002,0.0,2813,2394.0,0
1727234700000,2395.2000000000003,2400.0000000000005,2395.2000000000003,2400.0000000000005,13,9352560.0,0.0,2826,2394.6000000000004,0
1727234760000,2398.8,2400.0,2398.8,2400.0,4,2879280.0,0.0,2829,2400.0,0
1727234820000,2398.7999999999997,2398.7999999999997,2397.6,2397.6,6,4317480.000000001,0.0,2834,2400.0,0
1727234880000,2395.8,2396.0,2395.4,2396.0,6,4312380.000000001,0.0,2839,2397.6,0
1727234940000,2395.4,2396.6,2395.4,2396.4,4,2875260.0,0.0,2842,2396.0,0
1727235000000,2397.4,2398.8,2397.4,2398.2000000000003,5,3597060.0,0.0,2845,2396.4,0
1727240460000,2401.6,2401.6,2396.4,2396.4,32,23029560.0,0.0,2863,2398.2000000000003,0
1727240520000,2397.6,2401.2,2396.6,2400.6,17,12238560.0,0.0,2876,2396.4,0
1727240580000,2400.6,2401.0,2398.4,2400.6,14,10080420.000000002,0.0,2888,2400.6,0
1727240640000,2401.2000000000003,2403.2000000000003,2401.2000000000003,2402.4,11,7928160.000000001,0.0,2896,2400.6000000000004,0
1727240700000,2402.4,2402.4,2401.0,2401.8,5,3602640.0,0.0,2901,2402.4,0
1727240760000,2401.2000000000003,2402.4,2401.2000000000003,2402.0000000000005,7,5043960.000000001,0.0,2908,2401.8,0
1727240820000,2402.4,2404.6,2402.4,2404.6,7,5046660.000000001,0.0,2913,2402.0,0
1727240880000,2404.8,2407.8,2404.8,2406.4,16,11546040.000000002,0.0,2928,2404.6000000000004,0
1727240940000,2406.6,2406.6,2406.6,2406.6,1,721980.0,0.0,2929,2406.4,0
1727241000000,2406.6,2406.6,2406.6,2406.6,0,0.0,0.0,2929,2406.6,0
1727241060000,2406.0,2406.0,2406.0,2406.0,2,1443600.0,0.0,2931,2406.6,0
1727241120000,2406.0,2406.0,2402.0,2402.0,7,5047200.0,0.0,2937,2406.0,0
1727241180000,2402.4,2404.2000000000003,2400.8,2403.0,13,9369660.0,0.0,2946,2402.0,0
1727241240000,2401.2000000000003,2401.2000000000003,2401.2000000000003,2401.2000000000003,3,2161080.0000000005,0.0,2949,2403.0000000000005,0
1727241300000,2398.8,2399.0,2398.8,2398.8,3,2158980.0000000005,0.0,2949,2401.2000000000003,0
1727241360000,2399.2000000000003,2399.4,2399.2000000000003,2399.2000000000003,3,2159340.0000000005,0.0,2951,2398.8,0
1727241420000,2400.0000000000005,2400.0000000000005,2398.2000000000003,2398.2000000000003,6,4318920.000000001,0.0,2957,2399.2000000000003,0
1727241480000,2398.0,2399.4,2398.0,2399.4,3,2158620.0000000005,0.0,2958,2398.2,0
1727241540000,2399.4,2401.8,2399.4,2401.8,10,7201680.0,0.0,2965,2399.4,0
1727241600000,2402.4,2404.8,2402.4,2404.8,14,10096380.000000002,0.0,2975,2401.8,0
1727241660000,2404.8,2404.8,2398.4,2398.4,13,9367920.0,0.0,2986,2404.8,0
1727241720000,2398.2000000000003,2399.2000000000003,2398.2000000000003,2399.2000000000003,4,2878440.0,0.0,2989,2398.4,0
1727241780000,2399.2000000000003,2400.6000000000004,2399.2000000000003,2399.4,8,5759220.000000001,0.0,2992,2399.2000000000003,0
1727241840000,2399.2000000000003,2399.2000000000003,2399.2000000000003,2399.2000000000003,1,719760.0,0.0,2993,2399.4,0
1727241900000,2400.6,2401.0,2400.6,2401.0,2,1440480.0,0.0,2995,2399.2,0
1727241960000,2400.2000000000003,2401.2000000000003,2399.8,2401.2000000000003,8,5760300.000000001,0.0,3002,2401.0,0
1727242020000,2399.4,2399.4,2399.4,2399.4,4,2879280.0,0.0,3006,2401.2000000000003,0
1727242080000,2400.2000000000003,2401.0,2399.4,2399.4,5,3600660.0,0.0,3011,2399.4,0
1727242140000,2399.6000000000004,2399.6000000000004,2398.2000000000003,2398.2000000000003,3,2159220.0000000005,0.0,3014,2399.4,0
1727242200000,2397.4,2401.2000000000003,2397.4,2401.2000000000003,7,5038260.000000001,0.0,3016,2398.2000000000003,0
1727242260000,2402.4,2402.6000000000004,2401.2000000000003,2401.4,7,5044140.000000001,0.0,3023,2401.2000000000003,0
1727242320000,2402.0,2402.0,2400.4,2400.4,9,6483420.0,0.0,3032,2401.4,0
1727242380000,2401.2000000000003,2401.4,2401.2000000000003,2401.4,3,2161200.0000000005,0.0,3033,2400.4,0
1727242440000,2399.2000000000003,2399.2000000000003,2398.8,2398.8,2,1439400.0,0.0,3033,2401.4,0
1727242500000,2399.4,2399.4,2398.2000000000003,2398.2000000000003,3,2158920.0000000005,0.0,3036,2398.8,0
1727242560000,2397.0,2397.0,2394.4,2394.4,11,7906080.000000001,0.0,3043,2398.2000000000003,0
1727242620000,2394.4,2395.4,2393.8,2394.6000000000004,11,7901520.000000001,0.0,3049,2394.4,0
1727242680000,2394.0,2394.0,2392.8,2393.4,17,12205680.0,0.0,3061,2394.6000000000004,0
1727242740000,2393.2000000000003,2393.2000000000003,2387.8,2389.8,35,25101480.0,0.0,3084,2393.4,0
1727242800000,2390.0,2395.2000000000003,2389.8,2393.8,61,43787880.00000001,0.0,3097,2389.8,0
1727242860000,2392.8,2393.4,2391.8,2391.8,10,7177860.0,0.0,3106,2393.8,0
1727242920000,2390.2,2390.2,2386.6,2388.4,15,10746540.0,0.0,3111,2391.7999999999997,0
1727242980000,2386.8,2389.8,2386.8,2389.8,9,6450480.0,0.0,3116,2388.4,0
1727243040000,2390.8,2390.8,2390.8,2390.8,9,6455160.0,0.0,3121,2389.8,0
1727243100000,2390.8,2390.8,2387.4,2387.4,10,7167180.0,0.0,3129,2390.8,0
1727243160000,2387.6000000000004,2387.6000000000004,2385.8,2385.8,5,3579960.0,0.0,3132,2387.4,0
1727243220000,2385.0,2387.0,2384.8,2384.8,11,7873080.000000001,0.0,3136,2385.8,0
1727243280000,2385.6,2388.2,2385.6,2387.0,14,10025340.000000002,0.0,3144,2384.7999999999997,0
1727243340000,2385.6000000000004,2386.2000000000003,2383.8,2384.6000000000004,8,5723400.0,0.0,3151,2387.0,0
1727243400000,2384.6000000000004,2385.0,2381.8,2381.8,19,13586040.000000002,0.0,3163,2384.6000000000004,0
1727243460000,2381.2000000000003,2381.2000000000003,2381.2000000000003,2381.2000000000003,2,1428720.0,0.0,3165,2381.8,0
1727243520000,2381.0,2383.8,2381.0,2383.8,18,12866520.0,0.0,3168,2381.2,0
1727243580000,2385.0,2385.0,2385.0,2385.0,2,1430940.0,0.0,3170,2383.8,0
1727243640000,2386.6,2387.2,2385.0,2385.0,8,5727000.0,0.0,3175,2385.0,0
1727243700000,2384.2000000000003,2384.2000000000003,2384.2000000000003,2384.2000000000003,1,715260.0,0.0,3175,2385.0000000000005,0
1727243760000,2385.6,2386.6,2385.6,2386.6,7,5010300.0,0.0,3177,2384.2,0
1727243820000,2386.8,2389.6,2386.0,2389.6,19,13608900.000000002,0.0,3191,2386.6,0
1727243880000,2388.7999999999997,2390.2,2388.6,2388.6,9,6451440.0,0.0,3195,2389.6,0
1727243940000,2388.0,2388.0,2386.6,2387.0,11,7877880.000000001,0.0,3204,2388.6,0
1727244000000,2386.4,2386.4,2386.4,2386.4,1,715920.0,0.0,3205,2387.0,0
1727244060000,2389.0,2390.4,2389.0,2389.4,7,5018400.0,0.0,3209,2386.4,0
1727244120000,2389.6,2392.4,2389.6,2392.4,12,8607000.000000002,0.0,3216,2389.4,0
1727244180000,2393.8,2396.0,2393.8,2396.0,10,7186200.0,0.0,3226,2392.4,0
1727244240000,2396.7999999999997,2397.0,2395.6,2395.6,6,4313100.000000001,0.0,3228,2396.0,0
1727244300000,2394.8,2394.8,2394.8,2394.8,1,718440.0,0.0,3228,2395.6000000000004,0
1727244360000,2397.0,2398.2000000000003,2396.4,2396.4,3,2157480.0000000005,0.0,3230,2394.8,0
1727244420000,2395.6,2395.6,2394.6,2394.6,2,1437060.0,0.0,3231,2396.4,0
1727244480000,2395.6,2395.8,2395.4,2395.8,5,3593400.0,0.0,3233,2394.6,0
1727244540000,2393.7999999999997,2393.7999999999997,2392.6,2392.6,5,3590160.0,0.0,3237,2395.7999999999997,0
1727244600000,2390.2000000000003,2390.2000000000003,2388.2000000000003,2388.2000000000003,5,3583440.0,0.0,3238,2392.6000000000004,0
1727244660000,2388.2000000000003,2388.2000000000003,2388.2000000000003,2388.2000000000003,0,0.0,0.0,3238,2388.2000000000003,0
1727244720000,2390.8,2395.0,2390.8,2395.0,10,7178880.0,0.0,3242,2388.2000000000003,0
1727244780000,2394.8,2394.8,2392.2000000000003,2392.2000000000003,3,2153880.0000000005,0.0,3244,2395.0000000000005,0
1727244840000,2391.8,2393.4,2390.2000000000003,2390.2000000000003,7,5024100.0,0.0,3246,2392.2000000000003,0
1727244900000,2390.2000000000003,2390.2000000000003,2390.2000000000003,2390.2000000000003,2,1434120.0,0.0,3248,2390.2000000000003,0
1727244960000,2389.0,2389.0,2387.0,2387.0,5,3582540.0,0.0,3252,2390.2,0
1727245020000,2388.8,2389.4,2388.8,2389.4,2,1433460.0,0.0,3253,2387.0,0
1727245080000,2389.7999999999997,2390.4,2388.6,2390.4,4,2867220.0,0.0,3256,2389.4,0
1727245140000,2390.2000000000003,2390.2000000000003,2390.2000000000003,2390.2000000000003,6,4302360.000000001,0.0,3255,2390.4,0
1727245200000,2389.6,2390.4,2388.6,2390.4,5,3584100.0,0.0,3258,2390.2,0
1727245260000,2390.4,2390.4,2387.0,2387.0,9,6449220.0,0.0,3262,2390.4,0
1727245320000,2388.0,2388.2,2386.6,2388.2,14,10028100.000000002,0.0,3269,2387.0,0
1727245380000,2388.4,2389.8,2388.4,2389.8,6,4300620.000000001,0.0,3266,2388.2000000000003,0
1727245440000,2387.8,2387.8,2387.8,2387.8,1,716340.0,0.0,3267,2389.8,0
1727245500000,2387.6000000000004,2388.2000000000003,2386.8,2387.8,15,10743600.0,0.0,3276,2387.8,0
1727245560000,2388.2000000000003,2390.0000000000005,2388.2000000000003,2389.8,9,6451200.0,0.0,3276,2387.8,0
1727245620000,2390.2,2390.2,2387.0,2388.0,13,9313800.0,0.0,3282,2389.8,0
1727245680000,2387.8,2388.0000000000005,2386.2000000000003,2388.0000000000005,6,4296600.000000001,0.0,3284,2388.0000000000005,0
1727245740000,2388.0,2388.2,2388.0,2388.2,3,2149320.0000000005,0.0,3283,2388.0,0
1727245800000,2387.0,2389.0,2387.0,2389.0,8,5729940.000000001,0.0,3283,2388.2,0
1727245860000,2389.2000000000003,2390.8,2389.2000000000003,2390.8,8,5736300.000000001,0.0,3281,2389.0000000000005,0
1727245920000,2390.6,2390.6,2388.0,2388.0,6,4301820.000000001,0.0,3286,2390.8,0
1727245980000,2387.0,2387.0,2383.8,2384.2000000000003,15,10736280.0,0.0,3298,2388.0,0
1727246040000,2384.2000000000003,2386.8,2384.2000000000003,2386.8,19,13596600.0,0.0,3303,2384.2000000000003,0
1727246100000,2388.4,2388.4,2386.8,2388.0,6,4298220.000000001,0.0,3305,2386.8,0
1727246160000,2387.2000000000003,2387.2000000000003,2386.4,2387.2000000000003,7,5012700.000000001,0.0,3304,2388.0,0
1727246220000,2387.2,2389.0,2387.0,2389.0,22,15762480.0,0.0,3303,2387.2,0
1727246280000,2390.0,2391.0,2390.0,2391.0,23,16494000.000000002,0.0,3312,2389.0,0
1727246340000,2391.6,2392.6,2391.6,2392.6,11,7893780.0,0.0,3313,2391.0,0
1727246400000,2392.8,2396.2000000000003,2392.8,2395.4,11,7902120.000000001,0.0,3316,2392.6000000000004,0
1727246460000,2396.4,2397.0,2394.8,2395.0,26,18687480.0,0.0,3329,2395.4,0
1727246520000,2394.2000000000003,2395.2000000000003,2394.2000000000003,2395.2000000000003,4,2873940.0,0.0,3330,2395.0000000000005,0
1727246580000,2396.6,2396.6,2396.6,2396.6,1,718980.0,0.0,3330,2395.2,0
1727246640000,2396.6000000000004,2396.6000000000004,2394.2000000000003,2394.2000000000003,9,6466680.0,0.0,3336,2396.6000000000004,0
1727246700000,2395.0,2395.6,2395.0,2395.6,6,4311540.000000001,0.0,3339,2394.2,0
1727246760000,2394.6,2394.6,2393.0,2393.0,6,4308660.000000001,0.0,3342,2395.6,0
1727246820000,2392.6,2394.7999999999997,2392.6,2394.7999999999997,17,12205380.000000002,0.0,3343,2393.0,0
1727246880000,2391.4,2391.4,2389.0,2389.0,8,5736420.000000001,0.0,3351,2394.8,0
1727246940000,2389.0000000000005,2389.2000000000003,2387.2000000000003,2389.2000000000003,5,3583020.0,0.0,3356,2389.0000000000005,0
1727247000000,2388.4,2390.0,2388.0,2389.2,6,4300200.000000001,0.0,3361,2389.2,0
1727247060000,2389.2000000000003,2389.2000000000003,2388.4,2388.4,2,1433280.0,0.0,3361,2389.2000000000003,0
1727247120000,2389.0000000000005,2389.0000000000005,2387.2000000000003,2387.2000000000003,11,7880760.000000001,0.0,3366,2388.4,0
1727247180000,2387.0,2387.0,2386.8,2386.8,4,2864220.0,0.0,3369,2387.2000000000003,0
1727247240000,2385.0,2386.4,2383.6,2383.6,17,12163980.0,0.0,3382,2386.7999999999997,0
1727247300000,2383.2000000000003,2385.6000000000004,2383.2000000000003,2385.6000000000004,13,9301320.0,0.0,3387,2383.6000000000004,0
1727247360000,2385.7999999999997,2386.2,2385.6,2385.7999999999997,7,5010300.0,0.0,3389,2385.6,0
1727247420000,2386.2,2386.4,2385.0,2385.6,8,5726100.000000001,0.0,3389,2385.8,0
1727247480000,2385.2000000000003,2387.4,2385.2000000000003,2387.4,13,9306120.000000002,0.0,3393,2385.6000000000004,0
1727247540000,2388.0,2388.2000000000003,2386.4,2387.0,32,22919040.0,0.0,3417,2387.4,0
1727247600000,2386.8,2388.0000000000005,2386.2000000000003,2386.2000000000003,26,18620280.0,2389.4,3426,2387.0000000000005,0
1727314200000,2391.6,2391.6,2391.6,2391.6,2,1434960.0,0.0,3426,2386.2,0
1727314260000,2391.4,2393.6000000000004,2387.2000000000003,2388.8,44,31556460.0,0.0,3389,2391.6000000000004,0
1727314320000,2388.8,2398.0,2388.8,2396.4,70,50300040.0,0.0,3356,2388.8,0
1727314380000,2396.8,2397.0,2390.4,2392.6,24,17240040.000000004,0.0,3353,2396.4,0
1727314440000,2395.2,2399.0,2393.0,2399.0,44,31636320.0,0.0,3328,2392.6,0
1727314500000,2399.8,2402.2000000000003,2397.2000000000003,2401.6000000000004,72,51831420.0,0.0,3294,2399.0000000000005,0
1727314560000,2401.4,2401.4,2396.6,2397.7999999999997,51,36707940.0,0.0,3250,2401.6,0
1727314620000,2397.0,2399.0,2394.8,2395.8,56,40268400.0,0.0,3215,2397.8,0
1727314680000,2396.4,2397.6,2394.0,2395.0,59,42410100.00000001,0.0,3177,2395.8,0
1727314740000,2395.0,2395.0,2392.0,2392.0,55,39497160.0,0.0,3152,2395.0,0
1727314800000,2393.0,2396.2000000000003,2390.8,2392.4,88,63192840.0,0.0,3095,2392.0,0
1727314860000,2391.8,2395.6000000000004,2391.8,2394.6000000000004,49,35194080.00000001,0.0,3063,2392.4,0
1727314920000,2394.6,2395.2,2393.0,2393.2,43,30883139.999999996,0.0,3034,2394.6,0
1727314980000,2393.2,2394.6,2392.6,2394.2,39,28003560.000000004,0.0,3009,2393.2,0
1727315040000,2394.2000000000003,2394.8,2392.2000000000003,2392.2000000000003,45,32317320.0,0.0,2981,2394.2000000000003,0
1727315100000,2392.2,2393.4,2392.0,2392.8,17,12204060.000000002,0.0,2968,2392.2,0
1727315160000,2393.8,2395.0000000000005,2393.2000000000003,2393.2000000000003,11,7900860.000000001,0.0,2966,2392.8,0
1727315220000,2395.4,2398.4,2395.4,2396.6,7,5033100.0,0.0,2961,2393.2000000000003,0
1727315280000,2396.6,2396.6,2394.0,2395.4,16,11498400.0,0.0,2949,2396.6,0
1727315340000,2396.2000000000003,2398.4,2396.2000000000003,2397.6000000000004,15,10789500.0,0.0,2939,2395.4,0
1727315400000,2398.2000000000003,2401.8,2398.2000000000003,2400.4,19,13683000.000000002,0.0,2927,2397.6000000000004,0
1727315460000,2400.2,2402.8,2400.0,2402.8,18,12966240.0,0.0,2918,2400.4,0
1727315520000,2401.6,2402.7999999999997,2400.6,2402.7999999999997,15,10807740.0,0.0,2911,2402.7999999999997,0
1727315580000,2403.6000000000004,2404.4,2402.8,2403.4,13,9375480.0,0.0,2903,2402.8,0
1727315640000,2402.6,2404.2,2402.6,2403.7999999999997,7,5047740.000000001,0.0,2899,2403.4,0
1727315700000,2402.0,2403.7999999999997,2401.6,2402.2,15,10812120.0,0.0,2887,2403.7999999999997,0
1727315760000,2403.2000000000003,2410.0000000000005,2403.2000000000003,2407.4,53,38268720.0,0.0,2857,2402.2000000000003,0
1727315820000,2408.0,2414.4,2407.0,2414.4,22,15910740.0,0.0,2852,2407.4,0
1727315880000,2413.6000000000004,2414.4,2411.2000000000003,2414.0000000000005,18,13029060.0,0.0,2845,2414.4,0
1727315940000,2412.8,2416.2000000000003,2412.2000000000003,2415.6000000000004,21,15208620.0,0.0,2839,2414.0000000000005,0
1727316000000,2416.2000000000003,2418.6000000000004,2411.8,2413.6000000000004,54,39108180.00000001,0.0,2810,2415.6000000000004,0
1727316060000,2412.2000000000003,2412.4,2410.4,2412.4,14,10127160.0,0.0,2806,2413.6,0
1727316120000,2412.0,2413.2,2411.6,2412.0,20,14473020.0,0.0,2796,2412.4,0
1727316180000,2410.8,2411.4,2408.0,2408.0,12,8672340.000000002,0.0,2794,2412.0,0
1727316240000,2408.0,2410.4,2406.0,2410.4,36,26002140.0,0.0,2782,2408.0,0
1727316300000,2410.0,2411.4,2409.0,2409.0,14,10123500.0,0.0,2780,2410.4,0
1727316360000,2409.4,2409.4,2407.6,2407.7999999999997,5,3612060.0,0.0,2778,2409.0,0
1727316420000,2408.2000000000003,2409.6000000000004,2407.2000000000003,2409.2000000000003,16,11560740.000000002,0.0,2776,2407.8,0
1727316480000,2409.6,2411.6,2409.0,2409.0,13,9398340.0,0.0,2775,2409.2,0
1727316540000,2409.6,2412.4,2409.6,2411.2,14,10126980.000000002,0.0,2773,2409.0,0
1727316600000,2411.0,2412.8,2411.0,2411.4,15,10854660.0,0.0,2773,2411.2,0
1727316660000,2413.6000000000004,2416.4,2413.2000000000003,2415.0000000000005,26,18835800.0,0.0,2776,2411.4,0
1727316720000,2415.4,2418.0,2413.0,2413.0,22,15948600.0,0.0,2777,2415.0,0
1727316780000,2412.2000000000003,2414.8,2411.8,2413.0,28,20271720.000000004,0.0,2772,2413.0,0
1727316840000,2413.6,2413.6,2413.6,2413.6,1,724080.0,0.0,2772,2413.0,0
1727316900000,2415.0,2415.4,2410.6,2411.6,17,12311880.0,0.0,2770,2413.6,0
1727316960000,2410.8,2410.8,2409.4,2410.6,13,9399720.000000002,0.0,2768,2411.6,0
1727317020000,2411.6000000000004,2415.0,2410.8,2414.2000000000003,30,21722760.0,0.0,2771,2410.6000000000004,0
1727317080000,2414.6,2414.6,2410.6,2414.6,20,14476920.0,0.0,2771,2414.2,0
1727317140000,2415.0,2417.0,2415.0,2415.4,9,6522840.0,0.0,2769,2414.6,0
1727317200000,2414.2000000000003,2414.8,2412.4,2412.4,14,10135920.0,0.0,2762,2415.4,0
1727317260000,2413.4,2414.8,2413.0,2413.8,18,13035300.000000002,0.0,2756,2412.4,0
1727317320000,2413.8,2418.0,2413.8,2417.2000000000003,16,11596500.000000002,0.0,2750,2413.8,0
1727317380000,2418.4,2421.6,2418.4,2419.6,14,10165140.000000002,0.0,2742,2417.2000000000003,0
1727317440000,2419.4,2419.4,2416.6,2418.6,13,9430140.000000002,0.0,2743,2419.6,0
1727317500000,2419.8,2420.8,2419.8,2420.4,9,6534900.0,0.0,2745,2418.6000000000004,0
1727317560000,2421.8,2424.2000000000003,2421.8,2422.4,38,27622800.000000004,0.0,2747,2420.4,0
1727317620000,2423.4,2423.4,2420.8,2421.2000000000003,6,4360020.000000001,0.0,2746,2422.4,0
1727317680000,2420.2,2420.7999999999997,2418.6,2420.7999999999997,15,10888740.0,0.0,2739,2421.2,0
1727317740000,2422.4,2425.4,2422.4,2424.6,14,10180620.0,0.0,2736,2420.8,0
1727317800000,2426.0,2428.8,2425.0,2428.8,20,14561160.0,0.0,2727,2424.6,0
1727317860000,2429.4,2429.4,2423.6,2423.6,49,35674620.0,0.0,2703,2428.7999999999997,0
1727317920000,2424.6000000000004,2425.6000000000004,2423.2000000000003,2425.6000000000004,11,8001480.0,0.0,2694,2423.6000000000004,0
1727317980000,2426.2000000000003,2426.6000000000004,2426.2000000000003,2426.6000000000004,3,2183820.0000000005,0.0,2692,2425.6000000000004,0
1727318040000,2422.8,2422.8,2418.4,2419.6,24,17427300.000000004,0.0,2680,2426.6,0
1727318100000,2419.8,2420.8,2419.0,2419.4,9,6533460.0,0.0,2675,2419.6,0
1727318160000,2421.0,2422.8,2421.0,2422.0,7,5085720.000000001,0.0,2671,2419.4,0
1727318220000,2422.4,2423.4,2418.6,2418.6,11,7989780.000000001,0.0,2664,2422.0,0
1727318280000,2418.6,2424.4,2418.6,2421.7999999999997,18,13078560.0,0.0,2657,2418.6,0
1727318340000,2422.8,2423.6000000000004,2422.8,2423.6000000000004,4,2907780.0,0.0,2655,2421.8,0
1727318400000,2425.4,2426.0,2424.4,2424.4,15,10913640.0,0.0,2652,2423.6,0
1727318460000,2422.7999999999997,2422.7999999999997,2418.6,2418.6,11,7985520.0,0.0,2645,2424.4,0
1727318520000,2419.0,2419.0,2415.8,2418.6000000000004,19,13777980.000000002,0.0,2636,2418.6000000000004,0
1727318580000,2418.2000000000003,2421.8,2418.2000000000003,2421.8,14,10163700.0,0.0,2625,2418.6000000000004,0
1727318640000,2422.6000000000004,2423.0,2418.8,2418.8,18,13075080.000000002,0.0,2620,2421.8,0
1727318700000,2418.8,2418.8,2418.8,2418.8,0,0.0,0.0,2620,2418.8,0
1727318760000,2421.6000000000004,2421.6000000000004,2420.2000000000003,2420.2000000000003,6,4358160.000000001,0.0,2615,2418.8,0
1727318820000,2420.6,2421.7999999999997,2420.6,2421.7999999999997,8,5811600.0,0.0,2614,2420.2,0
1727318880000,2422.4,2422.4,2417.8,2420.4,12,8711760.000000002,0.0,2613,2421.8,0
1727318940000,2420.4,2421.4,2418.0,2418.6,24,17422740.000000004,0.0,2606,2420.4,0
1727319000000,2418.2000000000003,2418.2000000000003,2415.2000000000003,2415.4,16,11598120.000000002,0.0,2592,2418.6000000000004,0
1727319060000,2416.2000000000003,2417.4,2415.2000000000003,2415.2000000000003,4,2899500.0,0.0,2590,2415.4,0
1727319120000,2416.0,2416.0,2415.6,2415.6,3,2174160.0000000005,0.0,2589,2415.2,0
1727319180000,2415.0,2415.0,2414.8,2414.8,13,9418440.000000002,0.0,2577,2415.6000000000004,0
1727319240000,2416.7999999999997,2416.7999999999997,2416.6,2416.6,2,1450020.0,0.0,2577,2414.7999999999997,0
1727319300000,2416.6,2416.6,2416.6,2416.6,0,0.0,0.0,2577,2416.6,0
1727319360000,2417.6,2418.6,2417.6,2418.6,4,2901720.0,0.0,2574,2416.6,0
1727319420000,2417.4,2417.4,2416.8,2416.8,8,5800800.0,0.0,2574,2418.6000000000004,0
1727319480000,2417.8,2417.8,2416.2000000000003,2416.2000000000003,6,4349880.000000001,0.0,2570,2416.8,0
1727319540000,2416.0,2416.0,2414.4,2414.4,7,5072100.000000001,0.0,2568,2416.2000000000003,0
1727319600000,2414.2,2415.4,2414.0,2414.0,3,2173080.0000000005,0.0,2567,2414.4,0
1727319660000,2415.4,2415.8,2415.4,2415.8,4,2898600.0,0.0,2565,2414.0,0
1727319720000,2415.6000000000004,2415.6000000000004,2415.2000000000003,2415.2000000000003,5,3623100.0,0.0,2564,2415.8,0
1727319780000,2415.2000000000003,2415.2000000000003,2414.2000000000003,2415.0000000000005,11,7968660.000000001,0.0,2560,2415.2000000000003,0
1727319840000,2415.0,2417.6,2415.0,2417.6,19,13772700.000000002,0.0,2554,2415.0,0
1727319900000,2418.4,2418.4,2415.8,2416.6000000000004,24,17402580.000000004,0.0,2547,2417.6000000000004,0
1727319960000,2416.2000000000003,2417.6000000000004,2416.2000000000003,2417.6000000000004,4,2900160.0,0.0,2547,2416.6000000000004,0
1727320020000,2417.8,2418.0,2416.4,2416.4,6,4351140.000000001,0.0,2546,2417.6,0
1727320080000,2416.0,2416.0,2414.4,2414.4,6,4347480.000000001,0.0,2545,2416.4,0
1727320140000,2414.4,2414.4,2413.8,2413.8,4,2896740.0,0.0,2543,2414.4,0
1727320200000,2412.7999999999997,2414.4,2412.6,2414.4,3,2171940.0000000005,0.0,2543,2413.7999999999997,0
1727320260000,2414.2000000000003,2418.4,2414.2000000000003,2418.2000000000003,22,15953280.000000002,0.0,2540,2414.4,0
1727320320000,2418.0,2418.0,2417.0,2417.4,12,8703480.000000002,0.0,2541,2418.2,0
1727320380000,2417.2,2417.4,2416.6,2417.4,13,9426720.000000002,0.0,2545,2417.4,0
1727320440000,2416.8,2417.6000000000004,2416.2000000000003,2416.4,10,7250280.0,0.0,2549,2417.4,0
1727320500000,2416.0,2416.0,2414.0,2414.0,21,15213420.000000002,0.0,2546,2416.4,0
1727320560000,2413.8,2416.0000000000005,2412.2000000000003,2415.0000000000005,40,28969860.0,0.0,2547,2414.0000000000005,0
1727320620000,2416.0,2419.4,2416.0,2419.4,9,6529560.0,0.0,2543,2415.0,0
1727320680000,2420.4,2420.4,2417.2000000000003,2417.4,9,6530160.000000001,0.0,2541,2419.4,0
1727320740000,2416.2,2416.2,2416.0,2416.0,2,1449660.0,0.0,2540,2417.4,0
1727320800000,2416.0,2416.0,2416.0,2416.0,0,0.0,0.0,2540,2416.0,0
1727320860000,2419.2000000000003,2419.2000000000003,2417.4,2417.4,3,2176620.0000000005,0.0,2540,2416.0,0
1727320920000,2419.6,2420.4,2419.6,2420.4,21,15244140.0,0.0,2522,2417.4,0
1727320980000,2420.6,2423.6,2420.6,2423.6,11,7992540.000000001,0.0,2523,2420.4,0
1727321040000,2422.8,2423.4,2422.0,2423.4,14,10175400.0,0.0,2518,2423.6,0
1727321100000,2423.0,2424.8,2423.0,2424.8,7,5090220.0,0.0,2519,2423.4,0
1727321160000,2423.6000000000004,2423.6000000000004,2423.2000000000003,2423.4,5,3635220.0,0.0,2519,2424.8,0
1727321220000,2424.0,2424.0,2422.4,2423.0,4,2907600.0,0.0,2519,2423.4,0
1727321280000,2420.6,2420.6,2417.4,2417.4,3,2177100.0000000005,0.0,2520,2423.0,0
1727321340000,2418.8,2420.0,2417.8,2420.0,11,7983420.0,0.0,2520,2417.4,0
1727321400000,2419.6,2422.0,2419.6,2422.0,14,10169640.000000002,0.0,2518,2420.0,0
1727326860000,2424.0,2426.8,2422.4,2426.2000000000003,32,23279700.000000004,0.0,2526,2422.0,0
1727326920000,2428.0,2428.6,2425.0,2425.0,24,17476680.000000004,0.0,2525,2426.2,0
1727326980000,2425.0000000000005,2425.0000000000005,2422.2000000000003,2422.2000000000003,6,4362420.000000001,0.0,2527,2425.0000000000005,0
1727327040000,2424.2000000000003,2425.2000000000003,2424.2000000000003,2425.2000000000003,10,7274400.0,0.0,2531,2422.2000000000003,0
1727327100000,2425.0,2426.2,2425.0,2425.2,10,7276500.0,0.0,2536,2425.2,0
1727327160000,2425.2,2426.8,2425.0,2426.8,8,5822460.000000001,0.0,2541,2425.2,0
1727327220000,2426.0,2428.0,2426.0,2427.6,11,8009520.0,0.0,2545,2426.8,0
1727327280000,2428.2000000000003,2432.4,2428.2000000000003,2432.4,19,13851900.000000002,0.0,2550,2427.6000000000004,0
1727327340000,2433.0,2441.4,2433.0,2441.4,61,44615100.00000001,0.0,2558,2432.4,0
1727327400000,2441.6,2442.0,2437.0,2437.2,74,54139680.00000001,0.0,2558,2441.4,0
1727327460000,2437.8,2443.2000000000003,2437.8,2443.2000000000003,19,13909320.000000002,0.0,2561,2437.2000000000003,0
1727327520000,2444.0,2444.4,2439.4,2441.6,18,13190580.0,0.0,2566,2443.2000000000003,0
1727327580000,2442.4,2447.8,2442.4,2447.0,38,27887580.0,0.0,2585,2441.6,0
1727327640000,2447.8,2448.0,2441.8,2443.8,27,19803060.000000004,0.0,2595,2447.0,0
1727327700000,2444.8,2452.2000000000003,2444.8,2452.2000000000003,39,28646520.000000004,0.0,2619,2443.8,0
1727327760000,2451.2000000000003,2451.2000000000003,2444.8,2444.8,36,26436540.000000004,0.0,2647,2452.2000000000003,0
1727327820000,2445.2000000000003,2450.2000000000003,2445.2000000000003,2446.8,17,12487320.000000002,0.0,2663,2444.8,0
1727327880000,2445.6,2445.8,2440.4,2440.8,19,13922760.000000002,0.0,2663,2446.8,0
1727327940000,2441.2000000000003,2444.0000000000005,2441.2000000000003,2444.0000000000005,11,8060580.000000001,0.0,2669,2440.8,0
1727328000000,2443.7999999999997,2445.6,2443.6,2443.6,14,10266600.0,0.0,2678,2444.0,0
1727328060000,2443.6,2445.6,2442.4,2445.6,10,7332480.0,0.0,2684,2443.6,0
1727328120000,2447.8,2449.8,2446.4,2446.4,10,7344780.0,0.0,2688,2445.6,0
1727328180000,2447.2000000000003,2449.6000000000004,2447.2000000000003,2449.4,6,4408320.000000001,0.0,2692,2446.4,0
1727328240000,2450.2000000000003,2457.8,2450.2000000000003,2457.8,51,37549380.00000001,0.0,2701,2449.4,0
1727328300000,2459.2000000000003,2470.0000000000005,2459.2000000000003,2470.0000000000005,174,128595240.00000001,0.0,2770,2457.8,0
1727328360000,2469.6,2469.6,2457.0,2458.8,65,48027120.0,0.0,2802,2470.0,0
1727328420000,2457.4,2459.0,2456.4,2457.8,8,5898360.0,0.0,2807,2458.8,0
1727328480000,2456.8,2461.8,2455.8,2461.2000000000003,19,14018940.000000002,0.0,2822,2457.8,0
1727328540000,2457.6,2459.4,2456.6,2459.4,9,6637680.0,0.0,2827,2461.2,0
1727328600000,2461.4,2466.8,2461.4,2466.6,20,14788560.0,0.0,2844,2459.4,0
1727328660000,2468.4,2468.4,2461.0,2462.8,16,11831700.000000002,0.0,2859,2466.6,0
1727328720000,2463.6000000000004,2466.0000000000005,2462.6000000000004,2464.0000000000005,19,14043660.000000002,0.0,2864,2462.8,0
1727328780000,2466.8,2468.0,2466.8,2468.0,6,4441140.000000001,0.0,2868,2464.0,0
1727328840000,2468.6000000000004,2471.2000000000003,2467.8,2470.2000000000003,20,14816340.0,0.0,2880,2468.0,0
1727328900000,2472.8,2473.4,2464.2000000000003,2464.2000000000003,30,22218540.0,0.0,2890,2470.2000000000003,0
1727328960000,2463.8,2464.8,2458.2000000000003,2462.0000000000005,33,24368100.0,0.0,2913,2464.2000000000003,0
1727329020000,2462.0,2462.0,2455.8,2458.2000000000003,13,9587580.0,0.0,2920,2462.0,0
1727329080000,2459.2,2462.2,2459.0,2461.6,16,11811900.0,0.0,2927,2458.2,0
1727329140000,2462.0,2462.0,2457.0,2458.2,12,8851800.000000002,0.0,2936,2461.6,0
1727329200000,2456.6000000000004,2462.2000000000003,2456.2000000000003,2462.2000000000003,19,14017140.0,0.0,2946,2458.2000000000003,0
1727329260000,2462.2000000000003,2462.2000000000003,2462.2000000000003,2462.2000000000003,0,0.0,0.0,2946,2462.2000000000003,0
1727329320000,2462.2000000000003,2462.4,2462.2000000000003,2462.4,3,2216040.0000000005,0.0,2948,2462.2000000000003,0
1727329380000,2462.4,2465.4,2461.4,2465.4,25,18472980.0,0.0,2971,2462.4,0
1727329440000,2466.4000000000005,2468.2000000000003,2461.6000000000004,2462.4000000000005,41,30334380.000000004,0.0,2992,2465.4000000000005,0
1727329500000,2462.2000000000003,2466.4,2462.2000000000003,2465.8,8,5915340.000000001,0.0,2994,2462.4,0
1727329560000,2465.6,2468.6,2465.4,2468.0,34,25168080.000000004,0.0,3026,2465.8,0
1727329620000,2467.8,2467.8,2464.6000000000004,2464.6000000000004,21,15533640.000000002,0.0,3042,2468.0000000000005,0
1727329680000,2464.4,2468.6,2464.4,2468.4,11,8138520.0,0.0,3049,2464.6,0
1727329740000,2468.4,2473.6,2468.4,2473.0,36,26684340.0,0.0,3077,2468.4,0
1727329800000,2473.8,2473.8,2469.4,2471.2000000000003,27,20017800.0,0.0,3101,2473.0,0
1727329860000,2470.4,2473.0,2470.4,2473.0,18,13348680.000000002,0.0,3108,2471.2000000000003,0
1727329920000,2473.4,2473.4,2465.4,2465.4,38,28165260.000000004,0.0,3136,2473.0,0
1727329980000,2466.0,2471.0,2466.0,2469.6,15,11111460.0,0.0,3143,2465.4,0
1727330040000,2470.2,2480.8,2470.0,2480.6,61,45300480.00000001,0.0,3160,2469.6,0
1727330100000,2480.0000000000005,2481.6000000000004,2477.2000000000003,2477.2000000000003,43,31981740.0,0.0,3183,2480.6000000000004,0
1727330160000,2479.2000000000003,2480.8,2477.4,2477.4,22,16362540.000000002,0.0,3197,2477.2000000000003,0
1727330220000,2478.6000000000004,2480.0000000000005,2478.6000000000004,2480.0000000000005,9,6694620.0,0.0,3205,2477.4000000000005,0
1727330280000,2479.0000000000005,2482.4,2478.2000000000003,2478.2000000000003,50,37212780.0,0.0,3240,2480.0000000000005,0
1727330340000,2477.0,2477.0,2474.8,2475.0,17,12627840.000000002,0.0,3252,2478.2000000000003,0
1727330400000,2476.8,2481.6,2475.4,2481.6,32,23792340.000000004,0.0,3276,2475.0,0
1727330460000,2483.0,2483.0,2479.0,2479.0,22,16369380.000000002,0.0,3295,2481.6,0
1727330520000,2477.4,2479.2000000000003,2470.2000000000003,2470.2000000000003,18,13368960.0,0.0,3309,2479.0000000000005,0
1727330580000,2470.4,2476.2000000000003,2470.4,2476.2000000000003,29,21516420.000000004,0.0,3332,2470.2000000000003,0
1727330640000,2476.8,2478.0,2476.8,2478.0,6,4458840.000000001,0.0,3336,2476.2000000000003,0
1727330700000,2480.0,2480.0,2474.4,2474.4,14,10404060.0,0.0,3346,2478.0,0
1727330760000,2476.6,2480.8,2475.4,2480.8,11,8177880.000000001,0.0,3352,2474.4,0
1727330820000,2479.8,2480.6,2478.0,2478.0,10,7437720.0,0.0,3354,2480.8,0
1727330880000,2476.0000000000005,2476.4,2475.2000000000003,2476.4,9,6685080.0,0.0,3357,2478.0000000000005,0
1727330940000,2478.8,2480.0,2478.0,2479.2,4,2974800.0,0.0,3355,2476.4,0
1727331000000,2479.0,2479.0,2476.4,2476.8,8,5946960.0,0.0,3362,2479.2000000000003,0
1727331060000,2480.8,2480.8,2478.8,2479.4,8,5952120.0,0.0,3362,2476.8,0
1727331120000,2479.0,2479.6,2477.4,2479.6,9,6692520.000000001,0.0,3368,2479.4,0
1727331180000,2479.6,2481.6,2479.4,2481.6,8,5953320.0,0.0,3373,2479.6,0
1727331240000,2479.6000000000004,2479.6000000000004,2479.6000000000004,2479.6000000000004,1,743880.0,0.0,3372,2481.6000000000004,0
1727331300000,2480.6000000000004,2482.6000000000004,2480.2000000000003,2482.4,19,14145240.000000002,0.0,3385,2479.6000000000004,0
1727331360000,2483.2000000000003,2486.6000000000004,2482.8,2484.8,64,47704080.00000001,0.0,3394,2482.4,0
1727331420000,2485.4,2485.4,2481.4,2482.6,32,23839080.000000004,0.0,3416,2484.8,0
1727331480000,2482.0,2484.6000000000004,2481.8,2483.0,22,16389720.000000002,0.0,3420,2482.6000000000004,0
1727331540000,2483.2,2484.2,2482.0,2483.6,10,7449480.0,0.0,3429,2483.0,0
1727331600000,2482.6000000000004,2486.2000000000003,2482.6000000000004,2486.2000000000003,2,1490640.0,0.0,3429,2483.6000000000004,0
1727331660000,2485.2000000000003,2485.2000000000003,2481.2000000000003,2481.2000000000003,12,8940060.000000002,0.0,3440,2486.2000000000003,0
1727331720000,2481.0,2485.4,2481.0,2485.4,8,5958960.0,0.0,3442,2481.2,0
1727331780000,2485.2000000000003,2491.4,2485.2000000000003,2490.4,22,16426800.000000002,0.0,3450,2485.4,0
1727331840000,2490.4,2492.2,2489.0,2489.0,11,8218800.000000001,0.0,3454,2490.4,0
1727331900000,2492.2000000000003,2493.6000000000004,2490.2000000000003,2493.6000000000004,10,7476780.0,0.0,3459,2489.0000000000005,0
1727331960000,2492.0,2498.4,2492.0,2498.4,43,32199300.0,0.0,3467,2493.6,0
1727332020000,2499.0,2499.0,2493.0,2493.0,29,21709800.000000004,0.0,3477,2498.4,0
1727332080000,2494.4,2494.4,2492.4,2494.0,19,14211000.000000002,0.0,3490,2493.0,0
1727332140000,2495.6,2495.6,2494.0,2495.4,3,2245500.0000000005,0.0,3490,2494.0,0
1727332200000,2493.8,2493.8,2491.0,2491.0,11,8226060.000000001,0.0,3500,2495.4,0
1727332260000,2491.0,2491.0,2486.4,2486.4,24,17918760.000000004,0.0,3515,2491.0,0
1727332320000,2486.0,2486.2,2483.0,2486.0,23,17143740.000000004,0.0,3527,2486.4,0
1727332380000,2483.0,2488.4,2482.4,2488.4,44,32790840.0,0.0,3522,2486.0,0
1727332440000,2488.8,2489.8,2486.0,2486.0,19,14183340.0,0.0,3525,2488.4,0
1727332500000,2486.0,2488.8,2485.4,2488.8,11,8205480.000000001,0.0,3526,2486.0,0
1727332560000,2488.8,2491.2000000000003,2488.8,2490.0,6,4481820.000000001,0.0,3531,2488.8,0
1727332620000,2489.4,2494.4,2489.4,2494.4,5,3737040.0,0.0,3533,2490.0,0
1727332680000,2494.2000000000003,2497.8,2494.2000000000003,2497.8,13,9734400.0,0.0,3539,2494.4,0
1727332740000,2495.8,2495.8,2494.8,2494.8,3,2245920.0000000005,0.0,3540,2497.8,0
1727332800000,2497.8,2499.0,2497.8,2499.0,8,5996460.000000001,0.0,3546,2494.8,0
1727332860000,2499.0,2499.6000000000004,2496.8,2497.2000000000003,26,19486080.0,0.0,3556,2499.0,0
1727332920000,2496.6000000000004,2498.2000000000003,2496.2000000000003,2496.4,8,5992080.0,0.0,3562,2497.2000000000003,0
1727332980000,2497.0,2497.2000000000003,2496.8,2497.2000000000003,12,8989380.000000002,0.0,3572,2496.4,0
1727333040000,2497.2,2497.2,2497.0,2497.0,3,2247420.0000000005,0.0,3575,2497.2,0
1727333100000,2497.0,2499.2,2496.0,2498.2,40,29970060.0,0.0,3608,2497.0,0
1727333160000,2498.2000000000003,2501.4,2498.2000000000003,2501.4,26,19494060.0,0.0,3628,2498.2000000000003,0
1727333220000,2501.4,2507.0,2501.4,2507.0,14,10522380.0,0.0,3637,2501.4,0
1727333280000,2505.8,2510.0000000000005,2503.6000000000004,2507.0000000000005,211,158594280.00000003,0.0,3793,2507.0000000000005,0
1727333340000,2506.6000000000004,2511.6000000000004,2506.6000000000004,2511.6000000000004,49,36894060.0,0.0,3836,2507.0000000000005,0
1727333400000,2511.6,2512.8,2511.0,2511.8,25,18840180.0,0.0,3855,2511.6,0
1727333460000,2513.0,2515.2000000000003,2512.8,2514.6000000000004,53,39980400.00000001,0.0,3889,2511.8,0
1727333520000,2514.8,2514.8,2509.2000000000003,2510.0000000000005,65,48996300.0,0.0,3940,2514.6000000000004,0
1727333580000,2509.6,2513.2000000000003,2507.4,2513.2000000000003,26,19572180.0,0.0,3960,2510.0,0
1727333640000,2513.2000000000003,2515.0000000000005,2512.6000000000004,2514.2000000000003,44,33182640.000000004,0.0,3979,2513.2000000000003,0
1727333700000,2514.8,2514.8,2512.6000000000004,2514.2000000000003,50,37702260.0,0.0,4017,2514.2000000000003,0
1727333760000,2514.8,2515.2000000000003,2514.4,2515.2000000000003,39,29424660.0,0.0,4017,2514.2000000000003,0
1727333820000,2516.4,2520.0,2516.4,2520.0,45,33987660.0,0.0,4040,2515.2000000000003,0
1727333880000,2519.2000000000003,2522.4,2519.2000000000003,2522.4,14,10586820.000000002,0.0,4050,2520.0000000000005,0
1727333940000,2524.0,2537.0,2523.4,2537.0,18,13661700.000000002,0.0,4064,2522.4,0
1727334000000,2530.6000000000004,2533.4,2522.8,2528.0,43,32627880.0,2499.4,4076,2537.0,0
1727400600000,2599.0,2599.0,2599.0,2599.0,25,19492500.0,0.0,4091,2528.0,0
1727400660000,2590.0,2598.8,2582.0,2585.8,312,242159460.00000003,0.0,4024,2599.0,0
1727400720000,2586.4,2594.2000000000003,2576.8,2581.0,207,160504680.00000003,0.0,3968,2585.8,0
1727400780000,2578.8,2582.6000000000004,2561.2000000000003,2561.6000000000004,216,166784640.00000003,0.0,3949,2581.0000000000005,0
1727400840000,2561.0000000000005,2568.4,2560.2000000000003,2565.2000000000003,93,71574900.00000001,0.0,3947,2561.6000000000004,0
1727400900000,2561.2,2561.2,2553.0,2554.0,67,51415260.0,0.0,3935,2565.2,0
1727400960000,2552.8,2554.0000000000005,2542.6000000000004,2542.6000000000004,76,58109220.00000001,0.0,3921,2554.0000000000005,0
1727401020000,2544.0,2551.8,2542.8,2551.8,38,29034420.0,0.0,3923,2542.6000000000004,0
1727401080000,2551.8,2555.8,2549.4,2553.6,58,44406240.00000001,0.0,3921,2551.8,0
1727401140000,2553.6,2558.2000000000003,2553.4,2557.4,35,26833800.0,0.0,3918,2553.6,0
1727401200000,2557.0,2561.2,2556.0,2556.0,75,57546840.0,0.0,3925,2557.4,0
1727401260000,2556.0,2556.0,2550.0,2550.0,95,72762360.0,0.0,3922,2556.0,0
1727401320000,2548.4000000000005,2552.6000000000004,2546.6000000000004,2548.0000000000005,41,31353240.000000004,0.0,3923,2550.0000000000005,0
1727401380000,2547.4,2548.6,2538.0,2539.6,94,71692320.0,0.0,3943,2548.0,0
1727401440000,2538.0000000000005,2538.0000000000005,2527.6000000000004,2527.6000000000004,106,80513040.00000001,0.0,3937,2539.6000000000004,0
1727401500000,2528.0,2532.8,2522.0,2522.4,128,97035420.00000001,0.0,3950,2527.6,0
1727401560000,2522.0,2529.0,2517.8,2525.4,137,103695600.0,0.0,3942,2522.4,0
1727401620000,2526.2000000000003,2533.6000000000004,2526.2000000000003,2529.6000000000004,87,66032400.00000001,0.0,3951,2525.4,0
1727401680000,2529.0000000000005,2536.0000000000005,2528.6000000000004,2536.0000000000005,33,25078320.000000004,0.0,3959,2529.6000000000004,0
1727401740000,2537.0,2537.0,2529.4,2530.4,92,69898980.0,0.0,3990,2536.0,0
1727401800000,2529.4,2529.4,2522.4,2523.0,34,25764480.000000004,0.0,4003,2530.4,0
1727401860000,2524.0,2530.0,2523.0,2529.4,38,28785300.000000004,0.0,4014,2523.0,0
1727401920000,2530.0,2535.6,2530.0,2532.6,21,15953340.0,0.0,4015,2529.4,0
1727401980000,2534.4,2544.8,2534.4,2542.2000000000003,60,45700380.0,0.0,4041,2532.6,0
1727402040000,2541.8,2546.0000000000005,2539.6000000000004,2546.0000000000005,34,25929720.000000004,0.0,4050,2542.2000000000003,0
1727402100000,2546.8,2547.0000000000005,2542.2000000000003,2545.2000000000003,39,29772540.0,0.0,4065,2546.0000000000005,0
1727402160000,2545.4000000000005,2545.4000000000005,2540.6000000000004,2541.8,33,25176300.0,0.0,4078,2545.2000000000003,0
1727402220000,2541.8,2548.8,2541.8,2548.8,61,46606740.00000001,0.0,4101,2541.8,0
1727402280000,2548.8,2551.2000000000003,2546.4,2550.6,27,20643300.000000004,0.0,4106,2548.8,0
1727402340000,2550.4,2555.0,2550.0,2554.4,17,13020180.000000002,0.0,4110,2550.6,0
1727402400000,2555.0000000000005,2555.0000000000005,2545.6000000000004,2547.0000000000005,31,23723400.0,0.0,4128,2554.4000000000005,0
1727402460000,2547.2000000000003,2551.2000000000003,2542.2000000000003,2543.0000000000005,25,19105200.0,0.0,4137,2547.0000000000005,0
1727402520000,2542.2,2542.2,2538.0,2538.2,19,14480400.000000002,0.0,4140,2543.0,0
1727402580000,2539.2000000000003,2541.6000000000004,2538.6000000000004,2538.6000000000004,14,10667760.000000002,0.0,4144,2538.2000000000003,0
1727402640000,2538.4,2540.6,2533.0,2533.0,24,18266700.000000004,0.0,4153,2538.6,0
1727402700000,2532.6,2533.8,2527.0,2527.0,55,41749020.0,0.0,4174,2533.0,0
1727402760000,2526.6000000000004,2535.0000000000005,2526.6000000000004,2531.0000000000005,45,34166220.0,0.0,4200,2527.0000000000005,0
1727402820000,2530.8,2530.8,2527.0,2528.4,26,19720740.0,0.0,4200,2531.0,0
1727402880000,2529.2000000000003,2535.0000000000005,2529.2000000000003,2532.6000000000004,40,30380400.0,0.0,4223,2528.4,0
1727402940000,2533.2000000000003,2536.2000000000003,2531.6000000000004,2534.8,29,22041540.000000004,0.0,4233,2532.6000000000004,0
1727403000000,2534.6000000000004,2534.6000000000004,2529.6000000000004,2531.8,25,18988260.0,0.0,4241,2534.8,0
1727403060000,2531.4,2539.4,2531.4,2537.0,41,31187880.000000004,0.0,4260,2531.8,0
1727403120000,2536.0,2537.2,2531.0,2534.2,42,31930740.0,0.0,4274,2537.0,0
1727403180000,2533.2000000000003,2533.2000000000003,2530.2000000000003,2531.0000000000005,37,28107120.0,0.0,4304,2534.2000000000003,0
1727403240000,2532.0,2534.2,2529.0,2530.2,22,16708800.000000002,0.0,4318,2531.0,0
1727403300000,2532.0,2536.4,2532.0,2532.6,20,15204180.0,0.0,4332,2530.2,0
1727403360000,2534.0,2534.4,2532.4,2532.8,14,10640760.0,0.0,4344,2532.6,0
1727403420000,2531.6000000000004,2533.2000000000003,2529.6000000000004,2532.0000000000005,17,12909540.000000002,0.0,4355,2532.8,0
1727403480000,2532.6000000000004,2533.8,2530.6000000000004,2533.8,10,7597980.0,0.0,4359,2532.0000000000005,0
1727403540000,2533.0,2535.2000000000003,2531.8,2532.6000000000004,18,13681020.0,0.0,4368,2533.8,0
1727403600000,2532.6000000000004,2532.6000000000004,2524.6000000000004,2525.8,21,15919560.000000002,0.0,4374,2532.6000000000004,0
1727403660000,2526.6000000000004,2529.0000000000005,2526.6000000000004,2527.2000000000003,9,6824700.0,0.0,4379,2525.8,0
1727403720000,2527.8,2528.0000000000005,2526.2000000000003,2528.0000000000005,6,4548900.000000001,0.0,4382,2527.2000000000003,0
1727403780000,2528.0,2528.0,2525.0,2526.0,16,12124500.000000002,0.0,4386,2528.0,0
1727403840000,2526.4,2528.0,2525.0,2525.0,15,11369160.0,0.0,4385,2526.0,0
1727403900000,2524.6000000000004,2524.6000000000004,2519.8,2520.0,27,20426100.000000004,0.0,4404,2525.0,0
1727403960000,2520.0,2524.8,2519.8,2524.0,35,26483040.0,0.0,4416,2520.0,0
1727404020000,2524.0,2525.2,2522.0,2523.8,10,7570440.0,0.0,4417,2524.0,0
1727404080000,2523.8,2525.4,2523.0,2523.6,50,37858800.0,0.0,4445,2523.8,0
1727404140000,2522.8,2523.6000000000004,2521.8,2523.6000000000004,22,16648080.000000002,0.0,4456,2523.6000000000004,0
1727404200000,2523.6,2523.6,2522.4,2523.2000000000003,37,28004580.000000004,0.0,4481,2523.6,0
1727404260000,2523.6000000000004,2532.0000000000005,2523.6000000000004,2532.0000000000005,26,19718340.0,0.0,4482,2523.2000000000003,0
1727404320000,2530.6000000000004,2535.6000000000004,2530.6000000000004,2535.6000000000004,30,22799040.0,0.0,4492,2532.0000000000005,0
1727404380000,2534.0,2540.0,2534.0,2539.8,37,28145460.000000004,0.0,4520,2535.6,0
1727404440000,2540.8,2540.8,2537.6000000000004,2537.6000000000004,17,12948480.000000002,0.0,4525,2539.8,0
1727404500000,2539.4,2543.4,2539.4,2543.0,19,14488320.0,0.0,4537,2537.6,0
1727404560000,2542.8,2546.2000000000003,2542.8,2545.6000000000004,18,13740600.0,0.0,4545,2543.0,0
1727404620000,2545.4,2545.6000000000004,2544.2000000000003,2545.2000000000003,17,12980100.000000002,0.0,4557,2545.6000000000004,0
1727404680000,2545.4,2558.0,2545.4,2558.0,25,19152780.0,0.0,4569,2545.2000000000003,0
1727404740000,2556.8,2561.0,2556.8,2558.2000000000003,46,35318700.00000001,0.0,4594,2558.0,0
1727404800000,2558.4,2558.4,2555.0,2556.0,15,11504220.0,0.0,4600,2558.2,0
1727404860000,2556.0,2566.8,2556.0,2566.8,26,19969860.0,0.0,4607,2556.0,0
1727404920000,2568.4,2570.0,2565.4,2568.0,34,26194800.000000004,0.0,4627,2566.8,0
1727404980000,2568.4000000000005,2573.4000000000005,2566.6000000000004,2573.4000000000005,17,13103400.000000002,0.0,4634,2568.0000000000005,0
1727405040000,2576.6,2585.6,2573.0,2573.0,52,40276020.0,0.0,4642,2573.4,0
1727405100000,2573.6,2573.6,2564.0,2564.8,19,14627880.000000002,0.0,4642,2573.0,0
1727405160000,2564.8,2585.0000000000005,2563.6000000000004,2585.0000000000005,21,16216920.000000002,0.0,4655,2564.8,0
1727405220000,2587.0,2587.2000000000003,2570.4,2572.2000000000003,41,31731420.000000004,0.0,4679,2585.0,0
1727405280000,2576.0,2585.0,2576.0,2583.0,16,12392520.000000002,0.0,4689,2572.2,0
1727405340000,2583.0,2590.0,2580.4,2590.0,33,25581300.000000004,0.0,4702,2583.0,0
1727405400000,2597.2000000000003,2618.8,2592.2000000000003,2610.8,72,56414040.00000001,0.0,4736,2590.0000000000005,0
1727405460000,2613.0,2613.0,2585.4,2585.4,72,56182380.0,0.0,4784,2610.8,0
1727405520000,2590.0,2597.8,2581.0,2592.0,41,31844760.000000007,0.0,4799,2585.4,0
1727405580000,2592.6,2594.2000000000003,2588.4,2588.8,31,24100800.0,0.0,4812,2592.0,0
1727405640000,2588.8,2588.8,2572.4,2574.0,38,29383920.000000004,0.0,4823,2588.8,0
1727405700000,2575.4,2580.8,2572.8,2580.8,14,10823580.000000002,0.0,4831,2574.0,0
1727405760000,2581.8,2587.0,2579.8,2586.6000000000004,37,28675680.0,0.0,4849,2580.8,0
1727405820000,2588.2000000000003,2594.2000000000003,2588.2000000000003,2594.2000000000003,14,10880700.000000002,0.0,4851,2586.6000000000004,0
1727405880000,2595.8,2595.8,2590.0,2590.0,22,17113980.000000004,0.0,4857,2594.2,0
1727405940000,2587.6000000000004,2593.8,2587.6000000000004,2593.8,6,4664640.000000001,0.0,4861,2590.0000000000005,0
1727406000000,2597.0000000000005,2597.0000000000005,2591.6000000000004,2594.4000000000005,14,10895340.0,0.0,4867,2593.8,0
1727406060000,2595.4,2603.0,2595.4,2599.8,36,28064160.0,0.0,4877,2594.4,0
1727406120000,2597.0,2599.4,2594.4,2597.0,14,10902960.000000002,0.0,4881,2599.8,0
1727406180000,2599.8,2599.8,2589.0,2595.0,12,9342480.000000002,0.0,4885,2597.0,0
1727406240000,2597.0,2597.4,2593.4,2597.4,8,6229080.0,0.0,4888,2595.0,0
1727406300000,2597.2,2597.2,2593.0,2594.0,18,14007540.0,0.0,4896,2597.4,0
1727406360000,2595.8,2599.0,2595.8,2598.2000000000003,13,10134600.0,0.0,4895,2594.0,0
1727406420000,2602.6000000000004,2608.8,2602.6000000000004,2608.0000000000005,35,27369420.0,0.0,4900,2598.2000000000003,0
1727406480000,2610.2000000000003,2614.0000000000005,2607.2000000000003,2609.2000000000003,25,19581600.0,0.0,4909,2608.0000000000005,0
1727406540000,2608.0000000000005,2608.0000000000005,2601.6000000000004,2604.0000000000005,11,8596440.000000002,0.0,4913,2609.2000000000003,0
1727406600000,2606.0,2624.0,2606.0,2624.0,32,25119120.000000004,0.0,4926,2604.0,0
1727406660000,2623.0,2625.0,2616.4,2621.8,18,14147880.000000002,0.0,4935,2624.0,0
1727406720000,2623.6000000000004,2638.8,2623.6000000000004,2626.6000000000004,20,15789060.0,0.0,4945,2621.8,0
1727406780000,2623.0000000000005,2624.4000000000005,2614.6000000000004,2620.0000000000005,20,15718320.0,0.0,4952,2626.6000000000004,0
1727406840000,2626.0,2639.2,2621.0,2621.0,27,21280500.000000004,0.0,4960,2620.0,0
1727406900000,2625.0,2625.0,2599.8,2601.0,31,24254580.0,0.0,4967,2621.0,0
1727406960000,2596.0,2610.2000000000003,2595.8,2608.4,28,21853500.0,0.0,4983,2601.0,0
1727407020000,2601.2000000000003,2610.8,2599.6000000000004,2610.8,16,12502020.000000002,0.0,4991,2608.4000000000005,0
1727407080000,2613.0,2615.2000000000003,2604.4,2607.6,8,6264480.0,0.0,4993,2610.8,0
1727407140000,2605.6000000000004,2625.4000000000005,2605.6000000000004,2621.8,20,15686460.0,0.0,4995,2607.6000000000004,0
1727407200000,2621.4,2625.2000000000003,2616.8,2619.0,19,14935260.000000002,0.0,5001,2621.8,0
1727407260000,2622.2000000000003,2634.6000000000004,2620.2000000000003,2627.8,25,19719660.0,0.0,5007,2619.0000000000005,0
1727407320000,2629.2000000000003,2633.0,2616.8,2624.6000000000004,34,26774940.000000004,0.0,5024,2627.8,0
1727407380000,2626.4,2634.8,2623.8,2633.0,53,41864160.00000001,0.0,5025,2624.6000000000004,0
1727407440000,2632.4,2634.8,2628.8,2634.8,20,15795360.0,0.0,5028,2633.0,0
1727407500000,2634.6000000000004,2634.6000000000004,2614.6000000000004,2614.6000000000004,46,36205740.00000001,0.0,5054,2634.8,0
1727407560000,2611.0,2630.0,2609.8,2622.0,27,21226020.0,0.0,5060,2614.6000000000004,0
1727407620000,2622.4000000000005,2622.4000000000005,2608.6000000000004,2608.6000000000004,22,17268120.000000004,0.0,5061,2622.0000000000005,0
1727407680000,2613.0000000000005,2617.4000000000005,2607.6000000000004,2611.2000000000003,8,6271380.000000001,0.0,5065,2608.6000000000004,0
1727407740000,2612.0000000000005,2617.8,2606.2000000000003,2617.2000000000003,18,14116080.0,0.0,5070,2611.2000000000003,0
1727407800000,2619.2000000000003,2637.8,2619.2000000000003,2629.6000000000004,34,26808720.000000004,0.0,5073,2617.2000000000003,0
1727413260000,2640.0000000000005,2657.6000000000004,2638.6000000000004,2649.2000000000003,81,64259040.0,0.0,5104,2629.6000000000004,0
1727413320000,2649.4,2653.2000000000003,2638.2000000000003,2653.2000000000003,33,26180340.0,0.0,5125,2649.2000000000003,0
1727413380000,2653.2000000000003,2660.0000000000005,2648.6000000000004,2656.2000000000003,31,24683460.0,0.0,5129,2653.2000000000003,0
1727413440000,2659.0,2689.8,2657.8,2689.8,30,24080700.0,0.0,5139,2656.2000000000003,0
1727413500000,2692.6,2695.2000000000003,2667.4,2669.2000000000003,66,53036940.00000001,0.0,5176,2689.8,0
1727413560000,2668.8,2682.6000000000004,2668.6000000000004,2682.6000000000004,27,21650100.000000004,0.0,5189,2669.2000000000003,0
1727413620000,2682.6000000000004,2683.2000000000003,2671.8,2675.0,26,20869860.0,0.0,5198,2682.6000000000004,0
1727413680000,2674.8,2715.4,2673.2000000000003,2705.6000000000004,44,35570640.00000001,0.0,5218,2675.0000000000005,0
1727413740000,2703.2,2707.2,2692.0,2705.4,41,33209760.000000004,0.0,5242,2705.6,0
1727413800000,2705.8,2733.0,2705.8,2729.8,66,53940000.00000001,0.0,5281,2705.4,0
1727413860000,2733.0,2746.8,2720.0,2720.0,95,77819400.0,0.0,5314,2729.8,0
1727413920000,2712.0000000000005,2716.0000000000005,2688.2000000000003,2688.2000000000003,42,33992700.0,0.0,5323,2720.0000000000005,0
1727413980000,2688.2000000000003,2709.6000000000004,2688.2000000000003,2701.0000000000005,43,34907400.0,0.0,5347,2688.2000000000003,0
1727414040000,2699.4000000000005,2707.0000000000005,2650.6000000000004,2658.8,58,46606920.00000001,0.0,5360,2701.0000000000005,0
1727414100000,2655.4,2678.8,2655.4,2674.8,25,20028420.0,0.0,5368,2658.8,0
1727414160000,2668.0,2669.4,2641.0,2641.2,54,43065240.0,0.0,5369,2674.8,0
1727414220000,2641.0,2662.6,2641.0,2657.6,30,23868420.0,0.0,5371,2641.2,0
1727414280000,2661.0,2666.0,2651.4,2657.0,36,28728840.000000004,0.0,5387,2657.6,0
1727414340000,2658.8,2665.6000000000004,2658.8,2665.6000000000004,16,12780840.000000002,0.0,5389,2657.0,0
1727414400000,2664.0000000000005,2673.4000000000005,2652.6000000000004,2652.6000000000004,20,15982440.0,0.0,5391,2665.6000000000004,0
1727414460000,2648.8,2652.6,2600.0,2600.0,69,54465600.00000001,0.0,5408,2652.6,0
1727414520000,2600.0,2633.0,2600.0,2631.8,54,42402960.0,0.0,5419,2600.0,0
1727414580000,2632.0000000000005,2639.8,2613.6000000000004,2618.4000000000005,19,14964840.0,0.0,5419,2631.8,0
1727414640000,2618.4,2624.0,2610.0,2619.0,22,17273100.0,0.0,5426,2618.4,0
1727414700000,2619.8,2621.2,2611.0,2618.4,59,46307640.00000001,0.0,5465,2619.0,0
1727414760000,2619.0,2631.2000000000003,2617.8,2625.6000000000004,36,28355880.000000004,0.0,5484,2618.4,0
1727414820000,2620.0,2633.0,2620.0,2630.8,13,10239840.0,0.0,5492,2625.6,0
1727414880000,2627.4,2627.4,2609.8,2609.8,26,20408040.0,0.0,5503,2630.8,0
1727414940000,2611.0,2624.0,2611.0,2615.6,18,14135100.000000002,0.0,5510,2609.8,0
1727415000000,2615.0,2615.6,2610.0,2610.4,11,8622480.0,0.0,5514,2615.6,0
1727415060000,2612.8,2612.8,2583.2000000000003,2585.4,54,42056340.00000001,0.0,5530,2610.4,0
1727415120000,2585.6,2597.2,2579.0,2597.2,83,64478040.00000001,0.0,5522,2585.4,0
1727415180000,2597.2,2598.4,2590.0,2593.2,36,28015620.0,0.0,5536,2597.2,0
1727415240000,2598.8,2614.0000000000005,2593.2000000000003,2614.0000000000005,25,19530240.0,0.0,5547,2593.2000000000003,0
1727415300000,2613.4,2613.8,2608.0,2609.8,16,12531480.000000002,0.0,5552,2614.0,0
1727415360000,2609.8,2617.8,2609.8,2615.6000000000004,14,10977720.000000002,0.0,5553,2609.8,0
1727415420000,2612.0,2615.8,2604.0,2604.0,15,11737740.0,0.0,5561,2615.6,0
1727415480000,2591.0,2597.4,2591.0,2596.8,12,9335940.000000002,0.0,5563,2604.0,0
1727415540000,2597.4000000000005,2597.4000000000005,2593.6000000000004,2593.6000000000004,7,5451060.000000001,0.0,5564,2596.8,0
1727415600000,2591.8,2591.8,2572.0,2572.0,28,21686760.0,0.0,5565,2593.6,0
1727415660000,2568.0,2573.2,2550.0,2555.0,71,54606240.00000001,0.0,5582,2572.0,0
1727415720000,2554.8,2585.4,2554.8,2585.4,33,25464120.000000004,0.0,5597,2555.0,0
1727415780000,2585.8,2592.0,2584.4,2592.0,13,10095060.0,0.0,5597,2585.4,0
1727415840000,2594.2000000000003,2600.6000000000004,2592.2000000000003,2600.6000000000004,27,21033120.0,0.0,5610,2592.0000000000005,0
1727415900000,2600.4,2600.4,2588.2000000000003,2588.2000000000003,16,12454320.0,0.0,5619,2600.6000000000004,0
1727415960000,2588.2000000000003,2592.8,2576.2000000000003,2592.2000000000003,15,11645100.0,0.0,5631,2588.2000000000003,0
1727416020000,2591.0,2601.2,2591.0,2599.0,18,14032980.0,0.0,5639,2592.2,0
1727416080000,2599.8,2599.8,2590.8,2595.0,17,13230120.0,0.0,5650,2599.0,0
1727416140000,2593.8,2598.4,2589.8,2589.8,9,7008960.000000001,0.0,5655,2595.0,0
1727416200000,2593.8,2597.2000000000003,2593.8,2595.6000000000004,5,3893820.0,0.0,5658,2589.8,0
1727416260000,2591.8,2600.0,2591.8,2595.0,47,36594300.0,0.0,5691,2595.6000000000004,0
1727416320000,2594.4000000000005,2595.0000000000005,2593.6000000000004,2594.2000000000003,12,9340560.000000002,0.0,5697,2595.0000000000005,0
1727416380000,2594.8,2595.0000000000005,2590.2000000000003,2590.2000000000003,6,4667160.000000001,0.0,5702,2594.2000000000003,0
1727416440000,2591.8,2591.8,2582.6000000000004,2585.8,16,12418320.0,0.0,5704,2590.2000000000003,0
1727416500000,2580.0,2592.6,2575.0,2592.6,79,61263120.00000001,0.0,5760,2585.8,0
1727416560000,2592.6000000000004,2593.4,2585.8,2586.6000000000004,18,13990500.0,0.0,5764,2592.6000000000004,0
1727416620000,2586.6,2588.0,2584.4,2585.0,44,34128060.0,0.0,5797,2586.6,0
1727416680000,2589.2,2589.2,2585.0,2585.0,4,3103560.0,0.0,5799,2585.0,0
1727416740000,2585.0,2588.0,2585.0,2586.4,57,44207460.00000001,0.0,5849,2585.0,0
1727416800000,2590.6000000000004,2597.6000000000004,2588.2000000000003,2595.8,42,32678160.0,0.0,5873,2586.4,0
1727416860000,2591.2000000000003,2597.2000000000003,2587.8,2597.2000000000003,5,3888060.0,0.0,5876,2595.8,0
1727416920000,2589.0,2590.0,2585.0,2590.0,22,17070240.0,0.0,5891,2597.2,0
1727416980000,2589.6000000000004,2602.0000000000005,2589.6000000000004,2602.0000000000005,24,18693300.000000004,0.0,5904,2590.0000000000005,0
1727417040000,2603.6000000000004,2615.0000000000005,2600.6000000000004,2615.0000000000005,26,20346420.0,0.0,5906,2602.0000000000005,0
1727417100000,2616.6,2616.6,2604.0,2605.6,16,12514080.0,0.0,5913,2615.0,0
1727417160000,2601.0,2608.6,2600.0,2608.6,12,9370800.000000002,0.0,5917,2605.6,0
1727417220000,2603.4,2604.0,2599.8,2599.8,4,3123060.0,0.0,5918,2608.6000000000004,0
1727417280000,2598.0,2598.8,2598.0,2598.8,4,3118320.0,0.0,5919,2599.8,0
1727417340000,2599.0,2599.0,2594.0,2594.2,5,3894000.0,0.0,5919,2598.8,0
1727417400000,2597.0,2599.6,2597.0,2599.2,4,3117900.0,0.0,5917,2594.2,0
1727417460000,2601.8,2602.8,2599.4,2599.4,6,4682400.000000001,0.0,5920,2599.2000000000003,0
1727417520000,2599.4,2602.8,2598.4,2601.4,26,20292420.0,0.0,5944,2599.4,0
1727417580000,2600.6,2602.6,2597.0,2602.6,41,31972620.000000004,0.0,5958,2601.4,0
1727417640000,2595.0,2595.0,2590.0,2595.0,68,52906440.00000001,0.0,6001,2602.6,0
1727417700000,2595.0,2595.0,2595.0,2595.0,0,0.0,0.0,6001,2595.0,0
1727417760000,2598.6,2598.8,2595.4,2598.0,8,6233460.000000001,0.0,6003,2595.0,0
1727417820000,2598.0000000000005,2598.0000000000005,2596.6000000000004,2596.6000000000004,5,3895740.0,0.0,6003,2598.0000000000005,0
1727417880000,2598.4,2599.0000000000005,2595.2000000000003,2596.2000000000003,10,7789440.0,0.0,6008,2596.6000000000004,0
1727417940000,2599.6000000000004,2611.2000000000003,2599.6000000000004,2611.2000000000003,15,11725680.0,0.0,6017,2596.2000000000003,0
1727418000000,2610.6,2613.4,2609.0,2609.0,25,19576140.0,0.0,6036,2611.2,0
1727418060000,2610.6000000000004,2617.8,2606.2000000000003,2617.8,12,9408000.000000002,0.0,6038,2609.0000000000005,0
1727418120000,2614.6000000000004,2619.6000000000004,2609.8,2619.6000000000004,16,12558120.000000002,0.0,6035,2617.8,0
1727418180000,2620.0,2633.2,2620.0,2630.6,38,29962200.000000004,0.0,6037,2619.6,0
1727418240000,2630.2000000000003,2630.2000000000003,2617.8,2617.8,16,12596220.0,0.0,6049,2630.6000000000004,0
1727418300000,2617.2000000000003,2623.2000000000003,2612.4,2617.2000000000003,11,8637120.0,0.0,6053,2617.8,0
1727418360000,2622.0,2622.0,2610.0,2617.0,7,5491260.000000001,0.0,6056,2617.2,0
1727418420000,2610.2000000000003,2610.2000000000003,2603.8,2603.8,10,7822020.0,0.0,6063,2617.0,0
1727418480000,2603.4,2605.8,2598.0,2605.8,20,15606480.0,0.0,6074,2603.8,0
1727418540000,2604.8,2614.0,2604.8,2612.0,28,21934800.000000004,0.0,6089,2605.8,0
1727418600000,2612.0,2612.0,2607.8,2609.2000000000003,24,18797460.000000004,0.0,6087,2612.0,0
1727418660000,2613.2,2615.0,2613.0,2615.0,10,7842540.0,0.0,6092,2609.2,0
1727418720000,2620.0000000000005,2621.6000000000004,2612.2000000000003,2621.6000000000004,20,15701220.0,0.0,6096,2615.0000000000005,0
1727418780000,2624.4,2626.6000000000004,2620.2000000000003,2622.2000000000003,11,8660400.0,0.0,6099,2621.6000000000004,0
1727418840000,2621.8,2629.4,2619.0,2629.0,13,10241280.0,0.0,6099,2622.2,0
1727418900000,2632.4,2637.2000000000003,2629.2000000000003,2637.0000000000005,19,15012540.0,0.0,6096,2629.0000000000005,0
1727418960000,2636.6000000000004,2636.6000000000004,2626.6000000000004,2632.2000000000003,11,8682540.0,0.0,6098,2637.0000000000005,0
1727419020000,2634.0,2634.0,2620.0,2621.6,10,7878840.0,0.0,6101,2632.2,0
1727419080000,2619.6000000000004,2629.8,2619.6000000000004,2623.4000000000005,7,5511660.000000001,0.0,6103,2621.6000000000004,0
1727419140000,2635.0000000000005,2636.8,2633.2000000000003,2636.8,5,3952560.0,0.0,6106,2623.4,0
1727419200000,2633.4,2636.6,2630.0,2633.4,18,14221620.0,0.0,6113,2636.8,0
1727419260000,2631.4,2637.0,2631.4,2637.0,6,4744020.000000001,0.0,6113,2633.4,0
1727419320000,2637.8,2657.2000000000003,2637.8,2656.4,20,15881820.0,0.0,6118,2637.0,0
1727419380000,2656.4000000000005,2656.4000000000005,2641.6000000000004,2646.2000000000003,14,11123520.0,0.0,6127,2656.4000000000005,0
1727419440000,2654.6,2655.4,2650.0,2650.0,8,6364080.0,0.0,6131,2646.2,0
1727419500000,2649.4,2651.6,2632.0,2632.0,13,10307880.0,0.0,6136,2650.0,0
1727419560000,2631.2000000000003,2642.8,2630.8,2633.6000000000004,25,19767780.0,0.0,6150,2632.0,0
1727419620000,2635.0000000000005,2635.0000000000005,2617.2000000000003,2620.2000000000003,28,22034400.000000004,0.0,6158,2633.6000000000004,0
1727419680000,2616.0,2623.4,2612.0,2617.6,12,9419340.000000002,0.0,6157,2620.2,0
1727419740000,2616.0,2624.0,2616.0,2619.6,19,14937900.0,0.0,6165,2617.6,0
1727419800000,2624.0,2629.8,2623.0,2629.8,10,7877580.0,0.0,6166,2619.6,0
1727419860000,2624.6000000000004,2633.0000000000005,2624.6000000000004,2628.0000000000005,14,11047860.000000002,0.0,6167,2629.8,0
1727419920000,2632.0,2633.4,2627.4,2633.4,5,3947100.0,0.0,6170,2628.0,0
1727419980000,2628.0000000000005,2636.6000000000004,2627.2000000000003,2636.6000000000004,12,9477240.000000002,0.0,6177,2633.4,0
1727420040000,2639.8,2640.8,2631.0,2636.2,21,16618020.000000002,0.0,6190,2636.6,0
1727420100000,2636.2000000000003,2636.2000000000003,2630.6000000000004,2630.6000000000004,28,22125840.0,0.0,6214,2636.2000000000003,0
1727420160000,2631.0,2637.8,2630.8,2637.8,26,20534640.0,0.0,6229,2630.6000000000004,0
1727420220000,2638.0,2653.0,2638.0,2652.8,15,11907060.0,0.0,6232,2637.8,0
1727420280000,2656.0000000000005,2666.0000000000005,2653.6000000000004,2666.0000000000005,16,12765120.0,0.0,6237,2652.8,0
1727420340000,2663.8,2670.4,2655.0,2655.0,16,12783720.000000002,0.0,6244,2666.0,0
1727420400000,2656.0000000000005,2656.0000000000005,2651.6000000000004,2654.4000000000005,15,11943600.0,2618.8,6250,2655.0000000000005,0
1727659800000,2718.8,2718.8,2718.8,2718.8,51,41597640.00000001,0.0,6249,2654.4,0
1727659860000,2744.8,2795.0,2744.8,2768.4,316,263260260.0,0.0,6098,2718.8,0
1727659920000,2772.0000000000005,2772.0000000000005,2719.6000000000004,2744.2000000000003,199,163442100.00000003,0.0,6019,2768.4000000000005,0
1727659980000,2745.0,2762.6000000000004,2741.8,2742.6000000000004,150,123774900.0,0.0,5951,2744.2000000000003,0
1727660040000,2745.8,2766.4,2744.2000000000003,2766.0000000000005,91,75250800.0,0.0,5934,2742.6000000000004,0
1727660100000,2762.0,2766.2,2748.0,2749.0,59,48760860.00000001,0.0,5911,2766.0,0
1727660160000,2751.8,2751.8,2727.4,2730.2000000000003,76,62375040.0,0.0,5895,2749.0,0
1727660220000,2730.2000000000003,2752.0000000000005,2730.2000000000003,2744.0000000000005,79,65028420.00000001,0.0,5850,2730.2000000000003,0
1727660280000,2742.0,2742.0,2726.4,2727.2000000000003,70,57415440.0,0.0,5830,2744.0,0
1727660340000,2725.2000000000003,2736.0000000000005,2717.2000000000003,2718.4,63,51484020.00000001,0.0,5806,2727.2000000000003,0
1727660400000,2717.2,2729.6,2708.0,2708.8,77,62806980.0,0.0,5778,2718.4,0
1727660460000,2709.4,2721.2,2705.0,2709.4,82,66729600.00000001,0.0,5747,2708.8,0
1727660520000,2708.0,2728.0,2708.0,2728.0,130,106015920.0,0.0,5713,2709.4,0
1727660580000,2724.2000000000003,2726.8,2711.2000000000003,2714.2000000000003,71,57899820.00000001,0.0,5711,2728.0000000000005,0
1727660640000,2715.4,2719.4,2710.8,2710.8,75,61065780.0,0.0,5707,2714.2000000000003,0
1727660700000,2710.8,2714.6,2698.4,2706.4,90,73057380.0,0.0,5705,2710.8,0
1727660760000,2706.6,2709.4,2696.0,2697.8,60,48638400.0,0.0,5688,2706.4,0
1727660820000,2702.2,2702.4,2688.0,2688.8,55,44455680.0,0.0,5688,2697.8,0
1727660880000,2688.0,2692.0,2675.0,2676.8,80,64390980.0,0.0,5652,2688.8,0
1727660940000,2676.8,2694.2,2675.0,2675.0,127,102264480.0,0.0,5589,2676.8,0
1727661000000,2690.6000000000004,2690.6000000000004,2674.8,2674.8,25,20098260.0,0.0,5578,2675.0,0
1727661060000,2675.0,2680.2000000000003,2666.4,2672.4,23,18436800.000000004,0.0,5578,2674.8,0
1727661120000,2667.0,2667.0,2654.0,2655.2,74,59046720.00000001,0.0,5553,2672.4,0
1727661180000,2655.0,2659.8,2636.0,2638.6,56,44506380.00000001,0.0,5547,2655.2,0
1727661240000,2638.6000000000004,2679.6000000000004,2638.6000000000004,2678.8,147,117489360.00000001,0.0,5518,2638.6000000000004,0
1727661300000,2679.6000000000004,2688.8,2674.6000000000004,2684.0000000000005,67,53953320.00000001,0.0,5514,2678.8,0
1727661360000,2682.2000000000003,2689.6000000000004,2676.8,2683.6000000000004,30,24148620.0,0.0,5505,2684.0,0
1727661420000,2685.2000000000003,2689.4,2681.4,2687.8,44,35457240.0,0.0,5512,2683.6,0
1727661480000,2688.6000000000004,2688.6000000000004,2673.6000000000004,2678.2000000000003,22,17683920.000000004,0.0,5512,2687.8,0
1727661540000,2678.2000000000003,2680.8,2674.4,2680.2000000000003,23,18484380.0,0.0,5505,2678.2000000000003,0
1727661600000,2677.6000000000004,2686.8,2677.6000000000004,2682.4000000000005,18,14484660.000000002,0.0,5499,2680.2000000000003,0
1727661660000,2682.8,2685.8,2670.0,2671.6,38,30534060.000000004,0.0,5487,2682.4,0
1727661720000,2671.6000000000004,2682.0000000000005,2671.6000000000004,2678.2000000000003,31,24905520.0,0.0,5484,2671.6000000000004,0
1727661780000,2682.0,2689.4,2682.0,2686.6,35,28198140.0,0.0,5471,2678.2,0
1727661840000,2688.8,2699.2000000000003,2688.8,2696.0,37,29916360.000000004,0.0,5458,2686.6000000000004,0
1727661900000,2692.8,2701.0,2692.8,2696.2000000000003,34,27516360.000000004,0.0,5452,2696.0,0
1727661960000,2693.4000000000005,2693.8,2682.6000000000004,2690.2000000000003,41,33086160.000000004,0.0,5448,2696.2000000000003,0
1727662020000,2687.0,2688.0,2681.4,2681.4,14,11276280.0,0.0,5445,2690.2000000000003,0
1727662080000,2688.8,2688.8,2681.2000000000003,2684.2000000000003,14,11284140.000000002,0.0,5445,2681.4,0
1727662140000,2688.0,2688.0,2681.0,2686.8,9,7246500.0,0.0,5445,2684.2,0
1727662200000,2688.0000000000005,2688.0000000000005,2673.6000000000004,2674.4000000000005,38,30566820.000000004,0.0,5443,2686.8,0
1727662260000,2675.0,2678.6,2673.4,2673.6,8,6419400.0,0.0,5444,2674.4,0
1727662320000,2671.2,2675.0,2671.0,2675.0,10,8019780.0,0.0,5445,2673.6,0
1727662380000,2676.0,2683.8,2672.0,2672.4,20,16049100.0,0.0,5436,2675.0,0
1727662440000,2670.0,2674.4,2660.4,2660.4,25,19990140.0,0.0,5430,2672.4,0
1727662500000,2661.2000000000003,2672.2000000000003,2661.2000000000003,2670.6000000000004,27,21598140.000000004,0.0,5429,2660.4,0
1727662560000,2666.8,2668.0,2666.8,2668.0,11,8800800.0,0.0,5429,2670.6000000000004,0
1727662620000,2666.8,2666.8,2661.2000000000003,2665.2000000000003,36,28769520.000000004,0.0,5438,2668.0000000000005,0
1727662680000,2664.6,2665.2,2660.0,2661.4,84,67075620.00000001,0.0,5475,2665.2,0
1727662740000,2661.4,2673.8,2656.4,2673.8,103,82239000.0,0.0,5526,2661.4,0
1727662800000,2673.8,2674.2000000000003,2668.6000000000004,2672.6000000000004,26,20829960.000000004,0.0,5522,2673.8,0
1727662860000,2675.8,2680.8,2675.8,2677.4,17,13659000.000000002,0.0,5526,2672.6000000000004,0
1727662920000,2677.2000000000003,2682.6,2675.4,2682.6,34,27327660.000000004,0.0,5526,2677.4,0
1727662980000,2681.4,2686.0,2681.4,2682.6,28,22539180.000000004,0.0,5540,2682.6,0
1727663040000,2680.8,2684.0,2680.8,2684.0,12,9655860.000000002,0.0,5543,2682.6000000000004,0
1727663100000,2684.4,2686.4,2683.4,2683.4,14,11275680.000000002,0.0,5550,2684.0,0
1727663160000,2684.4,2686.2,2684.0,2686.2,9,7249980.000000001,0.0,5551,2683.4,0
1727663220000,2683.8,2691.2000000000003,2683.8,2691.2000000000003,19,15322740.000000002,0.0,5556,2686.2000000000003,0
1727663280000,2691.4000000000005,2691.8,2688.6000000000004,2688.6000000000004,30,24205200.0,0.0,5566,2691.2000000000003,0
1727663340000,2688.6,2694.2,2685.0,2685.0,24,19361100.000000004,0.0,5571,2688.6,0
1727663400000,2685.0,2690.4,2685.0,2689.2,23,18545880.0,0.0,5574,2685.0,0
1727663460000,2689.2,2689.8,2686.0,2687.2,12,9675360.000000002,0.0,5577,2689.2,0
1727663520000,2686.2000000000003,2686.2000000000003,2673.4,2675.4,34,27323580.000000004,0.0,5587,2687.2000000000003,0
1727663580000,2676.0,2677.2,2674.0,2676.6,64,51392580.0,0.0,5608,2675.4,0
1727663640000,2678.4,2682.0000000000005,2677.2000000000003,2677.2000000000003,14,11254860.0,0.0,5617,2676.6000000000004,0
1727663700000,2677.2000000000003,2679.4,2673.4,2678.4,15,12048120.0,0.0,5620,2677.2000000000003,0
1727663760000,2677.2000000000003,2678.6,2675.4,2676.2000000000003,18,14457240.0,0.0,5629,2678.4,0
1727663820000,2677.2000000000003,2678.4000000000005,2674.6000000000004,2674.6000000000004,5,4015260.0,0.0,5631,2676.2000000000003,0
1727663880000,2673.4,2673.6000000000004,2669.8,2672.4,22,17634120.0,0.0,5639,2674.6000000000004,0
1727663940000,2673.4,2676.0000000000005,2671.2000000000003,2671.2000000000003,22,17646720.000000004,0.0,5648,2672.4,0
1727664000000,2672.4,2676.0,2672.4,2676.0,12,9626280.000000002,0.0,5653,2671.2000000000003,0
1727664060000,2674.0000000000005,2677.8,2673.6000000000004,2677.8,8,6419220.000000001,0.0,5657,2676.0000000000005,0
1727664120000,2673.0,2679.6,2673.0,2679.6,15,12039300.0,0.0,5664,2677.8,0
1727664180000,2680.6,2682.6,2679.4,2680.4,11,8847900.000000002,0.0,5666,2679.6,0
1727664240000,2679.4,2679.4,2674.4,2676.2000000000003,15,12045600.0,0.0,5665,2680.4,0
1727664300000,2676.4,2676.6000000000004,2673.8,2673.8,11,8828820.0,0.0,5662,2676.2000000000003,0
1727664360000,2677.2000000000003,2677.2000000000003,2671.6000000000004,2674.2000000000003,13,10424820.0,0.0,5669,2673.8,0
1727664420000,2674.4,2686.2000000000003,2674.4,2686.2000000000003,27,21713640.0,0.0,5677,2674.2000000000003,0
1727664480000,2686.2000000000003,2690.8,2684.6000000000004,2690.8,26,20965980.0,0.0,5681,2686.2000000000003,0
1727664540000,2691.0000000000005,2692.6000000000004,2687.6000000000004,2689.8,18,14526180.0,0.0,5685,2690.8,0
1727664600000,2688.0000000000005,2690.0000000000005,2684.6000000000004,2686.0000000000005,24,19345920.000000004,0.0,5693,2689.8,0
1727664660000,2686.6,2689.0,2686.0,2689.0,53,42726120.00000001,0.0,5708,2686.0,0
1727664720000,2686.8,2688.6,2684.0,2688.4,33,26597640.000000004,0.0,5722,2689.0,0
1727664780000,2688.0,2702.4,2688.0,2702.4,43,34802460.0,0.0,5735,2688.4,0
1727664840000,2702.4000000000005,2705.8,2700.6000000000004,2705.8,19,15405540.000000002,0.0,5738,2702.4000000000005,0
1727664900000,2706.4,2713.4,2702.4,2707.0,42,34122300.0,0.0,5754,2705.8,0
1727664960000,2707.0,2710.8,2705.4,2709.6,25,20309640.0,0.0,5758,2707.0,0
1727665020000,2707.4,2709.0,2702.0,2702.2,14,11360280.0,0.0,5760,2709.6,0
1727665080000,2702.0,2716.2,2701.0,2716.2,18,14610540.0,0.0,5758,2702.2,0
1727665140000,2716.6000000000004,2718.8,2711.6000000000004,2718.8,18,14664300.000000002,0.0,5755,2716.2000000000003,0
1727665200000,2720.0,2721.4,2714.4,2718.4,56,45678360.00000001,0.0,5754,2718.8,0
1727665260000,2718.4,2728.6,2718.4,2728.6,60,49030020.0,0.0,5748,2718.4,0
1727665320000,2729.0000000000005,2731.2000000000003,2710.2000000000003,2710.2000000000003,25,20414700.0,0.0,5748,2728.6000000000004,0
1727665380000,2708.0,2720.0,2708.0,2718.6,21,17112300.000000004,0.0,5744,2710.2,0
1727665440000,2716.4,2721.8,2714.2000000000003,2715.0000000000005,7,5706180.0,0.0,5742,2718.6000000000004,0
1727665500000,2717.6,2717.6,2701.0,2701.0,15,12176760.0,0.0,5746,2715.0,0
1727665560000,2704.0,2711.0,2700.0,2700.0,41,33238080.000000004,0.0,5762,2701.0,0
1727665620000,2696.8,2699.0000000000005,2695.6000000000004,2698.6000000000004,19,15373500.0,0.0,5770,2700.0000000000005,0
1727665680000,2695.6000000000004,2695.6000000000004,2694.6000000000004,2695.2000000000003,3,2425620.0000000005,0.0,5770,2698.6000000000004,0
1727665740000,2701.2000000000003,2710.0000000000005,2701.2000000000003,2710.0000000000005,10,8119560.0,0.0,5768,2695.2000000000003,0
1727665800000,2716.4,2716.6,2710.0,2712.0,11,8953980.000000002,0.0,5771,2710.0,0
1727665860000,2710.4,2711.2000000000003,2710.4,2711.2000000000003,2,1626480.0,0.0,5772,2712.0,0
1727665920000,2711.2000000000003,2714.6000000000004,2708.6000000000004,2708.6000000000004,13,10575000.0,0.0,5773,2711.2000000000003,0
1727665980000,2703.2000000000003,2703.2000000000003,2697.6000000000004,2701.8,5,4050240.0,0.0,5773,2708.6000000000004,0
1727666040000,2700.6000000000004,2711.8,2700.6000000000004,2711.8,12,9743940.000000002,0.0,5775,2701.8,0
1727666100000,2714.0,2714.0,2713.8,2713.8,4,3256740.0,0.0,5776,2711.8,0
1727666160000,2709.8,2709.8,2709.8,2709.8,1,812940.0,0.0,5777,2713.8,0
1727666220000,2710.6,2716.2,2708.0,2708.0,8,6509040.0,0.0,5778,2709.8,0
1727666280000,2709.6,2715.4,2704.4,2710.6,13,10568700.0,0.0,5781,2708.0,0
1727666340000,2711.0,2714.6,2711.0,2714.6,3,2441580.0000000005,0.0,5781,2710.6,0
1727666400000,2713.6,2715.8,2711.4,2711.4,7,5700300.0,0.0,5785,2714.6,0
1727666460000,2710.2000000000003,2715.6000000000004,2709.2000000000003,2711.0000000000005,7,5692800.0,0.0,5788,2711.4,0
1727666520000,2713.8,2715.8,2710.6000000000004,2715.8,10,8141640.0,0.0,5786,2711.0000000000005,0
1727666580000,2719.0000000000005,2723.0000000000005,2718.6000000000004,2722.6000000000004,22,17962620.0,0.0,5782,2715.8,0
1727666640000,2723.0,2723.2000000000003,2719.4,2723.2000000000003,6,4897680.000000001,0.0,5784,2722.6,0
1727666700000,2719.2000000000003,2720.4,2716.4,2720.4,11,8973420.0,0.0,5791,2723.2000000000003,0
1727666760000,2718.2000000000003,2720.6000000000004,2715.6000000000004,2715.6000000000004,11,8970360.000000002,0.0,5798,2720.4000000000005,0
1727666820000,2719.4,2730.6,2719.4,2727.6,36,29432040.0,0.0,5804,2715.6,0
1727666880000,2732.0,2732.4,2726.4,2732.4,33,27025980.000000004,0.0,5805,2727.6,0
1727666940000,2734.4,2735.0,2729.8,2733.2000000000003,37,30318300.000000004,0.0,5806,2732.4,0
1727667000000,2735.4,2736.6000000000004,2732.8,2735.0,44,36102240.0,0.0,5804,2733.2000000000003,0
1727672460000,2735.8,2740.8,2721.8,2733.8,77,63106680.0,0.0,5827,2735.0,0
1727672520000,2736.4,2751.0,2734.8,2749.2000000000003,50,41168280.0,0.0,5833,2733.8,0
1727672580000,2749.2000000000003,2749.2000000000003,2738.2000000000003,2744.4,48,39503160.00000001,0.0,5860,2749.2000000000003,0
1727672640000,2744.8,2750.6000000000004,2740.6000000000004,2743.8,52,42846600.0,0.0,5892,2744.4000000000005,0
1727672700000,2744.2000000000003,2749.2000000000003,2743.2000000000003,2743.8,18,14822580.0,0.0,5902,2743.8,0
1727672760000,2743.2000000000003,2755.8,2743.2000000000003,2753.2000000000003,28,23117340.0,0.0,5914,2743.8,0
1727672820000,2753.2000000000003,2761.2000000000003,2750.6000000000004,2761.2000000000003,19,15721080.0,0.0,5926,2753.2000000000003,0
1727672880000,2761.8,2761.8,2752.8,2753.2000000000003,30,24814800.0,0.0,5936,2761.2000000000003,0
1727672940000,2756.0,2776.4,2756.0,2771.4,43,35661180.0,0.0,5946,2753.2,0
1727673000000,2777.8,2779.2000000000003,2768.6000000000004,2779.2000000000003,19,15821580.000000002,0.0,5954,2771.4000000000005,0
1727673060000,2778.8,2788.6,2776.4,2785.8,42,35058480.0,0.0,5966,2779.2000000000003,0
1727673120000,2781.8,2781.8,2759.4,2761.0,69,57308460.0,0.0,5997,2785.8,0
1727673180000,2759.4,2759.4,2744.4,2746.0,46,37956840.0,0.0,6004,2761.0,0
1727673240000,2744.8,2746.0,2738.8,2745.6000000000004,38,31250460.0,0.0,6012,2746.0,0
1727673300000,2745.2000000000003,2747.8,2740.4,2740.4,13,10704300.0,0.0,6013,2745.6,0
1727673360000,2737.4,2746.6,2737.4,2745.0,9,7406700.0,0.0,6014,2740.4,0
1727673420000,2747.8,2756.8,2747.8,2754.6000000000004,45,37173180.0,0.0,6017,2745.0,0
1727673480000,2755.2000000000003,2755.2000000000003,2747.4,2747.4,6,4950000.000000001,0.0,6020,2754.6,0
1727673540000,2748.2000000000003,2755.8,2748.2000000000003,2750.6000000000004,15,12386100.0,0.0,6019,2747.4,0
1727673600000,2751.0,2752.2,2750.0,2750.0,5,4126860.0,0.0,6021,2750.6,0
1727673660000,2748.2000000000003,2750.0,2737.8,2746.8,28,23051820.0,0.0,6022,2750.0,0
1727673720000,2744.0000000000005,2744.0000000000005,2741.6000000000004,2743.8,10,8227800.0,0.0,6022,2746.8,0
1727673780000,2745.0,2759.4,2745.0,2759.4,13,10732920.0,0.0,6027,2743.8,0
1727673840000,2753.0,2756.4,2752.8,2755.4,10,8261580.0,0.0,6028,2759.4,0
1727673900000,2749.4,2757.0,2749.4,2753.6,13,10738800.0,0.0,6028,2755.4,0
1727673960000,2755.8,2756.4000000000005,2753.6000000000004,2756.4000000000005,7,5785500.000000001,0.0,6030,2753.6000000000004,0
1727674020000,2755.8,2764.2000000000003,2755.8,2764.2000000000003,16,13243020.0,0.0,6033,2756.4,0
1727674080000,2764.2,2767.4,2759.0,2759.0,15,12435360.0,0.0,6034,2764.2,0
1727674140000,2761.0,2761.0,2748.8,2749.8,14,11575200.000000002,0.0,6032,2759.0,0
1727674200000,2756.0,2763.4,2756.0,2762.6,23,19047060.000000004,0.0,6030,2749.8,0
1727674260000,2759.4,2765.2000000000003,2759.4,2762.4,15,12429000.0,0.0,6032,2762.6,0
1727674320000,2760.2000000000003,2773.4,2760.2000000000003,2773.4,14,11633580.000000002,0.0,6033,2762.4,0
1727674380000,2775.0,2775.0,2767.8,2770.0,18,14957160.000000002,0.0,6039,2773.4,0
1727674440000,2769.2000000000003,2769.2000000000003,2765.8,2769.0,16,13285500.0,0.0,6035,2770.0,0
1727674500000,2767.6000000000004,2777.6000000000004,2764.6000000000004,2777.6000000000004,27,22448040.0,0.0,6037,2769.0000000000005,0
1727674560000,2776.8,2777.4000000000005,2771.6000000000004,2777.4000000000005,32,26641500.0,0.0,6041,2777.6000000000004,0
1727674620000,2778.0,2779.2,2777.0,2779.2,25,20834640.0,0.0,6045,2777.4,0
1727674680000,2779.2,2779.2,2769.0,2775.2,38,31624920.000000004,0.0,6058,2779.2,0
1727674740000,2774.4,2784.2000000000003,2774.4,2784.2000000000003,11,9180600.0,0.0,6050,2775.2000000000003,0
1727674800000,2785.0,2792.6,2785.0,2792.6,39,32630520.000000004,0.0,6057,2784.2,0
1727674860000,2794.0,2805.0,2792.8,2805.0,29,24355500.000000004,0.0,6058,2792.6000000000004,0
1727674920000,2825.0,2825.0,2795.0,2802.2,70,58823340.0,0.0,6061,2805.0,0
1727674980000,2803.0000000000005,2822.6000000000004,2802.2000000000003,2809.4,59,49702500.00000001,0.0,6081,2802.2000000000003,0
1727675040000,2811.6000000000004,2817.2000000000003,2805.8,2813.0,27,22768680.0,0.0,6083,2809.4,0
1727675100000,2816.4,2827.0,2810.8,2825.2000000000003,28,23685900.000000004,0.0,6085,2813.0,0
1727675160000,2825.2000000000003,2830.0,2801.8,2810.8,94,79473840.00000001,0.0,6094,2825.2000000000003,0
1727675220000,2818.8,2822.6,2810.0,2818.2,26,21966480.0,0.0,6101,2810.8,0
1727675280000,2820.0,2833.6,2817.4,2833.6,24,20336640.000000004,0.0,6111,2818.2000000000003,0
1727675340000,2834.4,2834.4,2821.4,2827.6,52,44119320.00000001,0.0,6116,2833.6,0
1727675400000,2830.8,2842.8,2829.2000000000003,2831.4,100,85004880.0,0.0,6083,2827.6000000000004,0
1727675460000,2831.4,2838.0,2831.4,2837.4,29,24652920.000000004,0.0,6074,2831.4,0
1727675520000,2839.8,2839.8,2832.0,2832.8,45,38288640.0,0.0,6076,2837.4,0
1727675580000,2833.0,2838.0,2830.0,2835.2,16,13608240.0,0.0,6074,2832.8,0
1727675640000,2838.0,2838.0,2832.4,2836.2000000000003,19,16155780.0,0.0,6078,2835.2000000000003,0
1727675700000,2836.2000000000003,2836.6000000000004,2832.2000000000003,2836.6000000000004,12,10204680.000000002,0.0,6084,2836.2000000000003,0
1727675760000,2836.6000000000004,2856.0000000000005,2836.6000000000004,2852.4000000000005,71,60554520.0,0.0,6075,2836.6000000000004,0
1727675820000,2854.2000000000003,2875.0000000000005,2854.2000000000003,2866.8,52,44724780.0,0.0,6072,2852.4,0
1727675880000,2867.4,2869.4,2851.0,2862.8,53,45478020.00000001,0.0,6076,2866.8,0
1727675940000,2860.8,2873.2000000000003,2860.8,2867.0,51,43923840.00000001,0.0,6076,2862.8,0
1727676000000,2866.6,2868.0,2864.0,2867.4,16,13758540.0,0.0,6077,2867.0,0
1727676060000,2865.8,2866.8,2860.2000000000003,2864.4,16,13745820.0,0.0,6084,2867.4,0
1727676120000,2860.0,2860.0,2831.0,2850.6,68,57971280.00000001,0.0,6091,2864.4,0
1727676180000,2850.2000000000003,2867.8,2850.2000000000003,2858.4,33,28309740.000000004,0.0,6089,2850.6000000000004,0
1727676240000,2861.0000000000005,2861.0000000000005,2854.6000000000004,2859.0000000000005,11,9431760.0,0.0,6090,2858.4000000000005,0
1727676300000,2857.0,2861.8,2851.0,2853.0,22,18845940.000000004,0.0,6092,2859.0,0
1727676360000,2854.4,2859.0,2854.4,2859.0,22,18863280.0,0.0,6093,2853.0,0
1727676420000,2862.8,2865.6,2862.0,2863.8,28,24060420.000000004,0.0,6107,2859.0,0
1727676480000,2862.6,2862.6,2858.4,2861.0,19,16303560.0,0.0,6108,2863.8,0
1727676540000,2863.0,2863.0,2856.8,2860.6000000000004,23,19724640.000000004,0.0,6117,2861.0,0
1727676600000,2862.8,2870.2000000000003,2862.8,2866.2000000000003,27,23225880.0,0.0,6122,2860.6000000000004,0
1727676660000,2866.8,2876.0,2866.0,2876.0,47,40498560.00000001,0.0,6134,2866.2,0
1727676720000,2875.2000000000003,2880.6000000000004,2873.8,2880.0,50,43186140.0,0.0,6148,2876.0,0
1727676780000,2880.2000000000003,2880.6000000000004,2878.8,2880.2000000000003,22,19009800.0,0.0,6151,2880.0,0
1727676840000,2879.8,2880.6000000000004,2879.6000000000004,2880.6000000000004,21,18144180.0,0.0,6154,2880.2000000000003,0
1727676900000,2880.6000000000004,2880.6000000000004,2880.6000000000004,2880.6000000000004,2,1728360.0,0.0,6152,2880.6000000000004,0
1727676960000,2880.6000000000004,2880.6000000000004,2880.6000000000004,2880.6000000000004,9,7777620.0,0.0,6154,2880.6000000000004,0
1727677020000,2880.6,2880.6,2879.4,2880.6,11,9505620.000000002,0.0,6155,2880.6,0
1727677080000,2880.6000000000004,2880.6000000000004,2860.2000000000003,2860.2000000000003,61,52455060.00000001,0.0,6152,2880.6000000000004,0
1727677140000,2858.0000000000005,2873.2000000000003,2856.6000000000004,2865.2000000000003,57,49000560.0,0.0,6150,2860.2000000000003,0
1727677200000,2861.4,2861.4,2828.0,2828.0,53,45176820.00000001,0.0,6154,2865.2,0
1727677260000,2826.8,2848.8,2804.8,2830.0,79,66906420.0,0.0,6154,2828.0,0
1727677320000,2817.2000000000003,2844.4,2817.2000000000003,2837.8,53,45040740.00000001,0.0,6157,2830.0000000000005,0
1727677380000,2841.0,2841.0,2805.8,2807.6000000000004,74,62749380.00000001,0.0,6152,2837.8,0
1727677440000,2806.0,2807.6,2788.0,2792.2,140,117819240.0,0.0,6099,2807.6,0
1727677500000,2788.8,2808.0,2770.0,2801.6,90,75249000.0,0.0,6090,2792.2,0
1727677560000,2799.4,2804.0,2771.0,2772.2,58,48483960.0,0.0,6090,2801.6,0
1727677620000,2770.0,2794.6,2770.0,2794.6,102,85191300.00000001,0.0,6086,2772.2,0
1727677680000,2790.8,2815.6000000000004,2790.8,2813.8,83,69858240.00000001,0.0,6100,2794.6000000000004,0
1727677740000,2813.8,2838.0,2811.4,2831.4,87,73790100.00000001,0.0,6123,2813.8,0
1727677800000,2831.0,2831.0,2800.4,2807.4,51,43042560.00000001,0.0,6137,2831.4,0
1727677860000,2802.0,2821.6,2800.0,2807.6,78,65879880.00000001,0.0,6152,2807.4,0
1727677920000,2808.4,2809.8,2804.8,2809.4,30,25269960.0,0.0,6144,2807.6000000000004,0
1727677980000,2805.0000000000005,2813.0000000000005,2800.2000000000003,2810.4,53,44638740.0,0.0,6149,2809.4,0
1727678040000,2811.0,2811.0,2796.8,2802.4,41,34462500.00000001,0.0,6155,2810.4,0
1727678100000,2801.2000000000003,2812.0000000000005,2798.6000000000004,2812.0000000000005,32,26921460.000000004,0.0,6154,2802.4000000000005,0
1727678160000,2813.2000000000003,2813.2000000000003,2807.4,2811.6,22,18547680.0,0.0,6160,2812.0,0
1727678220000,2811.4000000000005,2837.0000000000005,2810.6000000000004,2837.0000000000005,102,86463180.0,0.0,6216,2811.6000000000004,0
1727678280000,2836.0,2840.8,2827.8,2837.2000000000003,45,38278560.0,0.0,6218,2837.0,0
1727678340000,2839.2000000000003,2839.2000000000003,2829.6000000000004,2836.0000000000005,19,16151760.0,0.0,6214,2837.2000000000003,0
1727678400000,2836.8,2841.8,2834.4,2834.4,20,17021400.0,0.0,6207,2836.0,0
1727678460000,2837.4,2838.8,2833.2000000000003,2833.2000000000003,18,15309600.000000002,0.0,6204,2834.4,0
1727678520000,2837.8,2837.8,2826.0,2826.0,34,28875660.000000004,0.0,6209,2833.2,0
1727678580000,2835.0,2836.2000000000003,2827.4,2829.2000000000003,57,48409920.0,0.0,6230,2826.0,0
1727678640000,2828.2000000000003,2833.0000000000005,2826.2000000000003,2833.0000000000005,44,37353780.00000001,0.0,6252,2829.2000000000003,0
1727678700000,2833.2000000000003,2839.8,2829.2000000000003,2839.8,111,94408380.00000001,0.0,6299,2833.0000000000005,0
1727678760000,2839.8,2839.8,2833.8,2837.0,54,45961560.0,0.0,6314,2839.8,0
1727678820000,2839.0000000000005,2850.0000000000005,2838.6000000000004,2847.8,95,81027300.0,0.0,6356,2837.0000000000005,0
1727678880000,2849.2,2863.0,2849.0,2861.2,58,49701180.00000001,0.0,6362,2847.8,0
1727678940000,2858.6000000000004,2861.2000000000003,2845.6000000000004,2845.6000000000004,61,52261620.00000001,0.0,6398,2861.2000000000003,0
1727679000000,2845.8,2853.8,2844.2000000000003,2846.8,35,29901600.0,0.0,6415,2845.6000000000004,0
1727679060000,2847.6000000000004,2855.8,2845.8,2851.0,94,80391660.00000001,0.0,6472,2846.8,0
1727679120000,2851.0000000000005,2853.4000000000005,2850.6000000000004,2852.0000000000005,79,67584960.0,0.0,6520,2851.0000000000005,0
1727679180000,2852.6000000000004,2854.6000000000004,2846.2000000000003,2854.6000000000004,51,43621560.00000001,0.0,6545,2852.0000000000005,0
1727679240000,2855.2,2857.4,2851.0,2853.0,76,65081100.0,0.0,6596,2854.6,0
1727679300000,2852.4,2854.4,2845.2000000000003,2852.6000000000004,80,68426160.0,0.0,6628,2853.0000000000005,0
1727679360000,2854.4000000000005,2854.8,2850.6000000000004,2853.4000000000005,47,40228200.0,0.0,6656,2852.6000000000004,0
1727679420000,2853.4000000000005,2855.2000000000003,2851.6000000000004,2855.2000000000003,81,69330240.0,0.0,6658,2853.4000000000005,0
1727679480000,2855.2,2860.6,2854.0,2860.6,53,45421500.0,0.0,6679,2855.2,0
1727679540000,2859.8,2863.8,2857.0,2861.8,61,52350660.0,0.0,6715,2860.6,0
1727679600000,2861.8,2880.0,2861.8,2880.0,113,97272480.0,2836.6000000000004,6733,2861.8,0
1728351000000,3120.2000000000003,3120.2000000000003,3120.2000000000003,3120.2000000000003,23,21529380.000000004,0.0,6720,2880.0000000000005,0
1728351060000,3120.2,3120.2,3093.0,3120.2,466,434925900.00000006,0.0,6687,3120.2,0
1728351120000,3120.2000000000003,3120.2000000000003,3114.8,3119.0,130,121678440.0,0.0,6672,3120.2000000000003,0
1728351180000,3119.4,3120.2,3084.0,3107.8,240,223955580.0,0.0,6654,3119.0,0
1728351240000,3108.8,3113.2000000000003,3095.6000000000004,3097.8,146,136023360.0,0.0,6643,3107.8,0
1728351300000,3096.2,3100.6,3070.0,3075.2,165,152724360.0,0.0,6574,3097.8,0
1728351360000,3069.2000000000003,3094.2000000000003,3066.4,3092.4,141,130342260.00000001,0.0,6586,3075.2000000000003,0
1728351420000,3096.0,3098.4,3066.0,3067.8,79,73074540.0,0.0,6576,3092.4,0
1728351480000,3072.2,3088.0,3062.0,3062.4,123,113312880.0,0.0,6572,3067.8,0
1728351540000,3063.6,3063.6,3049.0,3049.8,153,140259720.0,0.0,6582,3062.4,0
1728351600000,3049.6,3053.6,3025.0,3028.2,126,114984060.00000001,0.0,6608,3049.8,0
1728351660000,3024.0,3072.8,3024.0,3060.6,147,134838300.0,0.0,6657,3028.2,0
1728351720000,3065.0,3067.4,3055.0,3058.2,80,73472160.0,0.0,6679,3060.6,0
1728351780000,3056.2000000000003,3062.4,3043.4,3046.0,61,55853280.0,0.0,6683,3058.2000000000003,0
1728351840000,3046.0000000000005,3053.8,3039.2000000000003,3052.4,97,88782420.0,0.0,6698,3046.0000000000005,0
1728351900000,3052.4,3052.4,3030.0,3030.0,39,35542260.0,0.0,6692,3052.4,0
1728351960000,3032.8,3053.2000000000003,3027.6000000000004,3047.4000000000005,83,75769740.0,0.0,6679,3030.0000000000005,0
1728352020000,3052.2000000000003,3060.8,3038.6000000000004,3058.0000000000005,69,63129360.00000001,0.0,6673,3047.4000000000005,0
1728352080000,3059.4000000000005,3081.0000000000005,3057.6000000000004,3081.0000000000005,108,99396420.00000001,0.0,6670,3058.0000000000005,0
1728352140000,3083.6000000000004,3083.6000000000004,3061.2000000000003,3072.4,96,88481640.00000001,0.0,6667,3081.0000000000005,0
1728352200000,3073.0,3082.8,3071.0,3079.4,79,72952800.0,0.0,6693,3072.4,0
1728352260000,3079.0000000000005,3079.4000000000005,3056.6000000000004,3066.0000000000005,76,69978660.00000001,0.0,6698,3079.4000000000005,0
1728352320000,3067.6,3071.0,3057.4,3064.8,24,22067160.000000004,0.0,6700,3066.0,0
1728352380000,3064.8,3064.8,3055.0,3059.8,34,31222920.000000004,0.0,6700,3064.8,0
1728352440000,3060.8,3073.6,3059.0,3065.8,37,34038000.0,0.0,6707,3059.8,0
1728352500000,3065.2,3066.0,3055.0,3055.6,27,24791340.0,0.0,6717,3065.8,0
1728352560000,3057.2000000000003,3064.2000000000003,3055.4,3055.4,47,43141560.0,0.0,6724,3055.6,0
1728352620000,3057.0,3064.0,3055.0,3060.0,21,19269060.0,0.0,6726,3055.4,0
1728352680000,3063.4000000000005,3074.2000000000003,3060.6000000000004,3069.4000000000005,29,26691300.000000004,0.0,6735,3060.0000000000005,0
1728352740000,3070.2,3071.4,3064.0,3064.0,31,28529760.0,0.0,6741,3069.4,0
1728352800000,3062.6,3065.6,3060.0,3060.0,57,52368420.0,0.0,6760,3064.0,0
1728352860000,3058.2000000000003,3065.6000000000004,3057.6000000000004,3057.6000000000004,33,30308880.000000004,0.0,6769,3060.0000000000005,0
1728352920000,3057.6,3064.2,3055.0,3055.0,43,39451800.0,0.0,6780,3057.6,0
1728352980000,3055.0000000000005,3057.6000000000004,3053.6000000000004,3056.0000000000005,49,44920620.0,0.0,6808,3055.0000000000005,0
1728353040000,3052.0,3052.0,3030.0,3033.4,54,49260540.00000001,0.0,6818,3056.0,0
1728353100000,3032.8,3048.4,3032.8,3040.0,41,37446840.0,0.0,6831,3033.4,0
1728353160000,3038.6000000000004,3046.0000000000005,3038.6000000000004,3044.2000000000003,30,27378180.0,0.0,6838,3040.0000000000005,0
1728353220000,3041.6,3045.0,3040.0,3040.0,25,22809780.0,0.0,6847,3044.2,0
1728353280000,3040.6000000000004,3044.8,3026.2000000000003,3028.8,38,34574640.0,0.0,6854,3040.0000000000005,0
1728353340000,3030.8,3030.8,3007.6000000000004,3013.2000000000003,118,106784460.0,0.0,6922,3028.8,0
1728353400000,3013.2000000000003,3034.2000000000003,3013.2000000000003,3029.6000000000004,127,115117020.0,0.0,6946,3013.2000000000003,0
1728353460000,3030.0,3034.2,3016.0,3016.0,86,78005280.0,0.0,6989,3029.6,0
1728353520000,3017.2000000000003,3021.6,3015.4,3017.0,57,51600840.0,0.0,7018,3016.0,0
1728353580000,3015.4,3015.4,2995.4,3004.2000000000003,118,106373100.0,0.0,7091,3017.0,0
1728353640000,3001.4,3001.8,2979.0,2979.0,121,108616980.00000001,0.0,7136,3004.2,0
1728353700000,2976.6000000000004,2976.6000000000004,2939.2000000000003,2945.8,134,118705860.0,0.0,7160,2979.0000000000005,0
1728353760000,2946.8,2998.2000000000003,2941.8,2998.2000000000003,124,110525940.0,0.0,7196,2945.8,0
1728353820000,2996.8,3000.0000000000005,2988.6000000000004,2998.6000000000004,80,71865540.0,0.0,7233,2998.2000000000003,0
1728353880000,2996.4000000000005,3017.2000000000003,2991.6000000000004,3012.0000000000005,50,45076260.0,0.0,7256,2998.6000000000004,0
1728353940000,3011.8,3014.4,2997.4,3001.0,117,105560640.0,0.0,7329,3012.0,0
1728354000000,3004.2000000000003,3012.0000000000005,3004.2000000000003,3010.2000000000003,84,75819720.0,0.0,7374,3001.0000000000005,0
1728354060000,3014.6000000000004,3014.6000000000004,2991.8,2991.8,92,82819920.0,0.0,7409,3010.2000000000003,0
1728354120000,2987.4,2989.2000000000003,2968.4,2972.8,104,92955720.0,0.0,7442,2991.8,0
1728354180000,2972.8,2986.4,2972.2000000000003,2982.6000000000004,58,51820320.00000001,0.0,7457,2972.8,0
1728354240000,2983.8,2989.0,2961.0,2961.0,83,74066040.0,0.0,7501,2982.6,0
1728354300000,2962.2,2962.2,2943.0,2950.6,77,68171580.0,0.0,7531,2961.0,0
1728354360000,2948.4000000000005,2956.8,2944.6000000000004,2955.0000000000005,83,73422300.0,0.0,7563,2950.6000000000004,0
1728354420000,2958.0000000000005,2966.0000000000005,2957.6000000000004,2963.2000000000003,78,69335040.0,0.0,7570,2955.0000000000005,0
1728354480000,2963.2,2970.0,2954.0,2954.0,64,56935200.00000001,0.0,7609,2963.2,0
1728354540000,2951.2000000000003,2951.2000000000003,2934.2000000000003,2941.2000000000003,80,70569180.0,0.0,7624,2954.0000000000005,0
1728354600000,2938.0,2949.2000000000003,2932.8,2939.2000000000003,89,78523980.0,0.0,7641,2941.2000000000003,0
1728354660000,2943.0,2956.2,2943.0,2948.0,63,55770720.00000001,0.0,7658,2939.2,0
1728354720000,2943.6,2962.8,2927.4,2930.0,91,80193840.0,0.0,7664,2948.0,0
1728354780000,2930.0,2935.0,2903.8,2903.8,102,89386920.00000001,0.0,7678,2930.0,0
1728354840000,2907.6000000000004,2917.0000000000005,2888.6000000000004,2902.8,60,52302900.0,0.0,7699,2903.8,0
1728354900000,2902.4,2905.2000000000003,2890.8,2892.0,66,57386820.0,0.0,7724,2902.8,0
1728354960000,2893.0,2893.0,2853.0,2856.0,81,69776160.0,0.0,7737,2892.0,0
1728355020000,2850.4,2852.6,2816.0,2830.0,256,217633200.00000003,0.0,7772,2856.0,0
1728355080000,2831.4,2876.4,2831.4,2876.4,93,79897200.00000001,0.0,7798,2830.0,0
1728355140000,2878.0,2878.4,2861.8,2866.8,64,55108080.0,0.0,7811,2876.4,0
1728355200000,2863.4000000000005,2890.0000000000005,2856.6000000000004,2890.0000000000005,188,162273840.0,0.0,7920,2866.8,0
1728355260000,2888.2000000000003,2898.6,2882.4,2891.8,134,116165340.0,0.0,7953,2890.0,0
1728355320000,2896.8,2921.2000000000003,2896.8,2920.6000000000004,87,76006860.00000001,0.0,7987,2891.8,0
1728355380000,2920.2000000000003,2921.0,2907.8,2915.8,34,29733360.000000004,0.0,7996,2920.6000000000004,0
1728355440000,2921.2000000000003,2937.2000000000003,2915.8,2932.4,31,27209340.0,0.0,7994,2915.8,0
1728355500000,2935.4,2946.8,2934.2000000000003,2946.8,83,73242300.0,0.0,8019,2932.4,0
1728355560000,2944.6,2944.6,2924.4,2924.4,35,30814080.0,0.0,8023,2946.8,0
1728355620000,2915.0,2935.0,2915.0,2926.4,47,41252040.0,0.0,8043,2924.4,0
1728355680000,2920.4,2924.4,2915.0,2920.8,36,31534860.000000004,0.0,8053,2926.4,0
1728355740000,2915.0000000000005,2915.0000000000005,2896.6000000000004,2896.8,34,29613900.000000004,0.0,8074,2920.8,0
1728355800000,2898.2000000000003,2907.6000000000004,2890.8,2899.8,48,41742600.00000001,0.0,8086,2896.8,0
1728355860000,2898.2000000000003,2899.6000000000004,2888.8,2891.6000000000004,13,11286720.0,0.0,8092,2899.8,0
1728355920000,2893.8,2926.0,2893.8,2919.4,46,40186500.0,0.0,8100,2891.6000000000004,0
1728355980000,2920.6000000000004,2930.0,2908.8,2920.2000000000003,23,20144280.0,0.0,8105,2919.4,0
1728356040000,2920.2000000000003,2920.2000000000003,2911.6000000000004,2913.8,21,18375120.0,0.0,8110,2920.2000000000003,0
1728356100000,2909.8,2909.8,2899.8,2904.8,19,16557360.000000002,0.0,8119,2913.8,0
1728356160000,2911.0,2922.0,2911.0,2920.2,22,19255860.0,0.0,8129,2904.8,0
1728356220000,2918.0,2918.0,2910.0,2915.6,12,10491480.000000002,0.0,8129,2920.2,0
1728356280000,2907.0,2911.6,2907.0,2911.6,11,9599460.000000002,0.0,8130,2915.6,0
1728356340000,2910.4,2910.4,2903.0,2906.6,31,27044940.000000004,0.0,8129,2911.6,0
1728356400000,2903.4,2906.0000000000005,2893.2000000000003,2893.2000000000003,26,22627560.0,0.0,8133,2906.6000000000004,0
1728356460000,2898.2000000000003,2910.0000000000005,2893.6000000000004,2907.2000000000003,43,37440540.0,0.0,8147,2893.2000000000003,0
1728356520000,2904.8,2920.0,2904.8,2920.0,82,71712660.0,0.0,8162,2907.2000000000003,0
1728356580000,2926.8,2932.8,2923.8,2932.8,36,31628220.0,0.0,8173,2920.0,0
1728356640000,2932.8,2938.0,2927.8,2938.0,48,42222600.00000001,0.0,8193,2932.8,0
1728356700000,2939.8,2941.4,2935.0,2935.2,28,24678180.0,0.0,8199,2938.0,0
1728356760000,2941.2000000000003,2955.0000000000005,2941.2000000000003,2949.4,21,18584700.0,0.0,8213,2935.2000000000003,0
1728356820000,2949.6000000000004,2963.0000000000005,2949.6000000000004,2960.0000000000005,21,18635220.000000004,0.0,8218,2949.4000000000005,0
1728356880000,2963.0000000000005,2963.4,2957.2000000000003,2959.4,34,30200160.000000004,0.0,8226,2960.0000000000005,0
1728356940000,2963.4,2963.4,2938.2000000000003,2947.2000000000003,69,61105620.00000001,0.0,8249,2959.4,0
1728357000000,2947.2000000000003,2960.0000000000005,2946.6000000000004,2952.6000000000004,31,27495600.0,0.0,8243,2947.2000000000003,0
1728357060000,2955.2000000000003,2957.4,2932.8,2936.0,27,23856300.000000004,0.0,8251,2952.6000000000004,0
1728357120000,2936.0,2959.4,2936.0,2956.6,6,5314800.000000001,0.0,8251,2936.0,0
1728357180000,2960.2000000000003,2960.6000000000004,2954.6000000000004,2960.6000000000004,9,7988940.0,0.0,8254,2956.6000000000004,0
1728357240000,2961.0,2961.0,2951.0,2951.0,17,15071700.000000002,0.0,8252,2960.6,0
1728357300000,2954.2000000000003,2960.0000000000005,2952.2000000000003,2960.0000000000005,10,8866920.0,0.0,8252,2951.0000000000005,0
1728357360000,2962.0000000000005,2973.0000000000005,2957.6000000000004,2971.8,28,24908160.0,0.0,8261,2960.0000000000005,0
1728357420000,2972.6000000000004,2988.6000000000004,2972.6000000000004,2987.2000000000003,25,22365180.0,0.0,8265,2971.8,0
1728357480000,2987.8,2991.0000000000005,2981.6000000000004,2989.6000000000004,33,29569740.000000004,0.0,8272,2987.2000000000003,0
1728357540000,2988.8,2996.2,2987.0,2989.2,47,42180960.0,0.0,8279,2989.6,0
1728357600000,2985.0000000000005,2985.0000000000005,2970.2000000000003,2975.6000000000004,40,35714340.0,0.0,8300,2989.2000000000003,0
1728357660000,2976.6,2978.8,2970.0,2970.0,35,31228080.0,0.0,8308,2975.6,0
1728357720000,2970.2000000000003,2974.4,2944.2000000000003,2960.0000000000005,46,40863660.00000001,0.0,8312,2970.0000000000005,0
1728357780000,2956.0,2980.0,2956.0,2964.2,57,50765220.0,0.0,8320,2960.0,0
1728357840000,2964.2000000000003,2971.0,2961.8,2963.2000000000003,36,32027820.0,0.0,8330,2964.2000000000003,0
1728357900000,2964.6,2965.2,2955.0,2955.0,18,15995520.0,0.0,8332,2963.2,0
1728357960000,2955.6000000000004,2963.0,2953.8,2960.2000000000003,13,11542620.0,0.0,8335,2955.0,0
1728358020000,2960.4,2960.4,2934.4,2947.6,46,40676700.00000001,0.0,8354,2960.2000000000003,0
1728358080000,2944.8,2949.8,2942.6000000000004,2946.8,54,47736720.0,0.0,8376,2947.6000000000004,0
1728358140000,2950.2000000000003,2952.0,2944.4,2952.0,21,18579540.0,0.0,8382,2946.8,0
1728358200000,2951.4,2955.0000000000005,2948.2000000000003,2955.0000000000005,29,25685820.000000004,0.0,8388,2952.0000000000005,0
1728363660000,2963.8,2965.2000000000003,2951.4,2954.4,40,35496600.0,0.0,8402,2955.0,0
1728363720000,2958.4,2966.2000000000003,2958.4,2966.2000000000003,11,9774720.0,0.0,8407,2954.4,0
1728363780000,2971.8,2981.2000000000003,2968.2000000000003,2971.0000000000005,41,36571860.0,0.0,8426,2966.2000000000003,0
1728363840000,2975.8,2975.8,2969.6000000000004,2970.8,11,9804660.0,0.0,8431,2971.0000000000005,0
1728363900000,2970.0,2970.4,2940.0,2940.0,41,36301020.00000001,0.0,8443,2970.8,0
1728363960000,2938.4000000000005,2938.4000000000005,2916.6000000000004,2924.2000000000003,78,68442300.0,0.0,8488,2940.0000000000005,0
1728364020000,2931.0,2944.4,2931.0,2937.6,57,50252820.00000001,0.0,8522,2924.2,0
1728364080000,2932.6000000000004,2936.6000000000004,2916.6000000000004,2920.2000000000003,34,29849280.000000004,0.0,8531,2937.6000000000004,0
1728364140000,2918.4,2927.8,2918.4,2924.0,17,14914800.000000002,0.0,8534,2920.2000000000003,0
1728364200000,2916.6,2919.2,2905.0,2909.4,43,37542600.0,0.0,8535,2924.0,0
1728364260000,2907.4,2913.6000000000004,2905.2000000000003,2906.8,26,22683600.0,0.0,8535,2909.4,0
1728364320000,2907.8,2917.0,2907.8,2908.8,22,19215600.0,0.0,8535,2906.8,0
1728364380000,2909.4,2909.4,2897.0,2898.4,60,52248660.0,0.0,8545,2908.8,0
1728364440000,2898.4,2919.8,2898.4,2915.8,52,45419460.0,0.0,8544,2898.4,0
1728364500000,2907.4,2910.6,2902.0,2902.0,9,7846560.0,0.0,8544,2915.8,0
1728364560000,2904.0000000000005,2913.8,2903.6000000000004,2909.2000000000003,15,13090020.0,0.0,8554,2902.0000000000005,0
1728364620000,2913.2,2929.0,2913.0,2921.8,28,24520260.0,0.0,8563,2909.2,0
1728364680000,2922.0,2922.6,2900.0,2900.2,19,16574820.000000002,0.0,8573,2921.8,0
1728364740000,2900.8,2909.6,2900.0,2900.2,19,16547220.000000002,0.0,8573,2900.2,0
1728364800000,2904.8,2909.4,2900.4,2902.8,18,15682380.000000002,0.0,8582,2900.2000000000003,0
1728364860000,2900.2000000000003,2900.2000000000003,2883.8,2888.2000000000003,54,46812120.00000001,0.0,8600,2902.8,0
1728364920000,2884.2,2890.4,2881.0,2885.0,15,12989820.0,0.0,8594,2888.2,0
1728364980000,2887.0000000000005,2892.0000000000005,2885.6000000000004,2889.2000000000003,10,8667960.0,0.0,8597,2885.0000000000005,0
1728365040000,2885.0,2890.0,2881.4,2887.6,32,27709500.0,0.0,8602,2889.2000000000003,0
1728365100000,2887.2,2893.4,2885.0,2885.0,14,12135180.0,0.0,8608,2887.6,0
1728365160000,2882.0,2890.0,2878.0,2890.0,43,37177200.0,0.0,8624,2885.0,0
1728365220000,2891.6,2904.4,2887.4,2903.6,29,25215420.000000004,0.0,8632,2890.0,0
1728365280000,2900.4,2901.0,2878.0,2878.0,36,31205340.0,0.0,8651,2903.6,0
1728365340000,2878.0,2891.6,2878.0,2891.6,56,48473880.00000001,0.0,8664,2878.0,0
1728365400000,2892.0,2897.0,2889.4,2890.6,27,23430060.0,0.0,8676,2891.6,0
1728365460000,2889.6000000000004,2903.0000000000005,2889.6000000000004,2901.0000000000005,37,32170260.0,0.0,8695,2890.6000000000004,0
1728365520000,2899.2000000000003,2900.0,2884.4,2891.6,21,18207060.0,0.0,8706,2901.0,0
1728365580000,2895.2000000000003,2895.2000000000003,2882.4,2884.8,23,19915980.0,0.0,8721,2891.6,0
1728365640000,2882.8,2883.0000000000005,2872.6000000000004,2876.0000000000005,31,26769540.0,0.0,8731,2884.8,0
1728365700000,2872.6,2885.8,2871.4,2871.4,20,17256060.0,0.0,8740,2876.0,0
1728365760000,2870.0,2872.8,2866.0,2868.0,34,29256420.000000004,0.0,8741,2871.4,0
1728365820000,2862.0,2877.8,2858.0,2871.0,26,22344900.0,0.0,8753,2868.0,0
1728365880000,2871.6000000000004,2878.8,2871.6000000000004,2878.0000000000005,9,7763640.0,0.0,8761,2871.0000000000005,0
1728365940000,2869.6,2876.0,2850.0,2863.2,38,32621400.000000004,0.0,8779,2878.0,0
1728366000000,2858.4,2864.8,2856.4,2861.4,25,21451140.0,0.0,8794,2863.2000000000003,0
1728366060000,2857.8,2865.2,2854.0,2861.6,32,27453600.0,0.0,8812,2861.4,0
1728366120000,2862.6000000000004,2877.0000000000005,2862.6000000000004,2876.4000000000005,31,26701140.0,0.0,8819,2861.6000000000004,0
1728366180000,2874.0,2876.0,2870.0,2875.8,25,21543540.0,0.0,8828,2876.4,0
1728366240000,2879.0000000000005,2883.6000000000004,2865.2000000000003,2866.8,36,31062300.0,0.0,8837,2875.8,0
1728366300000,2869.2000000000003,2881.6000000000004,2869.2000000000003,2874.6000000000004,22,18984840.000000004,0.0,8849,2866.8,0
1728366360000,2877.6,2879.8,2867.0,2874.0,34,29310660.000000004,0.0,8870,2874.6,0
1728366420000,2871.4,2871.4,2859.0,2863.0,47,40396140.00000001,0.0,8891,2874.0,0
1728366480000,2867.0,2867.2000000000003,2853.8,2857.6000000000004,76,65194920.00000001,0.0,8924,2863.0,0
1728366540000,2860.0,2864.0,2855.0,2855.4,36,30875940.0,0.0,8940,2857.6,0
1728366600000,2856.0,2860.2000000000003,2851.8,2857.8,55,47149080.0,0.0,8974,2855.4,0
1728366660000,2859.0,2861.4,2855.0,2855.0,33,28302900.0,0.0,8991,2857.8,0
1728366720000,2855.0,2858.0,2842.0,2843.2,48,41060400.00000001,0.0,9014,2855.0,0
1728366780000,2845.2000000000003,2859.6,2843.4,2858.4,20,17113860.0,0.0,9025,2843.2000000000003,0
1728366840000,2858.4000000000005,2858.4000000000005,2844.6000000000004,2850.0000000000005,17,14533500.000000002,0.0,9030,2858.4000000000005,0
1728366900000,2849.6,2855.0,2837.0,2839.8,28,23882100.0,0.0,9036,2850.0,0
1728366960000,2838.4,2845.2000000000003,2837.4,2841.0,31,26414400.000000004,0.0,9049,2839.8,0
1728367020000,2836.4,2853.8,2836.4,2847.8,27,23035260.0,0.0,9064,2841.0,0
1728367080000,2850.0,2862.0,2850.0,2860.8,32,27401880.0,0.0,9073,2847.8,0
1728367140000,2854.2,2862.4,2850.0,2855.6,64,54840660.0,0.0,9093,2860.8,0
1728367200000,2855.6000000000004,2870.4,2852.8,2870.4,39,33502920.000000004,0.0,9092,2855.6000000000004,0
1728367260000,2870.2,2879.0,2867.0,2877.6,56,48298380.00000001,0.0,9102,2870.4,0
1728367320000,2873.8,2883.2000000000003,2873.6000000000004,2875.4000000000005,31,26757900.0,0.0,9113,2877.6000000000004,0
1728367380000,2874.6000000000004,2882.8,2864.8,2871.2000000000003,30,25845300.0,0.0,9128,2875.4,0
1728367440000,2867.8,2878.4,2867.8,2875.4,38,32782920.000000004,0.0,9133,2871.2000000000003,0
1728367500000,2873.4,2875.2000000000003,2856.8,2862.4,46,39545520.0,0.0,9148,2875.4,0
1728367560000,2859.2000000000003,2863.4,2857.2000000000003,2862.2000000000003,38,32606220.000000004,0.0,9162,2862.4,0
1728367620000,2864.6000000000004,2865.0000000000005,2853.6000000000004,2854.8,30,25743000.0,0.0,9164,2862.2000000000003,0
1728367680000,2854.8,2856.4000000000005,2848.6000000000004,2856.4000000000005,59,50484540.00000001,0.0,9176,2854.8,0
1728367740000,2854.0000000000005,2860.4000000000005,2848.6000000000004,2852.8,31,26533320.0,0.0,9183,2856.4000000000005,0
1728367800000,2850.0000000000005,2851.0000000000005,2844.2000000000003,2849.8,33,28202220.000000004,0.0,9194,2852.8,0
1728367860000,2850.6,2858.8,2849.0,2858.8,28,23966700.0,0.0,9196,2849.8,0
1728367920000,2858.8,2858.8,2838.2000000000003,2838.2000000000003,46,39302340.0,0.0,9207,2858.8,0
1728367980000,2838.2000000000003,2850.4,2838.2000000000003,2839.4,38,32425500.0,0.0,9228,2838.2000000000003,0
1728368040000,2840.6000000000004,2853.0000000000005,2840.2000000000003,2846.6000000000004,28,23919060.0,0.0,9229,2839.4,0
1728368100000,2850.0000000000005,2855.0000000000005,2847.6000000000004,2850.6000000000004,30,25667700.0,0.0,9225,2846.6000000000004,0
1728368160000,2853.8,2853.8,2844.2000000000003,2846.4,21,17942820.0,0.0,9220,2850.6000000000004,0
1728368220000,2848.6000000000004,2856.0000000000005,2848.6000000000004,2852.6000000000004,29,24820560.0,0.0,9228,2846.4000000000005,0
1728368280000,2852.6000000000004,2853.2000000000003,2841.8,2851.2000000000003,40,34205160.0,0.0,9232,2852.6000000000004,0
1728368340000,2853.8,2856.4,2844.8,2849.0,30,25659300.0,0.0,9229,2851.2000000000003,0
1728368400000,2849.0,2849.0,2841.0,2842.4,39,33276360.000000004,0.0,9231,2849.0,0
1728368460000,2846.2000000000003,2849.6,2842.4,2848.2000000000003,20,17082120.0,0.0,9229,2842.4,0
1728368520000,2847.8,2848.8,2843.2000000000003,2846.8,29,24766320.000000004,0.0,9220,2848.2000000000003,0
1728368580000,2848.4,2859.0000000000005,2847.2000000000003,2857.6000000000004,31,26532840.0,0.0,9216,2846.8,0
1728368640000,2857.6000000000004,2861.2000000000003,2852.8,2852.8,30,25721100.0,0.0,9217,2857.6000000000004,0
1728368700000,2856.4,2861.4,2856.4,2860.0,29,24865500.000000004,0.0,9233,2852.8,0
1728368760000,2862.8,2873.0,2862.8,2870.8,26,22372860.0,0.0,9232,2860.0,0
1728368820000,2877.0,2880.0,2867.0,2869.6,31,26729700.000000004,0.0,9239,2870.8,0
1728368880000,2873.4,2881.2000000000003,2871.2000000000003,2880.2000000000003,22,18990600.0,0.0,9233,2869.6000000000004,0
1728368940000,2878.2,2878.2,2870.0,2875.4,17,14659920.000000002,0.0,9231,2880.2,0
1728369000000,2872.4,2875.2,2870.0,2870.0,17,14657220.0,0.0,9237,2875.4,0
1728369060000,2870.4,2878.4,2870.4,2872.6,13,11213340.0,0.0,9236,2870.0,0
1728369120000,2876.8,2886.0,2876.8,2885.0,48,41491560.00000001,0.0,9243,2872.6000000000004,0
1728369180000,2885.0,2895.0,2885.0,2891.2,38,32938320.000000004,0.0,9242,2885.0,0
1728369240000,2890.0,2890.0,2879.8,2887.6000000000004,11,9524460.0,0.0,9241,2891.2000000000003,0
1728369300000,2887.6000000000004,2889.6000000000004,2873.2000000000003,2873.2000000000003,24,20742960.000000004,0.0,9250,2887.6000000000004,0
1728369360000,2889.0,2889.0,2878.0,2881.2,21,18160320.0,0.0,9256,2873.2,0
1728369420000,2880.8,2882.4,2876.0,2881.0,26,22468320.0,0.0,9258,2881.2,0
1728369480000,2883.0,2890.2,2880.0,2889.0,22,19046820.000000004,0.0,9264,2881.0,0
1728369540000,2889.0000000000005,2896.4,2888.2000000000003,2891.6000000000004,39,33841320.00000001,0.0,9253,2889.0000000000005,0
1728369600000,2888.6,2893.2,2884.0,2886.8,18,15593580.0,0.0,9260,2891.6,0
1728369660000,2886.0,2886.0,2868.0,2868.0,38,32766600.000000004,0.0,9263,2886.8,0
1728369720000,2869.6000000000004,2878.0000000000005,2869.6000000000004,2872.8,15,12931260.0,0.0,9266,2868.0000000000005,0
1728369780000,2871.6,2872.6,2857.4,2857.4,17,14610960.000000002,0.0,9271,2872.8,0
1728369840000,2858.4000000000005,2862.8,2845.6000000000004,2851.2000000000003,83,71036400.00000001,0.0,9312,2857.4000000000005,0
1728369900000,2853.0,2856.0,2849.8,2854.2000000000003,68,58205340.00000001,0.0,9348,2851.2000000000003,0
1728369960000,2854.2000000000003,2860.2000000000003,2851.4,2857.8,37,31700280.0,0.0,9352,2854.2000000000003,0
1728370020000,2854.8,2862.4,2854.8,2856.2000000000003,41,35162580.00000001,0.0,9371,2857.8,0
1728370080000,2857.0000000000005,2862.8,2856.2000000000003,2861.2000000000003,50,42910440.0,0.0,9393,2856.2000000000003,0
1728370140000,2859.4,2859.4,2850.2000000000003,2851.2000000000003,44,37684380.00000001,0.0,9419,2861.2000000000003,0
1728370200000,2851.0000000000005,2853.6000000000004,2850.2000000000003,2853.4,8,6844080.0,0.0,9417,2851.2000000000003,0
1728370260000,2850.4,2853.4,2849.0,2850.0,92,78664920.00000001,0.0,9425,2853.4,0
1728370320000,2853.4,2853.6,2848.0,2849.8,57,48739740.0,0.0,9414,2850.0,0
1728370380000,2850.4,2852.6000000000004,2850.2000000000003,2851.4,31,26516220.0,0.0,9416,2849.8,0
1728370440000,2850.0,2850.2000000000003,2845.8,2845.8,20,17090580.0,0.0,9421,2851.4,0
1728370500000,2848.0,2853.2,2845.0,2848.0,26,22217160.0,0.0,9407,2845.8,0
1728370560000,2853.8,2858.0,2852.8,2858.0,43,36828240.0,0.0,9411,2848.0,0
1728370620000,2859.2,2859.8,2855.0,2855.0,19,16285680.000000002,0.0,9411,2858.0,0
1728370680000,2858.2000000000003,2858.2000000000003,2850.4,2852.0,41,35090760.0,0.0,9419,2855.0,0
1728370740000,2850.4,2853.8,2847.2000000000003,2850.0000000000005,109,93182100.0,0.0,9440,2852.0000000000005,0
1728370800000,2850.6,2851.0,2843.4,2848.4,121,103356180.0,2859.4,9436,2850.0,0
1728437400000,2827.0,2827.0,2827.0,2827.0,6,5088600.000000001,0.0,9438,2848.4,0
1728437460000,2817.2000000000003,2828.2000000000003,2788.8,2790.2000000000003,312,262842960.0,0.0,9308,2827.0,0
1728437520000,2793.6,2795.4,2770.0,2781.8,122,101849940.0,0.0,9281,2790.2,0
1728437580000,2779.8,2798.6000000000004,2765.2000000000003,2798.6000000000004,191,159215700.0,0.0,9175,2781.8,0
1728437640000,2799.4,2824.0,2799.4,2816.4,226,190804620.00000003,0.0,9099,2798.6,0
1728437700000,2819.0000000000005,2819.0000000000005,2801.2000000000003,2806.4,105,88475820.0,0.0,9059,2816.4,0
1728437760000,2811.8,2826.0000000000005,2811.2000000000003,2826.0000000000005,51,43129140.00000001,0.0,9048,2806.4,0
1728437820000,2827.4,2827.4,2809.2000000000003,2815.2000000000003,30,25348140.0,0.0,9036,2826.0000000000005,0
1728437880000,2814.4,2819.2000000000003,2808.8,2813.2000000000003,33,27847680.000000004,0.0,9019,2815.2000000000003,0
1728437940000,2813.8,2813.8,2794.2000000000003,2794.2000000000003,116,97513860.00000001,0.0,8956,2813.2000000000003,0
1728438000000,2791.2000000000003,2811.6000000000004,2785.8,2802.8,50,41929860.0,0.0,8923,2794.2000000000003,0
1728438060000,2798.4,2816.0,2798.4,2810.8,91,76659180.0,0.0,8879,2802.8,0
1728438120000,2811.4000000000005,2811.4000000000005,2797.6000000000004,2801.0000000000005,28,23554560.0,0.0,8867,2810.8,0
1728438180000,2802.0,2812.0,2801.4,2807.4,42,35348400.0,0.0,8860,2801.0,0
1728438240000,2802.4,2818.2000000000003,2800.8,2814.8,26,21922980.0,0.0,8853,2807.4,0
1728438300000,2814.8,2816.0000000000005,2802.6000000000004,2809.6000000000004,48,40460040.00000001,0.0,8838,2814.8,0
1728438360000,2814.6000000000004,2821.6000000000004,2811.2000000000003,2820.8,27,22808100.0,0.0,8824,2809.6000000000004,0
1728438420000,2815.2,2830.0,2815.0,2828.6,51,43209420.0,0.0,8831,2820.8,0
1728438480000,2825.0,2829.4,2820.0,2821.4,22,18633600.0,0.0,8827,2828.6,0
1728438540000,2823.2000000000003,2829.8,2818.2000000000003,2823.4,21,17800440.0,0.0,8824,2821.4,0
1728438600000,2827.2000000000003,2830.0,2824.8,2825.0,20,16964160.0,0.0,8813,2823.4,0
1728438660000,2826.4,2830.0,2822.0,2828.8,19,16110600.000000002,0.0,8803,2825.0,0
1728438720000,2831.4,2839.8,2829.4,2836.8,78,66380160.00000001,0.0,8779,2828.8,0
1728438780000,2836.0,2836.0,2819.0,2820.0,60,50884980.0,0.0,8774,2836.8,0
1728438840000,2819.4000000000005,2822.0000000000005,2813.6000000000004,2813.6000000000004,24,20300580.000000004,0.0,8770,2820.0000000000005,0
1728438900000,2816.6,2816.6,2808.0,2810.6,38,32057220.000000004,0.0,8759,2813.6,0
1728438960000,2810.6000000000004,2815.2000000000003,2806.8,2806.8,20,16868580.0,0.0,8758,2810.6000000000004,0
1728439020000,2806.6,2807.2,2800.0,2806.8,39,32801520.000000004,0.0,8742,2806.8,0
1728439080000,2803.0,2803.0,2795.0,2795.6,44,36945120.0,0.0,8729,2806.8,0
1728439140000,2800.0000000000005,2800.2000000000003,2785.2000000000003,2788.8,46,38530860.00000001,0.0,8722,2795.6000000000004,0
1728439200000,2790.4,2799.0,2784.0,2788.0,53,44375280.0,0.0,8699,2788.8,0
1728439260000,2787.2000000000003,2787.2000000000003,2772.4,2780.2000000000003,66,55019040.00000001,0.0,8686,2788.0,0
1728439320000,2776.2,2784.2,2772.0,2772.0,56,46677120.00000001,0.0,8686,2780.2,0
1728439380000,2771.6,2774.2,2762.0,2764.4,63,52284480.0,0.0,8692,2772.0,0
1728439440000,2760.8,2786.0,2760.8,2777.6000000000004,83,69131940.0,0.0,8680,2764.4,0
1728439500000,2777.6000000000004,2786.0000000000005,2777.6000000000004,2780.6000000000004,85,70958400.0,0.0,8704,2777.6000000000004,0
1728439560000,2779.2000000000003,2779.2000000000003,2766.2000000000003,2776.8,65,54068100.0,0.0,8730,2780.6000000000004,0
1728439620000,2778.8,2778.8,2765.0,2765.0,26,21623820.000000004,0.0,8734,2776.8,0
1728439680000,2765.0,2770.4,2756.0,2756.8,148,122685660.00000001,0.0,8758,2765.0,0
1728439740000,2759.6000000000004,2776.0000000000005,2759.6000000000004,2762.8,58,48163320.00000001,0.0,8755,2756.8,0
1728439800000,2760.2,2760.4,2752.0,2754.4,69,57027180.0,0.0,8748,2762.8,0
1728439860000,2752.6000000000004,2763.8,2752.6000000000004,2755.2000000000003,38,31420920.000000004,0.0,8745,2754.4000000000005,0
1728439920000,2759.0,2770.0,2759.0,2764.6,52,43101660.0,0.0,8743,2755.2,0
1728439980000,2760.0,2764.6,2754.0,2755.2,24,19866540.000000004,0.0,8738,2764.6,0
1728440040000,2758.0,2770.0,2754.8,2770.0,23,19056480.0,0.0,8734,2755.2000000000003,0
1728440100000,2767.0000000000005,2770.4,2764.2000000000003,2769.6000000000004,24,19924440.000000004,0.0,8727,2770.0000000000005,0
1728440160000,2767.8,2775.8,2767.8,2775.8,24,19962180.000000004,0.0,8728,2769.6000000000004,0
1728440220000,2773.8,2773.8,2763.2000000000003,2765.2000000000003,22,18271980.000000004,0.0,8732,2775.8,0
1728440280000,2768.0,2774.4,2768.0,2771.8,16,13308780.0,0.0,8732,2765.2,0
1728440340000,2768.6,2768.6,2760.0,2767.2,42,34824420.0,0.0,8733,2771.8,0
1728440400000,2760.8,2767.8,2758.4,2767.8,12,9946740.000000002,0.0,8736,2767.2000000000003,0
1728440460000,2768.8,2776.0,2766.0,2773.6,26,21614520.0,0.0,8739,2767.8,0
1728440520000,2774.0000000000005,2783.8,2773.2000000000003,2778.0000000000005,29,24169860.0,0.0,8745,2773.6000000000004,0
1728440580000,2773.8,2773.8,2766.2000000000003,2767.8,35,29083680.0,0.0,8756,2778.0000000000005,0
1728440640000,2772.0,2774.0,2765.8,2765.8,19,15784440.000000002,0.0,8759,2767.8,0
1728440700000,2765.4,2774.8,2765.4,2774.6,12,9972960.000000002,0.0,8760,2765.8,0
1728440760000,2778.0000000000005,2778.0000000000005,2766.2000000000003,2768.6000000000004,10,8315160.0,0.0,8760,2774.6000000000004,0
1728440820000,2769.6000000000004,2771.4000000000005,2765.6000000000004,2766.0000000000005,17,14116980.000000002,0.0,8765,2768.6000000000004,0
1728440880000,2766.0000000000005,2766.0000000000005,2758.2000000000003,2758.6000000000004,23,19052640.0,0.0,8759,2766.0000000000005,0
1728440940000,2758.6,2760.2,2756.0,2760.0,20,16551840.0,0.0,8757,2758.6,0
1728441000000,2757.4,2762.8,2757.0,2762.8,26,21522000.0,0.0,8757,2760.0,0
1728441060000,2764.2,2768.0,2760.0,2762.6,14,11602620.0,0.0,8761,2762.8,0
1728441120000,2758.0,2760.0,2755.4,2759.0,18,14897580.000000002,0.0,8757,2762.6,0
1728441180000,2758.4,2760.4,2756.0,2756.2,39,32264100.000000004,0.0,8747,2759.0,0
1728441240000,2759.2000000000003,2759.2000000000003,2751.4,2751.4,49,40502880.0,0.0,8734,2756.2000000000003,0
1728441300000,2750.8,2752.6,2740.4,2741.0,46,37914000.00000001,0.0,8737,2751.4,0
1728441360000,2742.4,2752.6,2742.4,2745.8,27,22257960.0,0.0,8745,2741.0,0
1728441420000,2745.6000000000004,2750.4000000000005,2737.6000000000004,2742.0000000000005,31,25514100.000000004,0.0,8749,2745.8,0
1728441480000,2741.0,2741.0,2723.0,2723.0,41,33593700.0,0.0,8755,2742.0,0
1728441540000,2724.2000000000003,2732.0,2720.8,2720.8,42,34355700.0,0.0,8745,2723.0,0
1728441600000,2723.0000000000005,2728.2000000000003,2713.2000000000003,2713.2000000000003,113,92278440.0,0.0,8722,2720.8,0
1728441660000,2715.0,2735.4,2715.0,2734.8,143,116775840.00000001,0.0,8708,2713.2,0
1728441720000,2736.0,2742.0,2734.4,2736.0,38,31212000.000000004,0.0,8713,2734.8,0
1728441780000,2737.0,2745.0,2737.0,2740.0,33,27147900.0,0.0,8721,2736.0,0
1728441840000,2743.8,2744.0000000000005,2734.2000000000003,2738.4,15,12326580.0,0.0,8728,2740.0000000000005,0
1728441900000,2737.0,2748.2,2737.0,2748.2,23,18929280.0,0.0,8733,2738.4,0
1728441960000,2748.2000000000003,2749.4,2745.8,2749.4,10,8240040.0,0.0,8734,2748.2000000000003,0
1728442020000,2749.6,2753.6,2747.0,2747.0,16,13207500.0,0.0,8733,2749.4,0
1728442080000,2747.2000000000003,2750.2000000000003,2738.8,2745.2000000000003,41,33763200.0,0.0,8744,2747.0,0
1728442140000,2735.6000000000004,2743.0000000000005,2735.6000000000004,2743.0000000000005,10,8213400.0,0.0,8746,2745.2000000000003,0
1728442200000,2737.8,2741.0,2730.8,2736.2000000000003,21,17228940.0,0.0,8745,2743.0,0
1728442260000,2737.2000000000003,2750.0000000000005,2737.2000000000003,2749.6000000000004,24,19749660.000000004,0.0,8748,2736.2000000000003,0
1728442320000,2750.0000000000005,2750.0000000000005,2737.6000000000004,2738.6000000000004,24,19741140.000000004,0.0,8752,2749.6000000000004,0
1728442380000,2740.4,2744.6,2737.4,2737.6,13,10687800.000000002,0.0,8755,2738.6,0
1728442440000,2737.4,2737.4,2730.0,2731.6,19,15577740.000000002,0.0,8749,2737.6,0
1728442500000,2730.6,2732.0,2724.0,2730.6,19,15553740.000000002,0.0,8751,2731.6,0
1728442560000,2726.8,2741.8,2726.8,2736.8,23,18887100.0,0.0,8761,2730.6000000000004,0
1728442620000,2738.0000000000005,2738.0000000000005,2727.6000000000004,2731.0000000000005,21,17200440.0,0.0,8759,2736.8,0
1728442680000,2729.0000000000005,2729.0000000000005,2724.2000000000003,2728.2000000000003,13,10638180.0,0.0,8761,2731.0000000000005,0
1728442740000,2732.2000000000003,2734.8,2726.6000000000004,2730.6000000000004,14,11468220.0,0.0,8755,2728.2000000000003,0
1728442800000,2730.2000000000003,2730.2000000000003,2727.6000000000004,2728.0000000000005,4,3274020.0,0.0,8754,2730.6000000000004,0
1728442860000,2731.4,2746.4,2731.4,2746.4,23,18913200.000000004,0.0,8750,2728.0,0
1728442920000,2746.6,2747.0,2737.0,2738.6,20,16462860.0,0.0,8752,2746.4,0
1728442980000,2737.0,2737.0,2728.4,2734.8,26,21319560.0,0.0,8753,2738.6,0
1728443040000,2732.4,2734.4,2729.4,2729.8,16,13113300.000000002,0.0,8749,2734.8,0
1728443100000,2725.2000000000003,2735.6000000000004,2725.2000000000003,2731.8,24,19645320.000000004,0.0,8748,2729.8,0
1728443160000,2731.2000000000003,2734.8,2726.2000000000003,2731.0000000000005,23,18840900.0,0.0,8750,2731.8,0
1728443220000,2731.8,2731.8,2725.8,2729.0,13,10641600.0,0.0,8746,2731.0,0
1728443280000,2729.8,2733.0,2725.8,2728.8,24,19645980.000000004,0.0,8738,2729.0,0
1728443340000,2728.8,2728.8,2723.8,2725.8,14,11448060.0,0.0,8737,2728.8,0
1728443400000,2725.8,2729.6000000000004,2725.6000000000004,2727.4000000000005,14,11455980.0,0.0,8734,2725.8,0
1728443460000,2725.8,2727.8,2725.4,2727.8,10,8180640.0,0.0,8732,2727.4,0
1728443520000,2729.0,2729.0,2722.8,2725.0,27,22074600.0,0.0,8724,2727.8,0
1728443580000,2724.0,2735.6,2724.0,2735.6,24,19661640.000000004,0.0,8722,2725.0,0
1728443640000,2730.8,2731.6,2716.0,2718.6,59,48193800.0,0.0,8708,2735.6,0
1728443700000,2717.4,2721.0,2707.4,2711.2000000000003,54,43952580.00000001,0.0,8692,2718.6,0
1728443760000,2714.0000000000005,2714.4000000000005,2698.6000000000004,2703.6000000000004,93,75476220.00000001,0.0,8692,2711.2000000000003,0
1728443820000,2703.8,2708.4,2695.0,2695.0,52,42163500.0,0.0,8687,2703.6,0
1728443880000,2698.2,2700.8,2690.0,2693.6,49,39598440.0,0.0,8685,2695.0,0
1728443940000,2692.4,2700.2,2692.0,2698.6,37,29929140.000000004,0.0,8678,2693.6,0
1728444000000,2700.8,2704.0000000000005,2685.2000000000003,2685.4,53,42844800.0,0.0,8688,2698.6000000000004,0
1728444060000,2688.0,2692.2,2678.0,2680.4,45,36232860.0,0.0,8679,2685.4,0
1728444120000,2680.0000000000005,2680.0000000000005,2670.2000000000003,2671.4,59,47366520.0,0.0,8667,2680.4,0
1728444180000,2672.4,2700.0,2672.4,2700.0,64,51629280.00000001,0.0,8655,2671.4,0
1728444240000,2700.0,2702.8,2695.8,2701.0,32,25917300.000000004,0.0,8643,2700.0,0
1728444300000,2700.4,2707.0,2697.8,2705.2000000000003,28,22699200.000000004,0.0,8639,2701.0,0
1728444360000,2706.6000000000004,2712.0,2702.8,2712.0,51,41410440.00000001,0.0,8625,2705.2000000000003,0
1728444420000,2708.8,2712.8,2705.6000000000004,2710.2000000000003,24,19510980.000000004,0.0,8622,2712.0000000000005,0
1728444480000,2708.0,2717.8,2708.0,2717.8,14,11397480.000000002,0.0,8625,2710.2,0
1728444540000,2718.0,2723.0,2715.8,2723.0,27,22025100.0,0.0,8631,2717.8,0
1728444600000,2720.0,2726.0,2720.0,2720.0,24,19612080.000000004,0.0,8624,2723.0,0
1728450060000,2726.0,2747.8,2722.8,2747.8,58,47645640.00000001,0.0,8621,2720.0,0
1728450120000,2747.8,2756.0,2744.4,2752.6,62,51141660.00000001,0.0,8615,2747.8,0
1728450180000,2756.0,2758.8,2747.4,2757.0,47,38843880.0,0.0,8616,2752.6,0
1728450240000,2759.0,2760.0,2752.0,2760.0,33,27293100.0,0.0,8608,2757.0,0
1728450300000,2760.0,2774.2000000000003,2758.8,2774.2000000000003,36,29870820.0,0.0,8606,2760.0,0
1728450360000,2774.0000000000005,2777.4000000000005,2762.6000000000004,2764.4000000000005,36,29913060.000000004,0.0,8603,2774.2000000000003,0
1728450420000,2767.2000000000003,2786.2000000000003,2767.2000000000003,2774.2000000000003,63,52540200.0,0.0,8594,2764.4,0
1728450480000,2779.2000000000003,2779.2000000000003,2762.4,2766.2000000000003,34,28250520.000000004,0.0,8598,2774.2000000000003,0
1728450540000,2766.4,2773.2000000000003,2762.8,2773.2000000000003,39,32372880.000000004,0.0,8605,2766.2000000000003,0
1728450600000,2775.0,2787.8,2773.8,2777.4,63,52556580.0,0.0,8615,2773.2000000000003,0
1728450660000,2774.0,2774.4,2765.0,2769.2,21,17446380.0,0.0,8618,2777.4,0
1728450720000,2767.8,2767.8,2757.2000000000003,2758.0000000000005,56,46414200.00000001,0.0,8641,2769.2000000000003,0
1728450780000,2758.2,2758.2,2750.0,2750.0,52,42954780.00000001,0.0,8647,2758.0,0
1728450840000,2752.6000000000004,2766.4000000000005,2752.6000000000004,2764.6000000000004,31,25677660.0,0.0,8640,2750.0000000000005,0
1728450900000,2760.2000000000003,2763.2000000000003,2748.8,2748.8,31,25611240.0,0.0,8646,2764.6000000000004,0
1728450960000,2749.0000000000005,2757.0000000000005,2744.2000000000003,2747.8,34,28053960.0,0.0,8646,2748.8,0
1728451020000,2752.2000000000003,2768.4,2752.2000000000003,2760.0000000000005,34,28155240.000000004,0.0,8646,2747.8,0
1728451080000,2760.0,2766.2000000000003,2754.8,2760.8,48,39761100.00000001,0.0,8641,2760.0,0
1728451140000,2762.4,2767.4,2758.0,2764.6,19,15757260.000000002,0.0,8639,2760.8,0
1728451200000,2764.6000000000004,2766.0000000000005,2760.2000000000003,2763.2000000000003,14,11605320.000000002,0.0,8641,2764.6000000000004,0
1728451260000,2765.8,2766.0000000000005,2754.6000000000004,2759.4000000000005,21,17385600.0,0.0,8634,2763.2000000000003,0
1728451320000,2759.0000000000005,2765.0000000000005,2757.6000000000004,2757.6000000000004,30,24855840.0,0.0,8635,2759.4000000000005,0
1728451380000,2762.0000000000005,2762.4,2753.2000000000003,2757.8,52,43033680.0,0.0,8638,2757.6000000000004,0
1728451440000,2762.0,2773.6,2762.0,2771.0,61,50637120.00000001,0.0,8629,2757.8,0
1728451500000,2771.4,2775.0,2768.8,2774.0,51,42413640.00000001,0.0,8614,2771.0,0
1728451560000,2775.0,2777.8,2774.0,2777.8,22,18319320.0,0.0,8613,2774.0,0
1728451620000,2777.4,2777.4,2766.8,2773.6000000000004,29,24126660.000000004,0.0,8621,2777.8,0
1728451680000,2776.4,2776.6000000000004,2768.8,2776.6000000000004,18,14978220.000000002,0.0,8622,2773.6000000000004,0
1728451740000,2774.8,2775.8,2770.0,2770.4,31,25777920.0,0.0,8619,2776.6,0
1728451800000,2770.4,2770.4,2766.0,2766.0,9,7474740.0,0.0,8621,2770.4,0
1728451860000,2765.2000000000003,2775.8,2765.2000000000003,2768.0000000000005,18,14964060.0,0.0,8620,2766.0000000000005,0
1728451920000,2768.2000000000003,2770.6000000000004,2765.2000000000003,2770.6000000000004,8,6642180.000000001,0.0,8621,2768.0000000000005,0
1728451980000,2772.8,2786.4,2772.8,2785.8,33,27528540.0,0.0,8620,2770.6000000000004,0
1728452040000,2786.0000000000005,2788.0000000000005,2776.2000000000003,2784.2000000000003,25,20874600.0,0.0,8623,2785.8,0
1728452100000,2782.2000000000003,2790.0000000000005,2782.2000000000003,2790.0000000000005,22,18393060.000000004,0.0,8618,2784.2000000000003,0
1728452160000,2790.6,2790.8,2781.0,2786.8,22,18386400.0,0.0,8621,2790.0,0
1728452220000,2790.4,2792.2,2788.0,2790.2,22,18412260.0,0.0,8627,2786.8,0
1728452280000,2793.0,2802.8,2793.0,2797.6,50,41967840.0,0.0,8628,2790.2,0
1728452340000,2802.6000000000004,2802.8,2797.8,2800.8,14,11762760.0,0.0,8630,2797.6000000000004,0
1728452400000,2803.0,2806.6,2788.0,2789.0,49,41101860.0,0.0,8618,2800.8,0
1728452460000,2788.6000000000004,2788.6000000000004,2782.2000000000003,2782.6000000000004,35,29241720.0,0.0,8609,2789.0000000000005,0
1728452520000,2777.4000000000005,2780.0000000000005,2773.6000000000004,2777.4000000000005,20,16665300.0,0.0,8603,2782.6000000000004,0
1728452580000,2781.6000000000004,2782.8,2774.8,2782.8,16,13345620.000000002,0.0,8601,2777.4,0
1728452640000,2782.8,2783.0,2777.0,2778.2,9,7506300.000000001,0.0,8603,2782.8,0
1728452700000,2778.6000000000004,2778.6000000000004,2767.6000000000004,2772.0000000000005,14,11641440.000000002,0.0,8605,2778.2000000000003,0
1728452760000,2769.4,2772.6,2762.4,2762.4,18,14941620.0,0.0,8600,2772.0,0
1728452820000,2766.0000000000005,2777.2000000000003,2765.6000000000004,2772.0000000000005,19,15788640.000000002,0.0,8599,2762.4000000000005,0
1728452880000,2778.0,2779.4,2777.8,2779.4,3,2500560.0000000005,0.0,8598,2772.0,0
1728452940000,2775.0,2785.2,2775.0,2780.6,21,17519160.0,0.0,8599,2779.4,0
1728453000000,2775.0,2778.2000000000003,2770.4,2770.4,14,11650860.0,0.0,8602,2780.6,0
1728453060000,2767.6000000000004,2773.2000000000003,2766.2000000000003,2770.8,18,14954160.0,0.0,8600,2770.4,0
1728453120000,2771.6000000000004,2775.2000000000003,2766.8,2769.2000000000003,8,6651660.000000001,0.0,8597,2770.8,0
1728453180000,2769.2000000000003,2769.2000000000003,2762.6000000000004,2763.6000000000004,10,8296380.0,0.0,8600,2769.2000000000003,0
1728453240000,2764.2,2765.4,2762.0,2764.8,15,12436320.0,0.0,8607,2763.6,0
1728453300000,2764.6,2770.0,2763.0,2763.0,12,9957900.000000002,0.0,8604,2764.8,0
1728453360000,2762.8,2762.8,2752.6000000000004,2752.8,32,26464440.0,0.0,8606,2763.0000000000005,0
1728453420000,2752.8,2753.8,2749.0,2750.8,65,53644620.0,0.0,8597,2752.8,0
1728453480000,2751.0000000000005,2756.0000000000005,2746.6000000000004,2746.8,27,22277040.000000004,0.0,8592,2750.8,0
1728453540000,2749.0,2752.4,2749.0,2752.4,8,6601440.0,0.0,8592,2746.8,0
1728453600000,2753.4,2757.4,2745.0,2752.0,29,23916060.000000004,0.0,8593,2752.4,0
1728453660000,2748.0,2760.0,2748.0,2760.0,16,13226160.0,0.0,8595,2752.0,0
1728453720000,2760.2,2760.2,2749.0,2754.6,24,19822620.000000004,0.0,8599,2760.0,0
1728453780000,2757.6000000000004,2757.6000000000004,2751.2000000000003,2751.2000000000003,14,11566020.0,0.0,8596,2754.6000000000004,0
1728453840000,2755.2000000000003,2761.4,2755.2000000000003,2761.2000000000003,22,18202500.0,0.0,8584,2751.2000000000003,0
1728453900000,2757.8,2758.2000000000003,2751.6000000000004,2751.6000000000004,24,19832280.000000004,0.0,8575,2761.2000000000003,0
1728453960000,2753.4,2753.4,2749.0,2751.8,20,16504500.0,0.0,8572,2751.6,0
1728454020000,2753.4,2758.8,2752.8,2754.0,9,7440480.0,0.0,8575,2751.8,0
1728454080000,2751.8,2751.8,2747.8,2749.2000000000003,18,14846760.0,0.0,8573,2754.0,0
1728454140000,2750.0,2750.0,2736.0,2737.0,37,30450660.0,0.0,8561,2749.2,0
1728454200000,2737.0000000000005,2738.6000000000004,2736.2000000000003,2736.2000000000003,10,8212020.0,0.0,8559,2737.0000000000005,0
1728454260000,2737.2000000000003,2749.0000000000005,2737.2000000000003,2744.4,15,12340500.0,0.0,8553,2736.2000000000003,0
1728454320000,2744.4,2751.2000000000003,2743.8,2750.8,15,12365700.0,0.0,8550,2744.4,0
1728454380000,2751.2000000000003,2751.2000000000003,2745.6000000000004,2745.6000000000004,10,8243400.0,0.0,8549,2750.8,0
1728454440000,2751.0,2751.4,2745.0,2746.0,17,14019480.000000002,0.0,8548,2745.6,0
1728454500000,2748.0,2754.4,2748.0,2749.0,11,9078120.000000002,0.0,8551,2746.0,0
1728454560000,2749.0,2751.6000000000004,2747.8,2747.8,7,5774220.0,0.0,8548,2749.0,0
1728454620000,2747.0,2747.0,2743.0,2744.4,11,9056820.000000002,0.0,8551,2747.8,0
1728454680000,2743.8,2751.6000000000004,2743.8,2746.6000000000004,23,18957000.000000004,0.0,8547,2744.4,0
1728454740000,2743.4,2743.4,2738.4,2740.8,28,23025540.000000004,0.0,8541,2746.6,0
1728454800000,2740.8,2741.2,2733.0,2733.0,33,27101100.000000004,0.0,8536,2740.8,0
1728454860000,2734.2000000000003,2736.4,2729.8,2731.2000000000003,29,23767920.0,0.0,8533,2733.0,0
1728454920000,2733.6000000000004,2734.4,2727.2000000000003,2731.2000000000003,37,30300180.0,0.0,8540,2731.2000000000003,0
1728454980000,2729.8,2734.4000000000005,2727.6000000000004,2727.6000000000004,15,12284760.0,0.0,8540,2731.2000000000003,0
1728455040000,2726.0,2728.2,2721.0,2721.0,32,26148240.000000004,0.0,8536,2727.6,0
1728455100000,2723.0,2731.8,2723.0,2729.6,44,36001920.0,0.0,8546,2721.0,0
1728455160000,2729.8,2741.4,2728.8,2741.4,37,30363300.0,0.0,8542,2729.6000000000004,0
1728455220000,2741.8,2749.4,2741.8,2747.2000000000003,51,42027180.00000001,0.0,8544,2741.4,0
1728455280000,2745.6,2748.2000000000003,2742.4,2746.6,36,29650320.0,0.0,8552,2747.2000000000003,0
1728455340000,2748.0000000000005,2748.0000000000005,2734.6000000000004,2734.6000000000004,58,47683920.00000001,0.0,8558,2746.6000000000004,0
1728455400000,2740.0,2740.0,2733.0,2737.8,16,13140900.000000002,0.0,8559,2734.6,0
1728455460000,2737.0,2745.6,2735.4,2741.0,8,6576780.000000001,0.0,8558,2737.8,0
1728455520000,2738.0000000000005,2738.0000000000005,2725.2000000000003,2730.0000000000005,33,27037800.0,0.0,8556,2741.0000000000005,0
1728455580000,2726.6,2726.6,2718.4,2718.4,26,21238260.0,0.0,8565,2730.0,0
1728455640000,2718.4,2726.0,2718.4,2720.0,21,17143860.0,0.0,8564,2718.4,0
1728455700000,2720.0,2720.0,2713.8,2716.6000000000004,29,23632020.000000004,0.0,8568,2720.0,0
1728455760000,2715.0,2718.0,2710.0,2712.0,28,22780740.000000004,0.0,8578,2716.6,0
1728455820000,2717.2000000000003,2720.8,2713.8,2720.8,19,15485940.000000002,0.0,8578,2712.0,0
1728455880000,2717.6000000000004,2717.6000000000004,2707.8,2713.2000000000003,20,16277820.0,0.0,8582,2720.8,0
1728455940000,2710.6,2715.6,2702.0,2702.2,41,33276960.000000004,0.0,8590,2713.2,0
1728456000000,2706.4,2706.4,2695.2000000000003,2704.0000000000005,44,35659200.0,0.0,8588,2702.2000000000003,0
1728456060000,2706.6,2715.0,2704.0,2712.0,29,23573280.000000004,0.0,8590,2704.0,0
1728456120000,2711.6000000000004,2714.8,2702.8,2707.6000000000004,16,12996120.000000002,0.0,8594,2712.0,0
1728456180000,2704.0000000000005,2706.4,2689.2000000000003,2690.4,50,40438860.0,0.0,8600,2707.6000000000004,0
1728456240000,2690.0,2697.8,2688.8,2688.8,60,48443040.0,0.0,8615,2690.4,0
1728456300000,2688.2000000000003,2690.6,2681.4,2684.6,62,49959960.0,0.0,8617,2688.8,0
1728456360000,2684.4,2686.0,2680.0,2685.4,106,85319940.00000001,0.0,8625,2684.6,0
1728456420000,2686.4,2687.6000000000004,2679.8,2683.2000000000003,69,55517940.0,0.0,8628,2685.4,0
1728456480000,2682.0,2690.0,2680.0,2683.2,42,33837480.0,0.0,8621,2683.2,0
1728456540000,2689.0,2695.8,2676.4,2677.6,49,39530580.00000001,0.0,8619,2683.2000000000003,0
1728456600000,2677.6000000000004,2687.8,2677.6000000000004,2687.8,25,20127840.0,0.0,8622,2677.6000000000004,0
1728456660000,2687.2000000000003,2693.4,2684.8,2684.8,29,23391060.000000004,0.0,8633,2687.8,0
1728456720000,2684.8,2687.2,2682.0,2687.0,12,9665580.000000002,0.0,8628,2684.8,0
1728456780000,2687.2000000000003,2689.4,2683.2000000000003,2685.6000000000004,11,8865240.0,0.0,8622,2687.0000000000005,0
1728456840000,2682.0000000000005,2684.0000000000005,2678.6000000000004,2678.8,22,17692440.0,0.0,8617,2685.6000000000004,0
1728456900000,2677.6000000000004,2682.0000000000005,2677.6000000000004,2678.6000000000004,19,15273000.0,0.0,8613,2678.8,0
1728456960000,2681.0,2683.0,2675.0,2675.0,32,25729620.000000004,0.0,8610,2678.6,0
1728457020000,2675.2,2675.2,2668.0,2671.8,36,28848900.000000004,0.0,8601,2675.0,0
1728457080000,2671.2000000000003,2671.2000000000003,2658.2000000000003,2664.8,88,70326660.00000001,0.0,8607,2671.8,0
1728457140000,2668.0000000000005,2669.4000000000005,2653.6000000000004,2654.6000000000004,63,50280420.00000001,0.0,8604,2664.8,0
1728457200000,2656.6000000000004,2661.0000000000005,2652.2000000000003,2658.0000000000005,70,55793100.0,2708.8,8621,2654.6000000000004,0
1728523800000,2700.0,2700.0,2700.0,2700.0,11,8910000.0,0.0,8617,2658.0,0
1728523860000,2705.0,2744.8,2705.0,2730.6,300,245736540.0,0.0,8529,2700.0,0
1728523920000,2730.0000000000005,2742.2000000000003,2728.2000000000003,2732.2000000000003,240,196834620.0,0.0,8420,2730.6000000000004,0
1728523980000,2730.0,2734.2,2715.0,2715.0,130,106134120.0,0.0,8381,2732.2,0
1728524040000,2717.0,2717.0,2704.0,2706.0,69,56086020.0,0.0,8379,2715.0,0
1728524100000,2709.6000000000004,2721.8,2705.6000000000004,2705.6000000000004,113,91947840.00000001,0.0,8341,2706.0000000000005,0
1728524160000,2707.4,2724.4,2705.2000000000003,2723.4,143,116538060.0,0.0,8289,2705.6000000000004,0
1728524220000,2723.2000000000003,2733.0,2718.4,2731.0,67,54809040.00000001,0.0,8270,2723.4,0
1728524280000,2731.2,2731.2,2717.0,2726.2,88,71871180.0,0.0,8259,2731.0,0
1728524340000,2723.8,2728.0,2716.0,2728.0,103,84054300.00000001,0.0,8238,2726.2,0
1728524400000,2727.4000000000005,2731.0000000000005,2716.6000000000004,2728.6000000000004,223,182342580.0,0.0,8287,2728.0000000000005,0
1728524460000,2732.0,2745.0,2729.4,2745.0,152,124689360.00000001,0.0,8339,2728.6,0
1728524520000,2745.8,2755.0,2740.0,2755.0,90,74192340.0,0.0,8348,2745.0,0
1728524580000,2747.8,2747.8,2738.0,2747.0,57,46919100.0,0.0,8350,2755.0,0
1728524640000,2748.0,2768.8,2748.0,2765.0,217,179727900.00000003,0.0,8413,2747.0,0
1728524700000,2769.0000000000005,2769.0000000000005,2754.6000000000004,2756.4000000000005,131,108465900.00000001,0.0,8421,2765.0000000000005,0
1728524760000,2759.0000000000005,2760.0000000000005,2743.6000000000004,2744.0000000000005,56,46214700.0,0.0,8414,2756.4000000000005,0
1728524820000,2744.0,2756.4,2740.0,2742.4,130,107293140.0,0.0,8473,2744.0,0
1728524880000,2742.4000000000005,2750.0000000000005,2739.6000000000004,2748.2000000000003,63,51923220.00000001,0.0,8482,2742.4000000000005,0
1728524940000,2748.4,2748.4,2733.2000000000003,2734.0000000000005,86,70660979.99999999,0.0,8477,2748.2000000000003,0
1728525000000,2735.8,2745.4,2732.0,2745.4,57,46770780.0,0.0,8504,2734.0,0
1728525060000,2743.4,2743.4,2724.8,2733.6000000000004,74,60670920.00000001,0.0,8523,2745.4,0
1728525120000,2730.8,2731.4,2725.8,2726.0,65,53215920.0,0.0,8535,2733.6000000000004,0
1728525180000,2726.8,2731.4,2726.8,2727.0,44,36017940.00000001,0.0,8544,2726.0,0
1728525240000,2725.8,2729.2,2721.0,2727.0,50,40856940.0,0.0,8549,2727.0,0
1728525300000,2720.0,2723.2,2715.0,2715.0,60,48945360.0,0.0,8553,2727.0,0
1728525360000,2714.6,2715.0,2704.4,2707.8,58,47162580.00000001,0.0,8563,2715.0,0
1728525420000,2710.4,2730.0,2710.4,2728.4,92,75138960.00000001,0.0,8571,2707.8,0
1728525480000,2728.0,2730.6,2713.4,2713.4,33,26961600.0,0.0,8581,2728.4,0
1728525540000,2722.4,2727.2000000000003,2714.4,2716.6,18,14683980.0,0.0,8580,2713.4,0
1728525600000,2720.2,2725.8,2717.0,2723.2,36,29377920.000000004,0.0,8574,2716.6,0
1728525660000,2718.6000000000004,2721.6000000000004,2712.8,2717.6000000000004,29,23639880.000000004,0.0,8579,2723.2000000000003,0
1728525720000,2720.0,2724.8,2715.4,2724.6,33,26942400.000000004,0.0,8593,2717.6,0
1728525780000,2726.2000000000003,2738.0000000000005,2726.2000000000003,2736.4,40,32818500.0,0.0,8608,2724.6000000000004,0
1728525840000,2735.0000000000005,2738.8,2724.6000000000004,2727.0000000000005,71,58178940.0,0.0,8645,2736.4000000000005,0
1728525900000,2724.4,2730.6,2723.0,2730.6,33,26990400.000000004,0.0,8656,2727.0,0
1728525960000,2732.8,2735.6,2725.0,2730.6,58,47502240.00000001,0.0,8680,2730.6,0
1728526020000,2725.8,2735.0,2725.4,2735.0,11,9011220.0,0.0,8679,2730.6,0
1728526080000,2734.0,2735.8,2722.0,2722.0,43,35194139.99999999,0.0,8689,2735.0,0
1728526140000,2722.0,2722.0,2717.0,2717.2,28,22839420.0,0.0,8687,2722.0,0
1728526200000,2716.8,2722.6000000000004,2716.8,2720.8,23,18770340.000000004,0.0,8691,2717.2000000000003,0
1728526260000,2718.6,2720.0,2715.0,2719.4,16,13043040.0,0.0,8695,2720.8,0
1728526320000,2719.4,2720.0000000000005,2712.2000000000003,2712.2000000000003,32,26068500.000000004,0.0,8696,2719.4,0
1728526380000,2712.0,2712.0,2698.0,2701.8,58,47017620.00000001,0.0,8707,2712.2,0
1728526440000,2701.8,2711.4,2699.4,2699.6,39,31637580.000000004,0.0,8710,2701.8,0
1728526500000,2706.0,2709.2,2699.0,2705.4,41,33277380.000000007,0.0,8722,2699.6,0
1728526560000,2700.0,2700.0,2690.0,2690.8,39,31520220.000000004,0.0,8727,2705.4,0
1728526620000,2689.0,2691.6000000000004,2686.8,2689.8,39,31461540.000000004,0.0,8722,2690.8,0
1728526680000,2692.2000000000003,2706.2000000000003,2690.4,2697.0,63,50957760.0,0.0,8733,2689.8,0
1728526740000,2700.6,2709.0,2697.0,2708.2,39,31615800.000000004,0.0,8741,2697.0,0
1728526800000,2708.8,2710.2000000000003,2698.8,2700.4,38,30815220.000000004,0.0,8744,2708.2000000000003,0
1728526860000,2706.0000000000005,2715.2000000000003,2704.6000000000004,2704.6000000000004,34,27658680.000000004,0.0,8752,2700.4000000000005,0
1728526920000,2706.0,2714.6,2706.0,2711.4,10,8133420.0,0.0,8751,2704.6,0
1728526980000,2717.8,2724.2000000000003,2715.6000000000004,2724.2000000000003,49,39990840.00000001,0.0,8742,2711.4000000000005,0
1728527040000,2721.0000000000005,2724.2000000000003,2712.2000000000003,2721.4,31,25282020.0,0.0,8749,2724.2000000000003,0
1728527100000,2719.4,2719.4,2711.0,2711.0,11,8959260.000000002,0.0,8751,2721.4,0
1728527160000,2710.6,2711.6,2705.4,2711.6,14,11374800.000000002,0.0,8755,2711.0,0
1728527220000,2712.2000000000003,2718.4,2710.2000000000003,2712.8,17,13840080.0,0.0,8760,2711.6000000000004,0
1728527280000,2719.4,2725.2,2716.0,2725.2,15,12250560.0,0.0,8758,2712.8,0
1728527340000,2726.0,2733.4,2726.0,2728.2,42,34397340.0,0.0,8771,2725.2,0
1728527400000,2728.0,2732.8,2726.4,2730.4,18,14739720.000000002,0.0,8772,2728.2000000000003,0
1728527460000,2733.0000000000005,2736.4,2730.2000000000003,2736.4,16,13124760.000000002,0.0,8769,2730.4,0
1728527520000,2733.0,2741.0,2732.4,2736.6,91,74696220.0,0.0,8781,2736.4,0
1728527580000,2734.4,2740.2,2731.0,2739.4,40,32802540.0,0.0,8786,2736.6,0
1728527640000,2739.8,2752.6000000000004,2739.8,2752.6000000000004,113,93096120.0,0.0,8818,2739.4,0
1728527700000,2753.0,2759.6000000000004,2751.8,2751.8,42,34724160.0,0.0,8824,2752.6000000000004,0
1728527760000,2750.0000000000005,2763.6000000000004,2748.2000000000003,2760.0000000000005,78,64535100.00000001,0.0,8818,2751.8,0
1728527820000,2759.8,2759.8,2742.6000000000004,2747.4000000000005,36,29676840.0,0.0,8828,2760.0000000000005,0
1728527880000,2747.8,2753.2,2740.0,2753.2,28,23051160.000000004,0.0,8827,2747.4,0
1728527940000,2755.6000000000004,2766.0000000000005,2755.6000000000004,2764.6000000000004,33,27352860.0,0.0,8834,2753.2000000000003,0
1728528000000,2761.2000000000003,2761.2000000000003,2752.6000000000004,2761.0000000000005,13,10758240.0,0.0,8839,2764.6000000000004,0
1728528060000,2758.2000000000003,2758.2000000000003,2744.6000000000004,2746.0000000000005,32,26397600.0,0.0,8838,2761.0000000000005,0
1728528120000,2748.8,2748.8,2742.2000000000003,2746.0000000000005,13,10707240.0,0.0,8839,2746.0000000000005,0
1728528180000,2746.6,2750.4,2738.0,2740.8,27,22209600.0,0.0,8846,2746.0,0
1728528240000,2743.2000000000003,2744.4000000000005,2741.6000000000004,2742.0000000000005,7,5760360.0,0.0,8847,2740.8,0
1728528300000,2741.6000000000004,2750.0,2737.8,2748.0,12,9873660.000000002,0.0,8848,2742.0,0
1728528360000,2756.4,2760.2000000000003,2749.4,2750.4,28,23135340.0,0.0,8850,2748.0,0
1728528420000,2754.6000000000004,2754.6000000000004,2742.2000000000003,2746.4,16,13182000.0,0.0,8853,2750.4,0
1728528480000,2752.0,2752.0,2747.8,2750.4,10,8248920.0,0.0,8856,2746.4,0
1728528540000,2753.2000000000003,2758.6000000000004,2747.2000000000003,2751.6000000000004,19,15683340.000000002,0.0,8862,2750.4,0
1728528600000,2745.8,2753.6,2745.0,2753.6,14,11539260.000000002,0.0,8862,2751.6,0
1728528660000,2750.2000000000003,2750.2000000000003,2746.2000000000003,2746.8,6,4946460.000000001,0.0,8864,2753.6000000000004,0
1728528720000,2747.4000000000005,2752.8,2745.6000000000004,2749.4000000000005,35,28863060.0,0.0,8874,2746.8,0
1728528780000,2747.4,2770.0,2745.8,2766.8,76,62936220.0,0.0,8891,2749.4,0
1728528840000,2766.8,2774.0000000000005,2764.2000000000003,2774.0000000000005,76,63167820.0,0.0,8913,2766.8,0
1728528900000,2774.0000000000005,2777.6000000000004,2762.6000000000004,2768.2000000000003,73,60712080.0,0.0,8927,2774.0000000000005,0
1728528960000,2768.2,2775.0,2760.0,2775.0,43,35683560.0,0.0,8936,2768.2,0
1728529020000,2775.0000000000005,2775.0000000000005,2766.6000000000004,2772.0000000000005,27,22443060.0,0.0,8948,2775.0000000000005,0
1728529080000,2772.0000000000005,2773.0000000000005,2766.2000000000003,2770.4,15,12468660.0,0.0,8953,2772.0000000000005,0
1728529140000,2769.0,2778.8,2769.0,2778.8,51,42460980.0,0.0,8967,2770.4,0
1728529200000,2775.0,2775.0,2767.0,2767.0,28,23282940.0,0.0,8970,2778.8,0
1728529260000,2769.4,2769.4,2762.4,2764.2000000000003,37,30708540.000000004,0.0,8976,2767.0,0
1728529320000,2762.2000000000003,2765.4,2760.8,2763.0,12,9946440.000000002,0.0,8976,2764.2000000000003,0
1728529380000,2759.8,2762.0000000000005,2758.2000000000003,2762.0000000000005,15,12418920.0,0.0,8984,2763.0000000000005,0
1728529440000,2763.0,2770.0,2763.0,2768.8,27,22423260.000000004,0.0,8987,2762.0,0
1728529500000,2767.8,2778.6000000000004,2766.8,2778.6000000000004,52,43279080.0,0.0,8997,2768.8,0
1728529560000,2778.8,2780.0000000000005,2770.2000000000003,2776.0000000000005,39,32471100.0,0.0,8989,2778.6000000000004,0
1728529620000,2772.6000000000004,2772.8,2766.8,2772.8,24,19948680.000000004,0.0,8990,2776.0,0
1728529680000,2770.4,2776.0,2770.4,2776.0,6,4992360.000000001,0.0,8991,2772.8,0
1728529740000,2777.0,2788.6,2777.0,2786.0,84,70165020.0,0.0,8987,2776.0,0
1728529800000,2786.0000000000005,2790.0000000000005,2782.6000000000004,2788.6000000000004,37,30925980.000000004,0.0,8994,2786.0000000000005,0
1728529860000,2789.6000000000004,2794.2000000000003,2789.6000000000004,2792.4000000000005,56,46916460.00000001,0.0,9024,2788.6000000000004,0
1728529920000,2791.6,2797.8,2789.0,2794.4,22,18444180.0,0.0,9028,2792.4,0
1728529980000,2793.2000000000003,2799.6000000000004,2792.6000000000004,2792.6000000000004,73,61254180.0,0.0,9040,2794.4000000000005,0
1728530040000,2791.8,2791.8,2783.6000000000004,2788.8,71,59341680.00000001,0.0,9059,2792.6000000000004,0
1728530100000,2788.6,2806.8,2786.4,2804.4,67,56253420.0,0.0,9078,2788.8,0
1728530160000,2807.6000000000004,2810.0,2799.8,2800.0,110,92613240.0,0.0,9125,2804.4,0
1728530220000,2799.2000000000003,2813.2000000000003,2797.8,2810.0,65,54742920.0,0.0,9153,2800.0,0
1728530280000,2811.8,2811.8,2799.8,2803.8,50,42078780.0,0.0,9174,2810.0,0
1728530340000,2806.0,2815.2,2806.0,2815.0,43,36275159.99999999,0.0,9176,2803.8,0
1728530400000,2813.0,2816.2000000000003,2809.8,2813.6000000000004,21,17722380.0,0.0,9180,2815.0,0
1728530460000,2815.0,2829.0,2813.0,2825.0,135,114212100.0,0.0,9217,2813.6,0
1728530520000,2823.0,2824.0,2813.4,2815.0,55,46506660.0,0.0,9219,2825.0,0
1728530580000,2814.6,2816.6,2802.4,2803.6,45,37913160.0,0.0,9231,2815.0,0
1728530640000,2802.0,2805.0,2801.0,2804.0,14,11774100.0,0.0,9231,2803.6,0
1728530700000,2804.0,2804.0,2792.0,2792.0,45,37745760.0,0.0,9243,2804.0,0
1728530760000,2795.4,2807.0,2795.4,2807.0,17,14295660.000000002,0.0,9246,2792.0,0
1728530820000,2801.0000000000005,2809.8,2798.6000000000004,2805.0000000000005,16,13461540.000000002,0.0,9247,2807.0000000000005,0
1728530880000,2807.2000000000003,2817.0000000000005,2807.2000000000003,2814.8,33,27853440.0,0.0,9255,2805.0000000000005,0
1728530940000,2815.8,2815.8,2806.8,2811.2000000000003,24,20232780.000000004,0.0,9262,2814.8,0
1728531000000,2805.8,2805.8,2801.4,2804.0,26,21866040.0,0.0,9258,2811.2000000000003,0
1728536460000,2804.2,2819.0,2804.0,2818.0,89,75077160.0,0.0,9279,2804.0,0
1728536520000,2815.2000000000003,2819.2000000000003,2815.2000000000003,2819.2000000000003,15,12679620.0,0.0,9284,2818.0000000000005,0
1728536580000,2819.2000000000003,2822.4000000000005,2808.6000000000004,2815.2000000000003,23,19419480.0,0.0,9291,2819.2000000000003,0
1728536640000,2810.0,2813.2,2808.0,2811.0,24,20239560.000000004,0.0,9302,2815.2,0
1728536700000,2815.0,2820.0,2814.4,2815.2000000000003,12,10136040.000000002,0.0,9310,2811.0,0
1728536760000,2811.0,2814.4,2809.4,2811.8,21,17710980.0,0.0,9318,2815.2000000000003,0
1728536820000,2813.2,2813.2,2797.0,2799.8,77,64724700.0,0.0,9328,2811.8,0
1728536880000,2799.8,2799.8,2793.6000000000004,2794.0000000000005,51,42782160.00000001,0.0,9347,2799.8,0
1728536940000,2794.8,2796.6000000000004,2790.8,2796.2000000000003,34,28497120.000000004,0.0,9355,2794.0,0
1728537000000,2792.8,2792.8,2786.6000000000004,2790.0000000000005,51,42679980.00000001,0.0,9357,2796.2000000000003,0
1728537060000,2790.0,2794.2,2790.0,2792.4,53,44387520.0,0.0,9368,2790.0,0
1728537120000,2794.2000000000003,2800.0000000000005,2794.2000000000003,2799.6000000000004,29,24344820.000000004,0.0,9386,2792.4,0
1728537180000,2800.0000000000005,2800.0000000000005,2788.2000000000003,2788.2000000000003,34,28481580.000000004,0.0,9392,2799.6000000000004,0
1728537240000,2786.2000000000003,2786.8,2778.2000000000003,2781.4,58,48412260.00000001,0.0,9412,2788.2000000000003,0
1728537300000,2782.8,2783.2000000000003,2779.6000000000004,2779.8,17,14183820.0,0.0,9418,2781.4000000000005,0
1728537360000,2782.8,2787.6000000000004,2782.8,2787.6000000000004,14,11698620.000000002,0.0,9427,2779.8,0
1728537420000,2785.0000000000005,2787.6000000000004,2780.2000000000003,2787.6000000000004,38,31728840.000000004,0.0,9441,2787.6000000000004,0
1728537480000,2788.0,2799.6,2788.0,2797.2,45,37728600.0,0.0,9454,2787.6,0
1728537540000,2795.4,2795.4,2793.0,2793.6,8,6706560.0,0.0,9457,2797.2,0
1728537600000,2791.2,2791.2,2784.0,2785.0,29,24248280.000000004,0.0,9466,2793.6,0
1728537660000,2785.2000000000003,2786.2000000000003,2783.4,2784.0,15,12530100.0,0.0,9473,2785.0,0
1728537720000,2781.6000000000004,2783.2000000000003,2779.6000000000004,2783.2000000000003,19,15853440.0,0.0,9484,2784.0000000000005,0
1728537780000,2783.0,2791.2,2783.0,2787.0,34,28432080.000000004,0.0,9501,2783.2,0
1728537840000,2789.2000000000003,2789.2000000000003,2783.4,2783.4,9,7522800.0,0.0,9505,2787.0,0
1728537900000,2790.0,2791.0,2786.4,2788.8,17,14221380.000000002,0.0,9511,2783.4,0
1728537960000,2790.0000000000005,2792.0000000000005,2787.6000000000004,2788.2000000000003,24,20085660.000000004,0.0,9520,2788.8,0
1728538020000,2786.4,2791.2000000000003,2786.4,2790.2000000000003,19,15896760.0,0.0,9527,2788.2000000000003,0
1728538080000,2791.6000000000004,2805.0000000000005,2791.6000000000004,2804.4000000000005,53,44518500.00000001,0.0,9544,2790.2000000000003,0
1728538140000,2804.4,2804.4,2800.4,2801.0,38,31941300.0,0.0,9561,2804.4,0
1728538200000,2799.8,2805.6000000000004,2799.8,2804.2000000000003,28,23554860.000000004,0.0,9575,2801.0,0
1728538260000,2803.8,2803.8,2793.8,2793.8,17,14269380.000000002,0.0,9582,2804.2000000000003,0
1728538320000,2794.4000000000005,2796.0000000000005,2790.6000000000004,2796.0000000000005,48,40214820.00000001,0.0,9612,2793.8,0
1728538380000,2795.2000000000003,2795.2000000000003,2788.2000000000003,2788.4,22,18416220.0,0.0,9623,2796.0000000000005,0
1728538440000,2790.0,2791.0,2789.0,2789.0,17,14229120.000000002,0.0,9629,2788.4,0
1728538500000,2788.4,2793.4,2785.2000000000003,2788.0000000000005,30,25094940.0,0.0,9639,2789.0000000000005,0
1728538560000,2789.4,2794.6,2785.0,2785.8,34,28438500.0,0.0,9658,2788.0,0
1728538620000,2784.8,2788.4,2784.4,2788.4,7,5849640.000000001,0.0,9662,2785.8,0
1728538680000,2786.4,2791.4,2786.4,2791.4,5,4184460.0,0.0,9666,2788.4,0
1728538740000,2790.0,2794.0,2789.0,2790.2,12,10047480.000000002,0.0,9673,2791.4,0
1728538800000,2790.6,2792.0,2790.0,2790.8,9,7534500.0,0.0,9677,2790.2,0
1728538860000,2788.2000000000003,2790.0000000000005,2787.6000000000004,2789.4000000000005,7,5855760.0,0.0,9682,2790.8,0
1728538920000,2789.4,2790.0,2786.4,2788.8,10,8365620.0,0.0,9688,2789.4,0
1728538980000,2792.2000000000003,2800.2000000000003,2791.8,2798.8,17,14261520.000000002,0.0,9697,2788.8,0
1728539040000,2797.8,2802.6,2797.0,2802.6,5,4199280.0,0.0,9699,2798.8,0
1728539100000,2797.2000000000003,2803.2000000000003,2797.2000000000003,2800.8,7,5881800.0,0.0,9704,2802.6000000000004,0
1728539160000,2799.6000000000004,2800.6000000000004,2798.2000000000003,2800.2000000000003,31,26038080.0,0.0,9732,2800.8,0
1728539220000,2800.2000000000003,2803.8,2800.2000000000003,2803.4,16,13452360.000000002,0.0,9746,2800.2000000000003,0
1728539280000,2802.8,2802.8,2798.4,2798.4,18,15121740.0,0.0,9759,2803.4,0
1728539340000,2800.2000000000003,2802.6000000000004,2798.2000000000003,2798.2000000000003,22,18488580.0,0.0,9772,2798.4,0
1728539400000,2797.8,2797.8,2789.0,2789.6,36,30172860.0,0.0,9791,2798.2,0
1728539460000,2789.6000000000004,2791.8,2788.2000000000003,2790.0000000000005,20,16737060.0,0.0,9799,2789.6000000000004,0
1728539520000,2790.0,2791.8,2786.0,2790.0,63,52702860.0,0.0,9822,2790.0,0
1728539580000,2790.0,2792.4,2786.4,2788.2000000000003,35,29285700.0,0.0,9839,2790.0,0
1728539640000,2789.6,2789.6,2780.0,2783.0,36,30047280.0,0.0,9856,2788.2,0
1728539700000,2780.4,2780.6,2772.0,2772.0,65,54124440.0,0.0,9902,2783.0,0
1728539760000,2772.6000000000004,2773.6000000000004,2766.6000000000004,2768.8,40,33247500.0,0.0,9911,2772.0000000000005,0
1728539820000,2768.8,2769.2000000000003,2764.8,2769.2000000000003,37,30712620.0,0.0,9922,2768.8,0
1728539880000,2770.8,2776.8,2770.8,2774.4,102,84883800.0,0.0,9978,2769.2000000000003,0
1728539940000,2774.0,2774.4,2767.0,2767.0,32,26620260.000000004,0.0,9992,2774.4,0
1728540000000,2767.0,2774.2000000000003,2766.8,2773.4,49,40750800.0,0.0,10016,2767.0,0
1728540060000,2774.2000000000003,2774.2000000000003,2766.6000000000004,2766.6000000000004,25,20786700.0,0.0,10015,2773.4000000000005,0
1728540120000,2768.2000000000003,2778.0000000000005,2768.2000000000003,2775.8,57,47439420.0,0.0,10034,2766.6000000000004,0
1728540180000,2775.8,2776.2000000000003,2773.4,2774.4,42,34967400.0,0.0,10043,2775.8,0
1728540240000,2773.4,2774.4,2762.4,2764.8,45,37383600.0,0.0,10068,2774.4,0
1728540300000,2764.8,2767.4,2760.2000000000003,2766.0000000000005,20,16586940.0,0.0,10062,2764.8,0
1728540360000,2764.4,2764.4,2758.8,2760.8,22,18222300.0,0.0,10058,2766.0,0
1728540420000,2761.8,2763.6000000000004,2755.8,2755.8,49,40592460.00000001,0.0,10084,2760.8,0
1728540480000,2754.8,2766.0,2754.8,2763.6000000000004,18,14905440.0,0.0,10091,2755.8,0
1728540540000,2764.4,2765.8,2764.0,2764.2,19,15757140.0,0.0,10099,2763.6,0
1728540600000,2766.0,2773.4,2766.0,2771.6,15,12471360.0,0.0,10106,2764.2,0
1728540660000,2766.8,2773.6000000000004,2766.8,2770.0,8,6648360.0,0.0,10109,2771.6000000000004,0
1728540720000,2771.8,2771.8,2762.2000000000003,2765.4,14,11614080.0,0.0,10117,2770.0000000000005,0
1728540780000,2768.6,2768.6,2764.0,2765.6,14,11613600.000000002,0.0,10116,2765.4,0
1728540840000,2768.0,2773.8,2768.0,2770.2,8,6651780.000000001,0.0,10114,2765.6,0
1728540900000,2766.6000000000004,2767.0000000000005,2762.6000000000004,2762.6000000000004,16,13272960.0,0.0,10116,2770.2000000000003,0
1728540960000,2763.2000000000003,2764.2000000000003,2758.8,2758.8,25,20716200.0,0.0,10120,2762.6000000000004,0
1728541020000,2762.4,2762.4,2758.8,2759.0,24,19869240.000000004,0.0,10113,2758.8,0
1728541080000,2759.4,2759.4,2758.2000000000003,2758.2000000000003,7,5793840.000000001,0.0,10112,2759.0000000000005,0
1728541140000,2760.8,2760.8,2748.6000000000004,2749.8,50,41259420.0,0.0,10129,2758.2000000000003,0
1728541200000,2749.8,2752.2000000000003,2747.2000000000003,2750.0000000000005,14,11549700.0,0.0,10132,2749.8,0
1728541260000,2751.2000000000003,2756.4,2751.2000000000003,2756.2000000000003,47,38840460.0,0.0,10161,2750.0000000000005,0
1728541320000,2757.0000000000005,2759.0000000000005,2756.2000000000003,2757.0000000000005,48,39704100.00000001,0.0,10190,2756.2000000000003,0
1728541380000,2757.6,2760.4,2752.4,2753.2000000000003,51,42159600.00000001,0.0,10221,2757.0,0
1728541440000,2752.4,2755.2000000000003,2750.8,2755.2000000000003,7,5779860.0,0.0,10223,2753.2000000000003,0
1728541500000,2760.0,2760.0,2754.4,2754.4,12,9923760.000000002,0.0,10227,2755.2000000000003,0
1728541560000,2754.4,2754.4,2751.2000000000003,2752.0000000000005,14,11559780.0,0.0,10238,2754.4,0
1728541620000,2751.2000000000003,2753.2000000000003,2750.6000000000004,2751.0000000000005,10,8254920.0,0.0,10241,2752.0000000000005,0
1728541680000,2752.8,2752.8,2748.0,2748.0,12,9900540.000000002,0.0,10243,2751.0,0
1728541740000,2746.6,2746.6,2742.0,2743.6,22,18110580.000000004,0.0,10247,2748.0,0
1728541800000,2744.0000000000005,2749.4,2742.2000000000003,2744.2000000000003,21,17290080.0,0.0,10261,2743.6000000000004,0
1728541860000,2745.6000000000004,2756.6000000000004,2745.6000000000004,2753.2000000000003,16,13208700.0,0.0,10265,2744.2000000000003,0
1728541920000,2754.8,2757.0,2753.0,2756.0,11,9093480.0,0.0,10272,2753.2,0
1728541980000,2757.2000000000003,2765.0000000000005,2757.2000000000003,2765.0000000000005,18,14914920.0,0.0,10270,2756.0000000000005,0
1728542040000,2766.0000000000005,2771.8,2762.6000000000004,2770.2000000000003,22,18271740.000000004,0.0,10274,2765.0000000000005,0
1728542100000,2770.2000000000003,2770.2000000000003,2760.2000000000003,2767.4,27,22410060.000000004,0.0,10285,2770.2000000000003,0
1728542160000,2767.6,2769.8,2765.4,2765.4,13,10795020.0,0.0,10289,2767.4,0
1728542220000,2764.0000000000005,2764.0000000000005,2757.2000000000003,2757.2000000000003,15,12416700.0,0.0,10294,2765.4,0
1728542280000,2759.8,2760.4,2753.0,2754.6,9,7442280.0,0.0,10296,2757.2,0
1728542340000,2752.4,2754.8,2750.8,2750.8,20,16514340.0,0.0,10305,2754.6000000000004,0
1728542400000,2751.4,2754.0000000000005,2751.2000000000003,2751.2000000000003,10,8256720.0,0.0,10308,2750.8,0
1728542460000,2750.6,2755.0,2748.0,2748.0,14,11557920.000000002,0.0,10312,2751.2,0
1728542520000,2748.0,2753.0,2743.8,2751.0,33,27203460.0,0.0,10325,2748.0,0
1728542580000,2749.8,2750.2000000000003,2748.8,2749.8,10,8249880.0,0.0,10334,2751.0,0
1728542640000,2750.8,2751.0000000000005,2743.2000000000003,2747.4,19,15661200.0,0.0,10339,2749.8,0
1728542700000,2747.4,2748.0,2746.8,2748.0,6,4944960.000000001,0.0,10343,2747.4,0
1728542760000,2748.0,2749.8,2744.8,2749.8,17,14008440.000000002,0.0,10347,2748.0,0
1728542820000,2748.8,2754.4,2748.0,2748.0,8,6601200.0,0.0,10352,2749.8,0
1728542880000,2750.4,2752.2000000000003,2746.4,2749.0,17,14025900.000000002,0.0,10358,2748.0,0
1728542940000,2747.4,2753.4,2747.4,2751.0,44,36324600.0,0.0,10375,2749.0,0
1728543000000,2751.2000000000003,2751.8,2748.4,2748.4,21,17325300.0,0.0,10382,2751.0,0
1728543060000,2750.4,2751.8,2748.2000000000003,2751.6000000000004,45,37137420.0,0.0,10386,2748.4,0
1728543120000,2751.0000000000005,2751.0000000000005,2743.2000000000003,2745.6000000000004,39,32127420.000000004,0.0,10408,2751.6000000000004,0
1728543180000,2743.6000000000004,2747.2000000000003,2743.6000000000004,2745.0000000000005,13,10709160.0,0.0,10417,2745.6000000000004,0
1728543240000,2744.2,2745.2,2742.0,2745.0,32,26343600.000000004,0.0,10427,2745.0,0
1728543300000,2745.0,2745.2,2741.0,2743.2,22,18105180.0,0.0,10436,2745.0,0
1728543360000,2743.8,2745.6,2741.4,2743.6,62,51043020.0,0.0,10478,2743.2000000000003,0
1728543420000,2742.2000000000003,2743.4,2741.2000000000003,2741.2000000000003,21,17278260.0,0.0,10486,2743.6000000000004,0
1728543480000,2742.6,2747.4,2742.0,2746.0,27,22235220.000000004,0.0,10506,2741.2,0
1728543540000,2745.6,2750.0,2745.0,2750.0,29,23906940.000000004,0.0,10516,2746.0,0
1728543600000,2753.6000000000004,2753.6000000000004,2747.8,2751.0,16,13205760.0,2756.0,10524,2750.0,0
1728610200000,2740.2000000000003,2740.2000000000003,2740.2000000000003,2740.2000000000003,4,3288240.0,0.0,10523,2751.0000000000005,0
1728610260000,2740.2000000000003,2742.8,2722.8,2728.6000000000004,187,153239040.0,0.0,10444,2740.2000000000003,0
1728610320000,2728.6000000000004,2742.6000000000004,2722.6000000000004,2742.6000000000004,240,196981200.0,0.0,10350,2728.6000000000004,0
1728610380000,2743.0000000000005,2743.0000000000005,2729.2000000000003,2730.6000000000004,149,122242440.0,0.0,10272,2742.6000000000004,0
1728610440000,2730.0,2732.2000000000003,2723.8,2730.4,91,74459820.0,0.0,10226,2730.6000000000004,0
1728610500000,2728.8,2736.8,2727.0,2728.4,79,64738200.0,0.0,10193,2730.4,0
1728610560000,2728.4,2731.8,2725.0,2726.6,109,89211960.00000001,0.0,10137,2728.4,0
1728610620000,2726.6000000000004,2728.2000000000003,2720.2000000000003,2725.8,77,62926680.0,0.0,10102,2726.6000000000004,0
1728610680000,2726.8,2726.8,2716.0,2716.0,54,44078160.00000001,0.0,10068,2725.8,0
1728610740000,2715.6,2723.0,2714.0,2723.0,69,56244120.00000001,0.0,10031,2716.0,0
1728610800000,2723.0,2727.8,2718.0,2719.6,49,40029060.00000001,0.0,10020,2723.0,0
1728610860000,2721.0,2728.2,2721.0,2728.0,49,40063320.0,0.0,10009,2719.6,0
1728610920000,2728.8,2731.6,2722.4,2725.4,71,58082340.0,0.0,9980,2728.0,0
1728610980000,2722.8,2733.0,2720.8,2733.0,59,48259440.00000001,0.0,9976,2725.4,0
1728611040000,2733.0,2744.2,2733.0,2744.2,88,72306000.0,0.0,9967,2733.0,0
1728611100000,2743.6,2746.6,2735.4,2740.4,64,52624980.0,0.0,9943,2744.2000000000003,0
1728611160000,2739.4,2739.4,2731.0,2735.6,65,53334120.0,0.0,9942,2740.4,0
1728611220000,2736.2000000000003,2749.0000000000005,2733.6000000000004,2749.0000000000005,69,56823780.0,0.0,9918,2735.6000000000004,0
1728611280000,2749.0000000000005,2757.0000000000005,2743.6000000000004,2754.2000000000003,46,37964880.00000001,0.0,9909,2749.0000000000005,0
1728611340000,2755.4000000000005,2755.4000000000005,2745.6000000000004,2747.2000000000003,27,22268760.0,0.0,9906,2754.2000000000003,0
1728611400000,2748.8,2751.2000000000003,2745.4,2745.6,60,49482120.0,0.0,9907,2747.2000000000003,0
1728611460000,2746.6,2756.6,2745.0,2751.2,56,46235880.00000001,0.0,9906,2745.6,0
1728611520000,2749.0,2751.0,2745.4,2745.4,24,19781940.000000004,0.0,9895,2751.2000000000003,0
1728611580000,2745.4,2747.2000000000003,2741.8,2747.2000000000003,41,33752460.00000001,0.0,9881,2745.4,0
1728611640000,2749.2000000000003,2756.0000000000005,2748.2000000000003,2751.4,67,55297860.0,0.0,9883,2747.2000000000003,0
1728611700000,2751.4,2751.4,2745.0,2745.6,16,13189560.000000002,0.0,9886,2751.4,0
1728611760000,2744.8,2745.0,2739.4,2744.0,149,122615880.00000001,0.0,9927,2745.6,0
1728611820000,2746.2000000000003,2751.2000000000003,2739.4,2741.6,89,73290600.0,0.0,9963,2744.0,0
1728611880000,2742.8,2746.4,2740.8,2741.0,65,53507220.0,0.0,9998,2741.6000000000004,0
1728611940000,2741.6000000000004,2746.0000000000005,2741.6000000000004,2744.6000000000004,71,58446900.00000001,0.0,10046,2741.0000000000005,0
1728612000000,2745.2000000000003,2752.0000000000005,2745.2000000000003,2750.6000000000004,137,112981080.00000001,0.0,10078,2744.6000000000004,0
1728612060000,2748.2000000000003,2748.6000000000004,2740.8,2743.4,64,52703100.0,0.0,10098,2750.6000000000004,0
1728612120000,2740.0000000000005,2742.2000000000003,2738.6000000000004,2740.0000000000005,61,50140980.0,0.0,10133,2743.4000000000005,0
1728612180000,2740.0,2743.0,2731.0,2735.6,123,101042580.0,0.0,10193,2740.0,0
1728612240000,2736.0000000000005,2740.0000000000005,2735.2000000000003,2738.8,53,43517460.00000001,0.0,10221,2735.6000000000004,0
1728612300000,2738.8,2746.4,2738.8,2746.4,55,45266580.0,0.0,10249,2738.8,0
1728612360000,2746.2000000000003,2748.0,2740.8,2743.0,58,47728320.00000001,0.0,10269,2746.4,0
1728612420000,2742.2000000000003,2743.2000000000003,2740.2000000000003,2743.2000000000003,98,80599260.0,0.0,10326,2743.0000000000005,0
1728612480000,2743.4,2743.4,2734.8,2737.4,77,63236580.0,0.0,10367,2743.2000000000003,0
1728612540000,2736.8,2736.8,2729.0,2730.8,45,36886020.0,0.0,10375,2737.4,0
1728612600000,2731.8,2731.8,2725.2000000000003,2729.8,62,50749500.00000001,0.0,10386,2730.8,0
1728612660000,2729.8,2734.4,2724.4,2727.2000000000003,86,70410180.0,0.0,10416,2729.8,0
1728612720000,2727.8,2731.2000000000003,2726.6000000000004,2729.6000000000004,37,30283260.0,0.0,10414,2727.2000000000003,0
1728612780000,2730.6,2730.6,2722.0,2724.2,29,23711460.000000004,0.0,10430,2729.6,0
1728612840000,2724.8,2724.8,2717.6000000000004,2718.4000000000005,79,64437960.0,0.0,10422,2724.2000000000003,0
1728612900000,2720.6000000000004,2726.8,2719.2000000000003,2726.8,40,32682000.0,0.0,10429,2718.4,0
1728612960000,2727.4,2733.6,2727.4,2729.6,45,36862500.0,0.0,10435,2726.8,0
1728613020000,2729.2000000000003,2732.8,2729.2000000000003,2732.2000000000003,20,16386780.0,0.0,10443,2729.6000000000004,0
1728613080000,2732.2000000000003,2732.2000000000003,2718.2000000000003,2718.2000000000003,45,36764400.0,0.0,10441,2732.2000000000003,0
1728613140000,2719.6000000000004,2720.0000000000005,2715.2000000000003,2717.0000000000005,64,52171860.0,0.0,10449,2718.2000000000003,0
1728613200000,2721.2000000000003,2724.8,2713.4,2715.4,101,82430880.0,0.0,10478,2717.0,0
1728613260000,2713.2000000000003,2718.8,2707.2000000000003,2718.8,98,79706760.00000001,0.0,10479,2715.4,0
1728613320000,2717.4,2729.6000000000004,2716.2000000000003,2726.2000000000003,55,44926680.0,0.0,10478,2718.8,0
1728613380000,2726.0,2726.0,2720.0,2722.4,29,23686740.000000004,0.0,10478,2726.2,0
1728613440000,2725.0,2727.6,2724.0,2727.6,18,14718720.0,0.0,10473,2722.4,0
1728613500000,2728.2,2732.2,2725.0,2727.6,24,19648140.000000004,0.0,10467,2727.6,0
1728613560000,2728.8,2728.8,2724.0,2727.4,26,21268620.0,0.0,10455,2727.6,0
1728613620000,2726.8,2728.4000000000005,2725.6000000000004,2726.0000000000005,21,17180400.0,0.0,10453,2727.4000000000005,0
1728613680000,2725.6000000000004,2725.6000000000004,2719.8,2720.0,50,40830600.0,0.0,10455,2726.0,0
1728613740000,2719.8,2723.0000000000005,2717.2000000000003,2720.2000000000003,31,25299480.0,0.0,10459,2720.0000000000005,0
1728613800000,2718.4,2718.4,2711.4,2715.4,51,41528820.0,0.0,10469,2720.2000000000003,0
1728613860000,2715.2000000000003,2722.6000000000004,2715.2000000000003,2718.2000000000003,33,26921340.0,0.0,10469,2715.4,0
1728613920000,2713.6,2718.2,2713.0,2718.0,21,17103900.000000004,0.0,10478,2718.2,0
1728613980000,2721.8,2724.2000000000003,2719.8,2720.2000000000003,23,18782100.000000004,0.0,10485,2718.0,0
1728614040000,2720.2000000000003,2723.0000000000005,2720.2000000000003,2720.2000000000003,18,14693460.000000002,0.0,10485,2720.2000000000003,0
1728614100000,2719.6000000000004,2720.0000000000005,2715.6000000000004,2717.6000000000004,21,17120580.0,0.0,10485,2720.2000000000003,0
1728614160000,2715.6,2724.0,2715.4,2719.0,51,41592480.00000001,0.0,10476,2717.6,0
1728614220000,2715.8,2718.2000000000003,2715.8,2716.2000000000003,14,11410620.0,0.0,10469,2719.0,0
1728614280000,2716.0,2716.0,2710.8,2713.0,29,23598840.000000004,0.0,10469,2716.2000000000003,0
1728614340000,2712.0,2713.4,2711.4,2713.4,4,3254460.0,0.0,10470,2713.0,0
1728614400000,2711.2,2714.8,2711.0,2712.2,31,25228560.0,0.0,10476,2713.4,0
1728614460000,2713.4,2713.6,2707.4,2711.8,64,52032840.00000001,0.0,10455,2712.2000000000003,0
1728614520000,2711.8,2711.8,2701.0,2704.2,127,103045920.0,0.0,10467,2711.8,0
1728614580000,2704.6,2705.4,2699.0,2700.2,38,30797100.000000004,0.0,10468,2704.2,0
1728614640000,2702.6,2703.4,2696.4,2699.2000000000003,37,29961780.0,0.0,10474,2700.2000000000003,0
1728614700000,2700.6000000000004,2707.0000000000005,2699.2000000000003,2707.0000000000005,31,25129800.0,0.0,10484,2699.2000000000003,0
1728614760000,2707.6,2708.8,2705.0,2705.0,26,21119040.0,0.0,10485,2707.0,0
1728614820000,2708.0,2713.0,2707.0,2712.2,49,39847260.0,0.0,10495,2705.0,0
1728614880000,2710.6000000000004,2711.0,2708.8,2711.0,19,15448380.0,0.0,10500,2712.2000000000003,0
1728614940000,2709.0000000000005,2709.0000000000005,2703.6000000000004,2707.0000000000005,15,12181140.0,0.0,10503,2711.0000000000005,0
1728615000000,2707.0000000000005,2707.0000000000005,2701.6000000000004,2703.8,37,30012240.000000004,0.0,10511,2707.0000000000005,0
1728615060000,2705.0,2707.2000000000003,2703.8,2703.8,12,9739920.000000002,0.0,10512,2703.8,0
1728615120000,2704.8,2708.6000000000004,2702.6000000000004,2708.0000000000005,28,22715880.000000004,0.0,10516,2703.8,0
1728615180000,2710.6,2713.4,2709.0,2711.2,35,28467720.0,0.0,10516,2708.0,0
1728615240000,2714.8,2716.4,2710.4,2713.6,56,45585060.00000001,0.0,10522,2711.2000000000003,0
1728615300000,2711.4,2711.4,2706.0,2710.6,39,31693440.0,0.0,10523,2713.6,0
1728615360000,2710.6000000000004,2715.0000000000005,2710.6000000000004,2715.0000000000005,18,14654700.0,0.0,10523,2710.6000000000004,0
1728615420000,2714.8,2718.4,2714.2000000000003,2717.6000000000004,29,23637840.000000004,0.0,10524,2715.0000000000005,0
1728615480000,2719.6,2722.8,2719.0,2722.4,34,27755460.000000004,0.0,10530,2717.6,0
1728615540000,2723.0,2727.6,2721.4,2725.4,37,30254040.0,0.0,10543,2722.4,0
1728615600000,2727.0,2733.2,2727.0,2731.6,73,59817720.00000001,0.0,10530,2725.4,0
1728615660000,2729.6000000000004,2732.0000000000005,2724.6000000000004,2724.6000000000004,46,37635360.00000001,0.0,10541,2731.6000000000004,0
1728615720000,2725.0000000000005,2725.0000000000005,2721.2000000000003,2722.6000000000004,19,15523680.000000002,0.0,10543,2724.6000000000004,0
1728615780000,2722.6000000000004,2731.4000000000005,2722.6000000000004,2724.4000000000005,18,14729820.000000002,0.0,10542,2722.6000000000004,0
1728615840000,2724.6,2730.2,2721.0,2730.0,21,17168940.0,0.0,10545,2724.4,0
1728615900000,2732.6000000000004,2736.6000000000004,2729.2000000000003,2730.4,47,38532000.0,0.0,10550,2730.0000000000005,0
1728615960000,2730.2000000000003,2730.2000000000003,2725.6000000000004,2730.0000000000005,19,15550200.0,0.0,10557,2730.4000000000005,0
1728616020000,2729.8,2731.0000000000005,2728.2000000000003,2728.2000000000003,15,12283260.0,0.0,10558,2730.0000000000005,0
1728616080000,2728.0,2728.0,2723.8,2723.8,28,22894200.000000004,0.0,10568,2728.2000000000003,0
1728616140000,2720.6000000000004,2722.0000000000005,2713.2000000000003,2716.4,69,56227620.0,0.0,10602,2723.8,0
1728616200000,2718.0,2718.0,2715.4,2715.8,11,8962320.0,0.0,10602,2716.4,0
1728616260000,2716.0,2717.6,2710.4,2712.0,40,32556300.0,0.0,10607,2715.8,0
1728616320000,2713.8,2714.0,2710.8,2713.6000000000004,9,7324860.000000001,0.0,10607,2712.0,0
1728616380000,2714.6,2714.6,2710.4,2712.2000000000003,10,8134980.0,0.0,10610,2713.6,0
1728616440000,2712.4,2712.4,2710.0,2710.4,5,4065960.0,0.0,10610,2712.2,0
1728616500000,2711.8,2711.8,2710.8,2711.0,14,11387820.000000002,0.0,10620,2710.4,0
1728616560000,2711.6000000000004,2714.8,2709.6000000000004,2711.2000000000003,22,17903520.0,0.0,10624,2711.0000000000005,0
1728616620000,2710.4,2710.4,2703.2000000000003,2705.0000000000005,29,23545260.000000004,0.0,10621,2711.2000000000003,0
1728616680000,2704.4,2710.4,2704.4,2706.6,17,13810740.0,0.0,10622,2705.0,0
1728616740000,2706.2000000000003,2711.0000000000005,2706.2000000000003,2707.8,15,12190380.0,0.0,10624,2706.6000000000004,0
1728616800000,2707.8,2709.8,2707.6000000000004,2709.8,4,3250320.0,0.0,10624,2707.8,0
1728616860000,2712.0,2718.8,2712.0,2718.6,31,25259520.0,0.0,10625,2709.8,0
1728616920000,2716.4,2718.8,2714.4,2717.0,38,30970020.0,0.0,10637,2718.6,0
1728616980000,2716.8,2716.8,2712.8,2715.0,9,7328280.000000001,0.0,10640,2717.0,0
1728617040000,2712.8,2712.8,2709.8,2712.2000000000003,13,10573140.000000002,0.0,10644,2715.0,0
1728617100000,2709.8,2709.8,2708.0,2708.0,10,8127420.0,0.0,10648,2712.2,0
1728617160000,2707.2000000000003,2709.2000000000003,2702.2000000000003,2703.8,33,26772300.000000004,0.0,10661,2708.0000000000005,0
1728617220000,2705.6000000000004,2705.6000000000004,2700.2000000000003,2701.2000000000003,44,35664900.0,0.0,10682,2703.8,0
1728617280000,2703.8,2703.8,2701.8,2701.8,13,10540440.0,0.0,10691,2701.2000000000003,0
1728617340000,2703.0,2704.8,2703.0,2703.0,13,10544040.0,0.0,10695,2701.8,0
1728617400000,2705.4,2706.0,2704.4,2706.0,12,9737640.000000002,0.0,10700,2703.0,0
1728622860000,2702.2000000000003,2713.2000000000003,2702.2000000000003,2713.2000000000003,61,49529340.00000001,0.0,10720,2706.0000000000005,0
1728622920000,2713.2,2713.2,2703.0,2704.4,30,24364500.0,0.0,10734,2713.2,0
1728622980000,2703.4,2705.0,2702.0,2703.8,22,17843580.0,0.0,10737,2704.4,0
1728623040000,2702.6000000000004,2706.0000000000005,2702.6000000000004,2703.6000000000004,8,6490440.0,0.0,10739,2703.8,0
1728623100000,2705.6,2705.6,2697.0,2697.4,51,41298180.0,0.0,10749,2703.6,0
1728623160000,2698.8,2701.4,2694.2000000000003,2696.6000000000004,69,55822980.00000001,0.0,10765,2697.4,0
1728623220000,2696.6000000000004,2699.4000000000005,2696.6000000000004,2699.0000000000005,31,25095480.0,0.0,10765,2696.6000000000004,0
1728623280000,2698.8,2701.0,2697.0,2699.0,14,11334480.000000002,0.0,10773,2699.0,0
1728623340000,2699.2000000000003,2699.2000000000003,2695.2000000000003,2695.8,13,10516200.000000002,0.0,10774,2699.0000000000005,0
1728623400000,2695.0,2700.0,2694.8,2700.0,26,21033960.000000004,0.0,10773,2695.8,0
1728623460000,2698.6000000000004,2698.6000000000004,2695.8,2696.0,11,8899860.000000002,0.0,10777,2700.0,0
1728623520000,2695.8,2696.6000000000004,2694.2000000000003,2696.6000000000004,11,8894760.000000002,0.0,10785,2696.0000000000005,0
1728623580000,2695.0,2701.8,2695.0,2701.8,19,15374280.0,0.0,10796,2696.6,0
1728623640000,2700.0,2700.0,2694.8,2698.4,15,12135840.0,0.0,10804,2701.8,0
1728623700000,2698.2000000000003,2700.6000000000004,2698.2000000000003,2700.4,10,8099040.0,0.0,10803,2698.4,0
1728623760000,2698.0000000000005,2699.4000000000005,2695.6000000000004,2695.6000000000004,10,8093340.0,0.0,10809,2700.4000000000005,0
1728623820000,2695.4,2703.0,2695.0,2702.4,35,28349340.0,0.0,10824,2695.6,0
1728623880000,2701.8,2707.2000000000003,2701.2000000000003,2706.0000000000005,28,22712520.000000004,0.0,10824,2702.4,0
1728623940000,2705.4,2707.4,2704.0,2707.4,18,14610240.0,0.0,10835,2706.0,0
1728624000000,2707.2000000000003,2707.2000000000003,2700.8,2700.8,10,8107980.0,0.0,10838,2707.4,0
1728624060000,2700.6000000000004,2704.2000000000003,2700.6000000000004,2703.0000000000005,21,17026080.0,0.0,10852,2700.8,0
1728624120000,2704.2000000000003,2712.6000000000004,2704.2000000000003,2712.6000000000004,45,36576300.0,0.0,10866,2703.0000000000005,0
1728624180000,2713.2000000000003,2718.6000000000004,2713.2000000000003,2718.6000000000004,44,35859420.0,0.0,10871,2712.6000000000004,0
1728624240000,2718.2000000000003,2720.8,2715.4,2717.4,43,35069460.0,0.0,10866,2718.6,0
1728624300000,2719.2000000000003,2722.0000000000005,2710.6000000000004,2711.6000000000004,71,57889980.00000001,0.0,10877,2717.4000000000005,0
1728624360000,2711.6000000000004,2715.6000000000004,2711.6000000000004,2714.2000000000003,12,9773100.000000002,0.0,10880,2711.6000000000004,0
1728624420000,2713.8,2713.8,2707.2000000000003,2707.2000000000003,67,54465780.0,0.0,10923,2714.2000000000003,0
1728624480000,2707.2000000000003,2711.0,2706.8,2708.4,13,10561500.0,0.0,10929,2707.2000000000003,0
1728624540000,2707.0,2708.2,2705.0,2708.2,16,12989940.000000002,0.0,10933,2708.4,0
1728624600000,2708.2000000000003,2711.2000000000003,2706.8,2706.8,18,14629200.000000002,0.0,10940,2708.2000000000003,0
1728624660000,2706.0,2708.0,2705.0,2707.8,12,9742380.000000002,0.0,10948,2706.8,0
1728624720000,2710.0,2710.0,2710.0,2710.0,3,2439000.0000000005,0.0,10949,2707.8,0
1728624780000,2710.0,2710.0,2705.0,2705.0,6,4874940.000000001,0.0,10953,2710.0,0
1728624840000,2703.6,2703.6,2701.0,2702.2,21,17024520.000000004,0.0,10969,2705.0,0
1728624900000,2702.0000000000005,2702.0000000000005,2701.2000000000003,2701.2000000000003,2,1620960.0,0.0,10970,2702.2000000000003,0
1728624960000,2703.6000000000004,2707.6000000000004,2703.6000000000004,2705.2000000000003,18,14609940.000000002,0.0,10979,2701.2000000000003,0
1728625020000,2702.2000000000003,2702.6000000000004,2700.8,2701.0,7,5674380.000000001,0.0,10980,2705.2000000000003,0
1728625080000,2702.4,2704.2000000000003,2702.4,2702.4,8,6487620.000000001,0.0,10983,2701.0,0
1728625140000,2704.0000000000005,2704.2000000000003,2702.2000000000003,2703.2000000000003,15,12165540.0,0.0,10993,2702.4,0
1728625200000,2704.0,2706.2,2702.0,2706.2,22,17850000.000000004,0.0,11010,2703.2,0
1728625260000,2707.4000000000005,2709.8,2705.6000000000004,2707.8,29,23563380.0,0.0,11031,2706.2000000000003,0
1728625320000,2707.6000000000004,2710.8,2707.2000000000003,2710.6000000000004,12,9753540.000000002,0.0,11037,2707.8,0
1728625380000,2708.2000000000003,2708.2000000000003,2703.6000000000004,2703.6000000000004,16,12983940.000000002,0.0,11039,2710.6000000000004,0
1728625440000,2704.0000000000005,2704.6000000000004,2700.2000000000003,2701.6000000000004,12,9727740.000000002,0.0,11040,2703.6000000000004,0
1728625500000,2702.0000000000005,2702.0000000000005,2698.6000000000004,2701.8,22,17822220.0,0.0,11050,2701.6000000000004,0
1728625560000,2701.4000000000005,2701.4000000000005,2699.6000000000004,2699.6000000000004,7,5670720.000000001,0.0,11050,2701.8,0
1728625620000,2700.0000000000005,2701.4000000000005,2699.6000000000004,2699.6000000000004,12,9720660.000000002,0.0,11047,2699.6000000000004,0
1728625680000,2703.0,2703.4,2701.0,2703.2,20,16215120.0,0.0,11050,2699.6,0
1728625740000,2702.0,2703.4,2698.4,2698.4,15,12156900.0,0.0,11053,2703.2000000000003,0
1728625800000,2698.8,2700.0000000000005,2692.2000000000003,2694.4,47,37997400.00000001,0.0,11076,2698.4,0
1728625860000,2692.0,2699.4,2690.4,2698.6,22,17775180.0,0.0,11081,2694.4,0
1728625920000,2700.2,2704.2,2699.0,2701.4,17,13777680.000000002,0.0,11087,2698.6,0
1728625980000,2700.0,2701.6,2698.0,2698.6,14,11336640.000000002,0.0,11094,2701.4,0
1728626040000,2696.6000000000004,2702.6000000000004,2696.6000000000004,2701.0000000000005,19,15392220.000000002,0.0,11098,2698.6000000000004,0
1728626100000,2699.0000000000005,2702.0000000000005,2696.2000000000003,2700.8,21,17001120.0,0.0,11107,2701.0000000000005,0
1728626160000,2702.0,2704.6000000000004,2701.8,2701.8,15,12161820.0,0.0,11113,2700.8,0
1728626220000,2698.0,2700.0,2697.8,2700.0,7,5666400.000000001,0.0,11119,2701.8,0
1728626280000,2699.2000000000003,2699.2000000000003,2698.6000000000004,2698.6000000000004,9,7287240.000000001,0.0,11119,2700.0000000000005,0
1728626340000,2697.0,2697.0,2693.8,2694.6000000000004,44,35566920.0,0.0,11111,2698.6000000000004,0
1728626400000,2693.6,2695.2,2690.0,2693.2,28,22612080.0,0.0,11116,2694.6,0
1728626460000,2690.0000000000005,2692.6000000000004,2686.2000000000003,2690.6000000000004,43,34682820.0,0.0,11126,2693.2000000000003,0
1728626520000,2689.6000000000004,2696.4000000000005,2689.6000000000004,2696.4000000000005,19,15354780.000000002,0.0,11131,2690.6000000000004,0
1728626580000,2696.4000000000005,2700.6000000000004,2690.6000000000004,2693.0000000000005,31,25090800.0,0.0,11140,2696.4000000000005,0
1728626640000,2693.4000000000005,2693.6000000000004,2688.6000000000004,2689.8,22,17759160.000000004,0.0,11135,2693.0000000000005,0
1728626700000,2690.0000000000005,2690.8,2687.2000000000003,2689.4,32,25805700.000000004,0.0,11143,2689.8,0
1728626760000,2689.4,2689.4,2678.4,2678.4,111,89362320.00000001,0.0,11178,2689.4,0
1728626820000,2678.4,2683.0,2678.4,2683.0,33,26539980.000000004,0.0,11173,2678.4,0
1728626880000,2683.0000000000005,2685.6000000000004,2679.2000000000003,2680.0000000000005,18,14484180.0,0.0,11179,2683.0000000000005,0
1728626940000,2679.0,2681.4,2676.4,2676.4,21,16876860.0,0.0,11188,2680.0,0
1728627000000,2680.8,2681.8,2678.0,2681.6,45,36198420.0,0.0,11170,2676.4,0
1728627060000,2680.4,2687.6,2680.4,2685.0,48,38667900.00000001,0.0,11167,2681.6,0
1728627120000,2685.0000000000005,2685.0000000000005,2678.6000000000004,2678.6000000000004,88,70760700.0,0.0,11166,2685.0000000000005,0
1728627180000,2680.0,2682.2,2676.0,2679.0,60,48206760.0,0.0,11168,2678.6,0
1728627240000,2678.6,2681.0,2670.4,2670.4,52,41741220.0,0.0,11169,2679.0,0
1728627300000,2670.4,2673.6,2670.4,2672.0,25,20038500.0,0.0,11175,2670.4,0
1728627360000,2670.2,2671.6,2669.0,2669.0,21,16821360.0,0.0,11181,2672.0,0
1728627420000,2668.8,2678.6000000000004,2668.8,2677.0,41,32887980.000000004,0.0,11197,2669.0,0
1728627480000,2675.6000000000004,2675.6000000000004,2665.2000000000003,2668.2000000000003,81,64844940.0,0.0,11190,2677.0000000000005,0
1728627540000,2668.8,2669.0,2665.0,2668.6,51,40801080.0,0.0,11189,2668.2,0
1728627600000,2668.2000000000003,2675.0,2666.4,2671.0,50,40079040.0,0.0,11182,2668.6,0
1728627660000,2671.8,2678.0,2671.8,2678.0,26,20863380.0,0.0,11189,2671.0,0
1728627720000,2678.8,2682.8,2675.4,2675.4,42,33769200.0,0.0,11190,2678.0,0
1728627780000,2675.4,2678.0000000000005,2671.2000000000003,2676.0000000000005,24,19264140.000000004,0.0,11193,2675.4,0
1728627840000,2675.0000000000005,2675.4000000000005,2669.6000000000004,2673.2000000000003,51,40883100.00000001,0.0,11213,2676.0000000000005,0
1728627900000,2673.0,2678.0,2672.8,2678.0,18,14443980.000000002,0.0,11220,2673.2000000000003,0
1728627960000,2680.0,2680.0,2674.4,2677.2000000000003,30,24099360.0,0.0,11232,2678.0,0
1728628020000,2679.8,2682.0000000000005,2677.6000000000004,2680.0000000000005,21,16884480.0,0.0,11238,2677.2000000000003,0
1728628080000,2677.6,2677.6,2671.4,2675.6,30,24067440.0,0.0,11253,2680.0,0
1728628140000,2675.0000000000005,2676.0000000000005,2672.2000000000003,2676.0000000000005,10,8022300.0,0.0,11256,2675.6000000000004,0
1728628200000,2676.6000000000004,2679.0000000000005,2674.2000000000003,2676.6000000000004,20,16059000.0,0.0,11264,2676.0000000000005,0
1728628260000,2675.6,2678.4,2675.0,2678.4,5,4014780.0,0.0,11265,2676.6,0
1728628320000,2679.0000000000005,2679.0000000000005,2670.2000000000003,2672.2000000000003,68,54531420.00000001,0.0,11278,2678.4,0
1728628380000,2670.8,2670.8,2666.2000000000003,2667.2000000000003,26,20811720.0,0.0,11286,2672.2000000000003,0
1728628440000,2668.0000000000005,2668.8,2662.2000000000003,2662.4,61,48778080.0,0.0,11308,2667.2000000000003,0
1728628500000,2663.0,2665.0,2660.0,2661.6,71,56698680.00000001,0.0,11330,2662.4,0
1728628560000,2660.0,2664.0,2659.8,2662.2000000000003,38,30343560.000000004,0.0,11347,2661.6000000000004,0
1728628620000,2664.8,2669.6,2661.0,2664.0,71,56783340.00000001,0.0,11393,2662.2,0
1728628680000,2664.0000000000005,2664.2000000000003,2659.2000000000003,2659.2000000000003,33,26341440.000000004,0.0,11406,2664.0000000000005,0
1728628740000,2659.0,2663.2,2659.0,2661.2,12,9580800.000000002,0.0,11408,2659.2,0
1728628800000,2662.4,2663.2,2660.0,2660.0,19,15171480.000000002,0.0,11417,2661.2,0
1728628860000,2661.2000000000003,2661.2000000000003,2657.4,2658.0,39,31111020.0,0.0,11426,2660.0,0
1728628920000,2659.0,2661.0,2656.0,2660.8,12,9572280.000000002,0.0,11429,2658.0,0
1728628980000,2657.0000000000005,2659.2000000000003,2652.2000000000003,2657.2000000000003,45,35838720.0,0.0,11435,2660.8,0
1728629040000,2656.6000000000004,2659.4,2653.2000000000003,2657.4,22,17532360.0,0.0,11446,2657.2000000000003,0
1728629100000,2657.0,2666.0,2657.0,2666.0,43,34353720.0,0.0,11469,2657.4,0
1728629160000,2668.0,2676.6000000000004,2667.8,2674.8,42,33686940.0,0.0,11493,2666.0,0
1728629220000,2674.8,2679.2000000000003,2674.8,2678.4,57,45785280.0,0.0,11518,2674.8,0
1728629280000,2678.4,2681.0000000000005,2673.2000000000003,2675.0000000000005,44,35340960.00000001,0.0,11541,2678.4,0
1728629340000,2676.0,2681.4,2676.0,2681.4,37,29734440.000000004,0.0,11561,2675.0,0
1728629400000,2682.0,2684.0,2680.0,2681.8,38,30575520.000000004,0.0,11580,2681.4,0
1728629460000,2682.6000000000004,2686.0000000000005,2682.2000000000003,2685.4,53,42680940.00000001,0.0,11606,2681.8,0
1728629520000,2685.6,2685.6,2677.4,2677.4,33,26546400.000000004,0.0,11626,2685.4,0
1728629580000,2682.2000000000003,2685.0,2681.4,2681.6,28,22538640.000000004,0.0,11642,2677.4,0
1728629640000,2681.4,2685.4,2681.2000000000003,2685.4,16,12877440.0,0.0,11655,2681.6000000000004,0
1728629700000,2685.4,2685.4,2681.0,2682.4,47,37830900.0,0.0,11682,2685.4,0
1728629760000,2683.4,2686.2000000000003,2682.4,2683.0,34,27380460.000000004,0.0,11691,2682.4,0
1728629820000,2683.0,2683.6,2682.4,2682.6,16,12878400.0,0.0,11702,2683.0,0
1728629880000,2683.8,2689.0000000000005,2683.6000000000004,2689.0000000000005,46,37078440.00000001,0.0,11714,2682.6000000000004,0
1728629940000,2688.0,2692.2,2688.0,2691.4,54,43579920.00000001,0.0,11732,2689.0,0
1728630000000,2692.0,2696.0,2691.4,2692.0,64,51724740.0,2676.0,11757,2691.4,0
1728869400000,2714.0,2714.0,2714.0,2714.0,6,4885200.000000001,0.0,11757,2692.0,0
1728869460000,2714.0,2720.8,2700.0,2704.0,414,336830040.00000006,0.0,11731,2714.0,0
1728869520000,2704.2,2712.6,2700.0,2705.2,166,134806200.00000003,0.0,11660,2704.0,0
1728869580000,2705.2000000000003,2709.6,2697.4,2697.4,135,109458540.0,0.0,11598,2705.2000000000003,0
1728869640000,2696.0,2703.0,2693.0,2697.8,84,67980420.0,0.0,11558,2697.4,0
1728869700000,2695.2000000000003,2705.8,2693.8,2705.8,79,63983340.00000001,0.0,11534,2697.8,0
1728869760000,2706.2000000000003,2710.8,2701.8,2710.4,188,152680080.0,0.0,11493,2705.8,0
1728869820000,2711.8,2720.2000000000003,2711.2000000000003,2718.0000000000005,170,138541080.0,0.0,11414,2710.4,0
1728869880000,2719.2000000000003,2727.6,2717.4,2727.6,125,102116340.0,0.0,11365,2718.0,0
1728869940000,2725.6,2730.6,2722.0,2727.8,122,99813120.00000001,0.0,11350,2727.6,0
1728870000000,2730.4,2731.6,2721.4,2727.0,76,62185860.00000001,0.0,11343,2727.8,0
1728870060000,2721.6000000000004,2725.8,2719.2000000000003,2724.6000000000004,72,58801140.0,0.0,11310,2727.0000000000005,0
1728870120000,2724.8,2731.6,2721.4,2729.8,53,43343280.00000001,0.0,11292,2724.6,0
1728870180000,2730.0,2730.0,2717.4,2717.4,71,58006800.0,0.0,11281,2729.8,0
1728870240000,2717.8,2729.2000000000003,2715.6000000000004,2721.8,64,52249440.00000001,0.0,11263,2717.4000000000005,0
1728870300000,2724.2,2728.6,2724.0,2728.6,14,11448120.000000002,0.0,11258,2721.8,0
1728870360000,2728.8,2737.8,2728.8,2737.8,85,69741720.0,0.0,11243,2728.6000000000004,0
1728870420000,2738.0,2743.2,2735.0,2737.2,55,45194100.0,0.0,11249,2737.8,0
1728870480000,2738.0000000000005,2738.0000000000005,2730.2000000000003,2732.0000000000005,66,54137880.00000001,0.0,11242,2737.2000000000003,0
1728870540000,2733.2,2734.4,2726.0,2732.0,55,45022260.0,0.0,11252,2732.0,0
1728870600000,2729.4,2729.4,2721.2000000000003,2724.0000000000005,41,33505440.000000004,0.0,11247,2732.0000000000005,0
1728870660000,2723.2000000000003,2724.0000000000005,2716.6000000000004,2720.0000000000005,30,24490560.0,0.0,11245,2724.0000000000005,0
1728870720000,2719.8,2721.6000000000004,2717.2000000000003,2719.2000000000003,58,47322360.00000001,0.0,11251,2720.0000000000005,0
1728870780000,2717.0,2723.6,2715.4,2718.6,70,57109920.0,0.0,11249,2719.2000000000003,0
1728870840000,2719.4000000000005,2720.4000000000005,2717.6000000000004,2720.2000000000003,28,22840800.000000004,0.0,11246,2718.6000000000004,0
1728870900000,2720.0,2722.8,2714.4,2715.2000000000003,87,70952460.0,0.0,11263,2720.2000000000003,0
1728870960000,2714.2000000000003,2714.6000000000004,2710.2000000000003,2711.4,39,31736040.000000004,0.0,11262,2715.2000000000003,0
1728871020000,2710.0,2713.6,2707.4,2712.2000000000003,72,58527480.0,0.0,11292,2711.4,0
1728871080000,2712.0,2712.0,2704.4,2704.8,56,45465420.0,0.0,11289,2712.2000000000003,0
1728871140000,2706.8,2708.2000000000003,2703.4,2705.2000000000003,64,51939660.00000001,0.0,11293,2704.8,0
1728871200000,2705.2000000000003,2706.0000000000005,2700.2000000000003,2703.2000000000003,93,75393480.00000001,0.0,11304,2705.2000000000003,0
1728871260000,2702.2000000000003,2702.2000000000003,2695.8,2700.2000000000003,103,83388420.0,0.0,11318,2703.2000000000003,0
1728871320000,2698.4,2699.4,2692.8,2697.2000000000003,74,59853300.0,0.0,11329,2700.2000000000003,0
1728871380000,2695.2000000000003,2696.8,2692.6000000000004,2695.0000000000005,69,55788660.0,0.0,11360,2697.2000000000003,0
1728871440000,2695.0,2697.6000000000004,2693.8,2697.0,72,58208940.0,0.0,11355,2695.0,0
1728871500000,2697.4000000000005,2697.4000000000005,2691.6000000000004,2694.6000000000004,89,71920320.00000001,0.0,11353,2697.0000000000005,0
1728871560000,2693.8,2693.8,2682.8,2684.2000000000003,86,69342959.99999999,0.0,11364,2694.6000000000004,0
1728871620000,2683.0000000000005,2683.0000000000005,2678.2000000000003,2678.6000000000004,114,91676940.0,0.0,11375,2684.2000000000003,0
1728871680000,2678.8,2690.2000000000003,2678.8,2688.6000000000004,121,97396920.00000001,0.0,11380,2678.6000000000004,0
1728871740000,2686.4000000000005,2688.8,2680.6000000000004,2686.0000000000005,109,87830280.00000001,0.0,11389,2688.6000000000004,0
1728871800000,2683.8,2691.0000000000005,2683.6000000000004,2688.6000000000004,94,75745860.0,0.0,11383,2686.0000000000005,0
1728871860000,2689.4000000000005,2696.8,2688.6000000000004,2696.8,122,98564760.00000001,0.0,11391,2688.6000000000004,0
1728871920000,2695.8,2699.0,2695.8,2695.8,72,58261320.0,0.0,11400,2696.8,0
1728871980000,2694.4000000000005,2697.4000000000005,2691.6000000000004,2691.6000000000004,45,36380580.0,0.0,11401,2695.8,0
1728872040000,2692.0,2694.2,2688.0,2690.8,75,60527700.0,0.0,11394,2691.6,0
1728872100000,2691.2,2701.8,2690.0,2701.6,45,36407820.0,0.0,11389,2690.8,0
1728872160000,2702.8,2704.8,2700.4,2702.4,49,39729540.0,0.0,11386,2701.6,0
1728872220000,2704.8,2704.8,2696.8,2699.2000000000003,24,19437840.000000004,0.0,11385,2702.4,0
1728872280000,2696.6,2698.4,2692.4,2696.6,35,28304340.0,0.0,11377,2699.2000000000003,0
1728872340000,2696.4,2696.4,2691.4,2693.2000000000003,28,22628100.000000004,0.0,11373,2696.6,0
1728872400000,2692.0000000000005,2693.2000000000003,2688.2000000000003,2690.4,78,62978880.00000001,0.0,11333,2693.2000000000003,0
1728872460000,2692.0,2695.6,2686.0,2686.0,64,51637080.0,0.0,11331,2690.4,0
1728872520000,2684.2000000000003,2686.6000000000004,2683.2000000000003,2684.4,48,38650560.00000001,0.0,11325,2686.0000000000005,0
1728872580000,2684.8,2687.0,2681.4,2687.0,54,43471920.00000001,0.0,11322,2684.4,0
1728872640000,2686.0000000000005,2686.0000000000005,2682.6000000000004,2685.2000000000003,7,5636580.000000001,0.0,11323,2687.0000000000005,0
1728872700000,2686.0000000000005,2687.8,2683.6000000000004,2687.2000000000003,30,24173220.0,0.0,11327,2685.2000000000003,0
1728872760000,2685.6,2687.4,2684.4,2685.4,12,9669000.000000002,0.0,11327,2687.2000000000003,0
1728872820000,2684.2,2684.2,2677.0,2679.6,34,27331680.000000004,0.0,11328,2685.4,0
1728872880000,2680.8,2680.8,2678.4,2680.8,23,18493080.000000004,0.0,11342,2679.6,0
1728872940000,2680.0,2684.4,2680.0,2682.0,31,24945660.0,0.0,11342,2680.8,0
1728873000000,2681.2,2683.6,2681.0,2683.6,16,12875160.000000002,0.0,11348,2682.0,0
1728873060000,2680.2,2685.2,2680.0,2684.8,15,12071820.0,0.0,11349,2683.6,0
1728873120000,2684.8,2690.4,2684.4,2690.4,32,25809660.0,0.0,11355,2684.8,0
1728873180000,2692.2000000000003,2693.4000000000005,2684.6000000000004,2686.2000000000003,31,25013640.0,0.0,11369,2690.4000000000005,0
1728873240000,2691.4,2692.0000000000005,2686.2000000000003,2692.0000000000005,17,13721280.000000002,0.0,11374,2686.2000000000003,0
1728873300000,2692.0,2692.8,2688.8,2691.8,16,12918720.0,0.0,11376,2692.0,0
1728873360000,2691.8,2692.0,2686.8,2688.0,18,14521800.0,0.0,11380,2691.8,0
1728873420000,2685.6000000000004,2689.6000000000004,2684.2000000000003,2689.6000000000004,14,11278560.000000002,0.0,11383,2688.0000000000005,0
1728873480000,2689.0,2697.4,2689.0,2697.4,38,30706560.000000004,0.0,11374,2689.6,0
1728873540000,2697.4,2703.6,2697.4,2700.6,65,52663560.0,0.0,11383,2697.4,0
1728873600000,2699.8,2700.2000000000003,2696.8,2697.6000000000004,36,29146620.000000004,0.0,11388,2700.6000000000004,0
1728873660000,2696.6000000000004,2698.0000000000005,2691.6000000000004,2693.2000000000003,60,48502140.0,0.0,11405,2697.6000000000004,0
1728873720000,2693.0,2695.8,2690.0,2691.6,30,24234060.0,0.0,11400,2693.2,0
1728873780000,2690.0,2694.0,2687.8,2694.0,32,25829940.000000004,0.0,11394,2691.6000000000004,0
1728873840000,2690.4,2692.8,2688.2000000000003,2692.8,19,15337560.000000002,0.0,11394,2694.0000000000005,0
1728873900000,2694.2000000000003,2695.6,2692.4,2695.4,17,13739460.000000002,0.0,11394,2692.8,0
1728873960000,2694.8,2699.2000000000003,2694.4,2699.2000000000003,26,21033780.0,0.0,11400,2695.4,0
1728874020000,2699.8,2701.2000000000003,2697.6000000000004,2699.0000000000005,14,11336400.000000002,0.0,11402,2699.2000000000003,0
1728874080000,2702.0,2702.8,2696.8,2696.8,32,25934700.0,0.0,11407,2699.0,0
1728874140000,2699.8,2699.8,2697.0,2697.0,25,20236500.0,0.0,11417,2696.8,0
1728874200000,2696.8,2697.4,2693.8,2697.4,31,25070820.0,0.0,11423,2697.0,0
1728874260000,2699.0000000000005,2703.6000000000004,2695.6000000000004,2703.6000000000004,20,16197960.0,0.0,11424,2697.4000000000005,0
1728874320000,2704.0,2705.4,2698.8,2698.8,17,13785360.000000002,0.0,11427,2703.6000000000004,0
1728874380000,2699.4,2702.0000000000005,2699.2000000000003,2700.4,16,12963540.000000002,0.0,11433,2698.8,0
1728874440000,2701.8,2703.0000000000005,2698.2000000000003,2698.8,44,35643000.00000001,0.0,11453,2700.4,0
1728874500000,2699.8,2707.2000000000003,2699.8,2705.8,67,54369060.0,0.0,11469,2698.8,0
1728874560000,2705.0,2706.4,2702.4,2704.0,34,27585180.000000004,0.0,11481,2705.8,0
1728874620000,2704.6000000000004,2706.2000000000003,2693.6000000000004,2693.6000000000004,56,45327480.0,0.0,11483,2704.0000000000005,0
1728874680000,2696.0,2696.0,2693.8,2693.8,11,8892840.0,0.0,11486,2693.6000000000004,0
1728874740000,2693.2000000000003,2694.8,2692.8,2693.0,27,21815400.0,0.0,11500,2693.8,0
1728874800000,2693.8,2694.2,2691.0,2694.2,46,37155060.0,0.0,11517,2693.0,0
1728874860000,2695.2000000000003,2698.2000000000003,2694.2000000000003,2698.2000000000003,21,16987200.0,0.0,11521,2694.2000000000003,0
1728874920000,2699.2,2699.2,2695.0,2696.4,14,11326440.000000002,0.0,11526,2698.2,0
1728874980000,2694.0,2696.0,2691.0,2696.0,29,23436180.000000004,0.0,11529,2696.4,0
1728875040000,2696.2000000000003,2697.0,2695.8,2697.0,9,7281000.0,0.0,11528,2696.0,0
1728875100000,2701.0,2704.6,2701.0,2703.0,17,13784220.0,0.0,11535,2697.0,0
1728875160000,2703.2000000000003,2706.2000000000003,2701.8,2705.0,15,12167760.0,0.0,11535,2703.0,0
1728875220000,2706.8,2709.0,2704.4,2705.4,49,39797940.0,0.0,11548,2705.0,0
1728875280000,2706.2000000000003,2708.0,2704.8,2708.0,13,10555320.0,0.0,11547,2705.4,0
1728875340000,2707.8,2711.6000000000004,2705.2000000000003,2710.8,24,19499880.000000004,0.0,11550,2708.0000000000005,0
1728875400000,2709.4,2712.0,2708.8,2712.0,25,20327220.0,0.0,11556,2710.8,0
1728875460000,2713.6,2713.6,2709.4,2709.4,29,23589960.000000004,0.0,11576,2712.0,0
1728875520000,2709.2,2709.8,2706.0,2709.8,25,20306880.0,0.0,11578,2709.4,0
1728875580000,2710.2000000000003,2719.6000000000004,2710.2000000000003,2719.6000000000004,31,25254600.0,0.0,11572,2709.8,0
1728875640000,2720.2000000000003,2721.6000000000004,2714.6000000000004,2717.2000000000003,41,33424860.000000007,0.0,11581,2719.6000000000004,0
1728875700000,2719.0,2719.2000000000003,2715.4,2717.8,19,15488580.000000002,0.0,11586,2717.2000000000003,0
1728875760000,2717.6,2719.2,2710.0,2712.0,76,61861500.0,0.0,11591,2717.8,0
1728875820000,2713.4,2714.6,2710.0,2712.0,31,25221360.0,0.0,11594,2712.0,0
1728875880000,2712.0,2718.6,2711.0,2716.6,36,29315880.0,0.0,11599,2712.0,0
1728875940000,2718.0,2723.0,2718.0,2721.6,26,21219420.0,0.0,11598,2716.6,0
1728876000000,2719.6,2722.2000000000003,2717.4,2721.4,33,26928780.0,0.0,11591,2721.6,0
1728876060000,2723.0,2724.4,2718.0,2720.8,17,13883040.0,0.0,11596,2721.4,0
1728876120000,2720.6000000000004,2722.6000000000004,2719.2000000000003,2720.0000000000005,14,11428680.0,0.0,11601,2720.8,0
1728876180000,2722.6000000000004,2724.2000000000003,2722.6000000000004,2723.6000000000004,9,7353360.0,0.0,11603,2720.0000000000005,0
1728876240000,2723.4,2728.0,2723.4,2725.0,28,22894860.0,0.0,11606,2723.6,0
1728876300000,2723.6000000000004,2728.0000000000005,2723.2000000000003,2725.2000000000003,24,19626120.000000004,0.0,11608,2725.0000000000005,0
1728876360000,2725.8,2725.8,2719.0,2722.6,20,16330020.0,0.0,11609,2725.2,0
1728876420000,2721.6,2726.0,2720.4,2726.0,13,10622640.0,0.0,11610,2722.6,0
1728876480000,2726.4,2729.0,2726.0,2729.0,17,13911540.000000002,0.0,11607,2726.0,0
1728876540000,2727.6000000000004,2731.4000000000005,2727.6000000000004,2730.2000000000003,36,29485380.000000004,0.0,11599,2729.0000000000005,0
1728876600000,2730.0,2733.2,2730.0,2733.2,31,25405800.0,0.0,11602,2730.2,0
1728882060000,2734.8,2735.0,2727.0,2732.4,69,56551380.00000001,0.0,11609,2733.2,0
1728882120000,2731.4000000000005,2737.8,2726.6000000000004,2729.0000000000005,76,62302380.0,0.0,11618,2732.4000000000005,0
1728882180000,2729.0,2732.0,2726.0,2729.8,24,19645440.000000004,0.0,11626,2729.0,0
1728882240000,2729.6000000000004,2738.4000000000005,2729.6000000000004,2738.0000000000005,46,37767540.00000001,0.0,11645,2729.8,0
1728882300000,2736.2000000000003,2739.0,2735.8,2739.0,19,15602820.000000002,0.0,11645,2738.0,0
1728882360000,2738.4,2739.0,2733.0,2733.4,29,23799720.000000004,0.0,11659,2739.0,0
1728882420000,2732.0,2732.0,2727.8,2728.6000000000004,31,25380540.0,0.0,11657,2733.4,0
1728882480000,2728.8,2728.8,2721.4,2722.2000000000003,57,46581480.0,0.0,11673,2728.6,0
1728882540000,2722.0000000000005,2724.6000000000004,2718.6000000000004,2722.6000000000004,27,22048320.0,0.0,11673,2722.2000000000003,0
1728882600000,2722.4,2726.0000000000005,2722.2000000000003,2722.6000000000004,57,46577880.0,0.0,11666,2722.6000000000004,0
1728882660000,2724.2000000000003,2724.2000000000003,2715.6000000000004,2716.4000000000005,42,34258200.00000001,0.0,11673,2722.6000000000004,0
1728882720000,2714.8,2719.6000000000004,2714.8,2719.6000000000004,25,20381160.0,0.0,11682,2716.4,0
1728882780000,2719.6000000000004,2726.8,2719.6000000000004,2721.8,34,27784920.000000004,0.0,11690,2719.6000000000004,0
1728882840000,2721.8,2729.6000000000004,2721.8,2726.6000000000004,34,27810060.000000004,0.0,11692,2721.8,0
1728882900000,2726.6,2728.4,2724.0,2725.0,10,8180220.0,0.0,11694,2726.6,0
1728882960000,2725.6,2729.0,2725.0,2727.2,33,26993700.000000004,0.0,11696,2725.0,0
1728883020000,2728.4,2729.8,2727.4,2729.8,34,27837420.000000004,0.0,11695,2727.2000000000003,0
1728883080000,2730.0,2730.0,2726.4,2726.4,16,13095540.000000002,0.0,11700,2729.8,0
1728883140000,2726.4,2726.6000000000004,2723.2000000000003,2724.6000000000004,20,16349340.0,0.0,11703,2726.4,0
1728883200000,2725.2000000000003,2733.0000000000005,2725.2000000000003,2729.6000000000004,40,32759760.0,0.0,11704,2724.6000000000004,0
1728883260000,2731.2,2735.0,2731.0,2731.8,38,31157100.0,0.0,11702,2729.6,0
1728883320000,2730.4,2734.8,2730.4,2733.2000000000003,13,10659780.0,0.0,11700,2731.8,0
1728883380000,2734.4,2735.0,2732.8,2734.6000000000004,11,9022500.000000002,0.0,11702,2733.2000000000003,0
1728883440000,2734.6,2736.0,2733.0,2735.0,33,27073680.0,0.0,11701,2734.6,0
1728883500000,2734.4,2737.2000000000003,2731.4,2731.4,34,27887340.000000004,0.0,11713,2735.0,0
1728883560000,2731.2000000000003,2732.6,2728.4,2728.4,30,24576780.0,0.0,11720,2731.4,0
1728883620000,2729.0,2737.8,2728.4,2735.4,33,27048960.000000004,0.0,11724,2728.4,0
1728883680000,2737.0,2744.6,2737.0,2742.0,48,39473100.00000001,0.0,11730,2735.4,0
1728883740000,2743.0,2743.0,2732.8,2736.4,48,39417960.00000001,0.0,11736,2742.0,0
1728883800000,2737.4,2740.2000000000003,2735.8,2735.8,23,18890880.0,0.0,11740,2736.4,0
1728883860000,2735.4000000000005,2738.0000000000005,2733.6000000000004,2736.4000000000005,45,36922620.0,0.0,11737,2735.8,0
1728883920000,2735.4,2735.6,2727.4,2728.4,108,88483680.0,0.0,11740,2736.4,0
1728883980000,2727.8,2729.6000000000004,2726.6000000000004,2728.4000000000005,32,26185080.0,0.0,11746,2728.4000000000005,0
1728884040000,2726.4,2728.4,2726.2000000000003,2727.0000000000005,18,14727840.000000002,0.0,11749,2728.4,0
1728884100000,2728.0,2728.0,2724.0,2725.6,38,31070460.0,0.0,11763,2727.0,0
1728884160000,2725.6000000000004,2728.0000000000005,2725.6000000000004,2726.8,15,12270120.0,0.0,11764,2725.6000000000004,0
1728884220000,2727.2000000000003,2729.8,2727.2000000000003,2729.8,23,18828960.000000004,0.0,11768,2726.8,0
1728884280000,2730.8,2734.8,2728.4,2728.6,28,22943160.0,0.0,11774,2729.8,0
1728884340000,2733.4,2734.0,2728.8,2729.6000000000004,26,21298320.0,0.0,11766,2728.6000000000004,0
1728884400000,2729.8,2732.0000000000005,2728.2000000000003,2731.4,22,18020400.0,0.0,11762,2729.6000000000004,0
1728884460000,2731.4,2732.2,2728.0,2730.2,9,7370520.0,0.0,11766,2731.4,0
1728884520000,2729.0000000000005,2729.0000000000005,2722.2000000000003,2722.2000000000003,85,69489780.0,0.0,11793,2730.2000000000003,0
1728884580000,2722.6,2722.6,2719.4,2719.6,40,32649540.0,0.0,11805,2722.2000000000003,0
1728884640000,2719.6,2723.0,2718.4,2723.0,21,17140140.0,0.0,11800,2719.6,0
1728884700000,2723.6000000000004,2723.6000000000004,2721.8,2722.4,8,6534660.000000001,0.0,11800,2723.0,0
1728884760000,2723.4000000000005,2723.4000000000005,2718.6000000000004,2718.6000000000004,27,22035720.0,0.0,11791,2722.4000000000005,0
1728884820000,2720.6000000000004,2724.2000000000003,2720.6000000000004,2721.2000000000003,19,15514200.000000002,0.0,11789,2718.6000000000004,0
1728884880000,2719.4,2720.4,2717.8,2717.8,49,39968040.00000001,0.0,11802,2721.2000000000003,0
1728884940000,2717.2000000000003,2718.6000000000004,2715.8,2716.6000000000004,36,29343480.0,0.0,11798,2717.8,0
1728885000000,2718.0000000000005,2719.4,2717.2000000000003,2718.8,16,13047600.0,0.0,11797,2716.6000000000004,0
1728885060000,2718.0,2720.2,2718.0,2720.0,7,5711100.000000001,0.0,11798,2718.8,0
1728885120000,2720.4,2722.8,2719.4,2722.0,21,17145360.0,0.0,11795,2720.0,0
1728885180000,2721.8,2722.2,2721.0,2721.0,8,6532260.000000001,0.0,11800,2722.0,0
1728885240000,2722.2000000000003,2723.2000000000003,2721.6000000000004,2723.2000000000003,9,7350960.000000001,0.0,11803,2721.0000000000005,0
1728885300000,2721.6000000000004,2723.8,2721.6000000000004,2723.8,28,22875180.000000004,0.0,11816,2723.2000000000003,0
1728885360000,2724.6,2726.4,2724.4,2726.2000000000003,27,22073640.000000004,0.0,11823,2723.8,0
1728885420000,2726.4,2726.4,2722.0,2722.0,16,13074060.0,0.0,11821,2726.2,0
1728885480000,2722.4,2722.6000000000004,2720.8,2721.0,8,6531480.0,0.0,11822,2722.0,0
1728885540000,2721.4,2721.8,2721.0,2721.8,10,8163420.0,0.0,11828,2721.0,0
1728885600000,2722.0,2726.2,2721.0,2725.8,36,29422500.0,0.0,11845,2721.8,0
1728885660000,2726.8,2728.6,2723.4,2723.6,39,31892640.000000004,0.0,11850,2725.8,0
1728885720000,2725.4,2726.2000000000003,2723.8,2725.4,23,18803520.000000004,0.0,11862,2723.6000000000004,0
1728885780000,2724.0000000000005,2726.8,2723.6000000000004,2726.0000000000005,10,8174280.0,0.0,11869,2725.4000000000005,0
1728885840000,2724.2000000000003,2725.2000000000003,2723.4,2723.4,7,5721180.000000001,0.0,11873,2726.0,0
1728885900000,2723.4,2723.4,2717.4,2717.4,27,22039860.000000004,0.0,11886,2723.4,0
1728885960000,2719.8,2719.8,2716.0,2718.6,23,18749460.000000004,0.0,11886,2717.4,0
1728886020000,2717.4,2721.2000000000003,2717.4,2719.4,12,9789600.000000002,0.0,11888,2718.6,0
1728886080000,2722.2000000000003,2725.8,2719.6000000000004,2720.0000000000005,25,20420160.0,0.0,11895,2719.4000000000005,0
1728886140000,2719.0000000000005,2720.2000000000003,2718.2000000000003,2718.8,9,7340760.0,0.0,11896,2720.0000000000005,0
1728886200000,2718.2000000000003,2718.2000000000003,2714.2000000000003,2714.2000000000003,33,26883840.000000004,0.0,11912,2718.8,0
1728886260000,2714.0000000000005,2715.2000000000003,2713.2000000000003,2714.8,20,16283580.0,0.0,11915,2714.2000000000003,0
1728886320000,2713.6,2713.6,2707.4,2707.6,70,56910660.0,0.0,11927,2714.8,0
1728886380000,2708.2,2709.6,2706.0,2709.0,42,34120500.0,0.0,11942,2707.6,0
1728886440000,2708.2000000000003,2710.0000000000005,2705.2000000000003,2707.6000000000004,36,29246220.0,0.0,11948,2709.0000000000005,0
1728886500000,2707.6000000000004,2713.4000000000005,2707.6000000000004,2713.4000000000005,32,26019060.000000004,0.0,11968,2707.6000000000004,0
1728886560000,2713.6,2713.6,2710.4,2710.4,8,6508380.000000001,0.0,11973,2713.4,0
1728886620000,2710.4,2710.4,2708.2000000000003,2709.6000000000004,14,11379240.000000002,0.0,11976,2710.4,0
1728886680000,2708.4,2710.0,2708.4,2709.8,10,8128260.0,0.0,11982,2709.6,0
1728886740000,2710.4,2711.8,2709.4,2711.2000000000003,17,13826160.000000002,0.0,11985,2709.8,0
1728886800000,2710.4,2713.2000000000003,2710.4,2710.4,14,11386200.000000002,0.0,11984,2711.2000000000003,0
1728886860000,2710.0,2715.6,2710.0,2715.6,23,18723660.0,0.0,11990,2710.4,0
1728886920000,2714.2000000000003,2715.2000000000003,2711.4,2713.2000000000003,36,29310360.0,0.0,12008,2715.6,0
1728886980000,2713.0,2714.0,2713.0,2714.0,6,4884600.000000001,0.0,12012,2713.2,0
1728887040000,2713.0000000000005,2714.0000000000005,2712.6000000000004,2713.0000000000005,14,11394660.0,0.0,12019,2714.0000000000005,0
1728887100000,2712.6000000000004,2716.0000000000005,2712.6000000000004,2714.2000000000003,30,24432720.0,0.0,12034,2713.0000000000005,0
1728887160000,2714.0000000000005,2716.2000000000003,2712.6000000000004,2715.8,34,27688620.000000004,0.0,12057,2714.2000000000003,0
1728887220000,2716.2000000000003,2719.4,2716.2000000000003,2717.6000000000004,19,15490020.0,0.0,12066,2715.8,0
1728887280000,2719.4000000000005,2720.0000000000005,2717.6000000000004,2720.0000000000005,26,21205800.0,0.0,12075,2717.6000000000004,0
1728887340000,2719.6,2719.6,2718.0,2719.0,6,4893360.000000001,0.0,12079,2720.0,0
1728887400000,2718.0,2719.6,2717.4,2717.4,21,17125140.0,0.0,12083,2719.0,0
1728887460000,2717.4,2723.0,2717.4,2721.4,37,30199620.0,0.0,12090,2717.4,0
1728887520000,2723.6000000000004,2724.6000000000004,2723.2000000000003,2724.6000000000004,18,14707560.0,0.0,12093,2721.4,0
1728887580000,2723.8,2723.8,2721.4,2722.0,22,17970660.000000004,0.0,12109,2724.6,0
1728887640000,2721.2,2721.2,2720.0,2720.0,8,6529320.0,0.0,12113,2722.0,0
1728887700000,2718.6000000000004,2718.6000000000004,2712.6000000000004,2714.4000000000005,44,35841120.0,0.0,12126,2720.0000000000005,0
1728887760000,2714.0,2717.8,2713.0,2717.8,17,13848060.000000002,0.0,12131,2714.4,0
1728887820000,2718.0000000000005,2720.4000000000005,2716.6000000000004,2719.6000000000004,29,23652780.000000004,0.0,12142,2717.8,0
1728887880000,2718.6000000000004,2722.6000000000004,2718.6000000000004,2722.6000000000004,17,13874760.0,0.0,12145,2719.6000000000004,0
1728887940000,2723.0,2723.2000000000003,2720.4,2721.8,21,17151300.0,0.0,12156,2722.6,0
1728888000000,2720.2000000000003,2721.8,2718.4,2721.8,19,15504000.000000002,0.0,12164,2721.8,0
1728888060000,2720.6000000000004,2725.0000000000005,2720.6000000000004,2723.0000000000005,50,40848060.0,0.0,12186,2721.8,0
1728888120000,2724.4,2725.2000000000003,2723.8,2724.6000000000004,37,30241800.0,0.0,12215,2723.0,0
1728888180000,2724.6,2725.2,2723.0,2724.2,30,24516780.0,0.0,12237,2724.6,0
1728888240000,2724.0,2726.0,2724.0,2725.2,24,19622220.000000004,0.0,12252,2724.2,0
1728888300000,2725.2000000000003,2726.6,2724.4,2726.6,28,22895460.000000004,0.0,12269,2725.2000000000003,0
1728888360000,2726.6000000000004,2726.6000000000004,2723.8,2724.2000000000003,42,34335420.0,0.0,12291,2726.6000000000004,0
1728888420000,2724.2000000000003,2724.6000000000004,2721.6000000000004,2723.8,34,27776580.000000004,0.0,12315,2724.2000000000003,0
1728888480000,2723.8,2723.8,2722.4,2723.8,15,12254760.0,0.0,12326,2723.8,0
1728888540000,2723.2000000000003,2723.8,2721.6000000000004,2723.0000000000005,14,11435880.0,0.0,12335,2723.8,0
1728888600000,2722.8,2723.8,2722.8,2723.6000000000004,16,13071660.0,0.0,12345,2723.0,0
1728888660000,2723.6000000000004,2724.4000000000005,2721.6000000000004,2723.0000000000005,24,19605120.000000004,0.0,12366,2723.6000000000004,0
1728888720000,2723.6000000000004,2724.0000000000005,2723.2000000000003,2723.8,28,22877880.0,0.0,12386,2723.0000000000005,0
1728888780000,2724.0000000000005,2726.2000000000003,2723.6000000000004,2726.2000000000003,49,40057260.00000001,0.0,12417,2723.8,0
1728888840000,2725.8,2726.6000000000004,2725.6000000000004,2726.2000000000003,25,20445720.0,0.0,12432,2726.2000000000003,0
1728888900000,2726.6000000000004,2727.4,2725.2000000000003,2726.0000000000005,53,43348500.00000001,0.0,12466,2726.2000000000003,0
1728888960000,2725.8,2726.6000000000004,2725.2000000000003,2726.2000000000003,29,23714820.0,0.0,12474,2726.0000000000005,0
1728889020000,2726.2000000000003,2726.6000000000004,2725.6000000000004,2726.0000000000005,32,26170200.0,0.0,12481,2726.2000000000003,0
1728889080000,2725.4000000000005,2725.4000000000005,2722.6000000000004,2722.6000000000004,49,40046760.0,0.0,12502,2726.0000000000005,0
1728889140000,2724.0,2725.0,2722.8,2723.8,44,35956620.0,0.0,12515,2722.6000000000004,0
1728889200000,2722.2000000000003,2724.0,2721.8,2723.0,40,32675580.0,2719.6000000000004,12529,2723.8,0
1728955800000,2713.8,2713.8,2713.8,2713.8,4,3256560.0,0.0,12526,2723.0,0
1728955860000,2711.8,2711.8,2696.4,2702.8,198,160436040.0,0.0,12428,2713.8,0
1728955920000,2703.0000000000005,2708.0000000000005,2700.2000000000003,2707.6000000000004,150,121739340.0,0.0,12361,2702.8,0
1728955980000,2706.6,2711.4,2705.4,2710.8,82,66631260.000000015,0.0,12331,2707.6,0
1728956040000,2711.0,2714.0,2710.0,2713.4,31,25222320.0,0.0,12319,2710.8,0
1728956100000,2713.4,2716.6,2711.0,2713.0,51,41516760.0,0.0,12291,2713.4,0
1728956160000,2711.0,2713.2,2708.0,2713.2,45,36585120.0,0.0,12272,2713.0,0
1728956220000,2714.8,2717.6000000000004,2710.8,2712.4,66,53740620.00000001,0.0,12239,2713.2000000000003,0
1728956280000,2714.4,2720.8,2712.8,2720.4,64,52184820.0,0.0,12210,2712.4,0
1728956340000,2717.0,2723.8,2717.0,2721.0,87,71044440.00000001,0.0,12171,2720.4,0
1728956400000,2720.0000000000005,2721.0000000000005,2716.2000000000003,2718.0000000000005,65,53021340.0,0.0,12151,2721.0000000000005,0
1728956460000,2720.0,2721.2000000000003,2717.8,2719.6000000000004,47,38347260.0,0.0,12136,2718.0,0
1728956520000,2719.6000000000004,2720.0000000000005,2717.2000000000003,2719.4,16,13050180.000000002,0.0,12129,2719.6000000000004,0
1728956580000,2719.2000000000003,2723.8,2717.8,2721.0,31,25309320.0,0.0,12118,2719.4,0
1728956640000,2721.4,2724.8,2721.4,2724.2000000000003,25,20426340.0,0.0,12108,2721.0,0
1728956700000,2724.6000000000004,2727.4,2724.2000000000003,2727.4,40,32711040.0,0.0,12099,2724.2000000000003,0
1728956760000,2727.2000000000003,2727.8,2724.4,2725.0,66,53967180.0,0.0,12088,2727.4,0
1728956820000,2725.6000000000004,2731.8,2722.6000000000004,2731.8,46,37617780.00000001,0.0,12077,2725.0000000000005,0
1728956880000,2730.6000000000004,2730.6000000000004,2725.8,2726.4,54,44193540.0,0.0,12073,2731.8,0
1728956940000,2722.2000000000003,2725.0,2720.8,2721.0,67,54713760.0,0.0,12064,2726.4,0
1728957000000,2721.0,2723.0,2720.0,2722.6,20,16330260.0,0.0,12060,2721.0,0
1728957060000,2721.6,2726.0,2720.4,2723.2000000000003,35,28598040.0,0.0,12049,2722.6,0
1728957120000,2723.2,2726.6,2721.0,2723.4,64,52291320.0,0.0,12038,2723.2,0
1728957180000,2722.2000000000003,2723.0000000000005,2719.2000000000003,2720.0000000000005,75,61220340.0,0.0,12024,2723.4,0
1728957240000,2720.0000000000005,2722.8,2718.2000000000003,2721.0000000000005,53,43257480.00000001,0.0,12033,2720.0000000000005,0
1728957300000,2720.6,2721.6,2716.4,2716.8,54,44048460.00000001,0.0,12026,2721.0,0
1728957360000,2716.2000000000003,2716.6000000000004,2713.2000000000003,2715.2000000000003,76,61894560.0,0.0,12035,2716.8,0
1728957420000,2715.2000000000003,2715.2000000000003,2713.4,2714.6,49,39898020.0,0.0,12040,2715.2000000000003,0
1728957480000,2715.0000000000005,2715.0000000000005,2711.2000000000003,2712.0000000000005,29,23601180.000000004,0.0,12043,2714.6000000000004,0
1728957540000,2712.0,2715.8,2712.0,2715.0,33,26866860.0,0.0,12060,2712.0,0
1728957600000,2713.8,2720.8,2712.8,2720.4,64,52189020.0,0.0,12054,2715.0,0
1728957660000,2719.8,2721.8,2716.4,2718.4,61,49751700.0,0.0,12060,2720.4,0
1728957720000,2719.4,2722.6,2719.4,2722.4,59,48165480.0,0.0,12063,2718.4,0
1728957780000,2722.4,2723.2000000000003,2719.8,2722.4,59,48166200.00000001,0.0,12080,2722.4,0
1728957840000,2722.6000000000004,2726.0000000000005,2722.2000000000003,2724.0000000000005,47,38409960.0,0.0,12094,2722.4,0
1728957900000,2723.2000000000003,2727.0,2722.8,2724.4,53,43324080.0,0.0,12105,2724.0,0
1728957960000,2723.2,2725.4,2722.0,2723.0,34,27779700.000000004,0.0,12115,2724.4,0
1728958020000,2722.0000000000005,2722.0000000000005,2717.6000000000004,2720.2000000000003,34,27744180.000000004,0.0,12132,2723.0000000000005,0
1728958080000,2719.0,2721.8,2718.8,2721.6000000000004,28,22847580.000000004,0.0,12140,2720.2000000000003,0
1728958140000,2721.2,2722.2,2720.0,2720.2,35,28569960.0,0.0,12157,2721.6,0
1728958200000,2718.8,2719.6000000000004,2716.8,2716.8,26,21199740.0,0.0,12159,2720.2000000000003,0
1728958260000,2716.4,2716.4,2712.8,2713.4,52,42338520.00000001,0.0,12155,2716.8,0
1728958320000,2713.4,2717.4,2713.4,2714.4,45,36654600.0,0.0,12175,2713.4,0
1728958380000,2715.0,2718.4,2715.0,2718.4,41,33411900.000000007,0.0,12190,2714.4,0
1728958440000,2718.4,2718.4,2714.0,2715.8,45,36667500.0,0.0,12185,2718.4,0
1728958500000,2716.4,2718.2,2715.0,2717.4,20,16299600.0,0.0,12193,2715.8,0
1728958560000,2719.0000000000005,2721.2000000000003,2718.6000000000004,2718.6000000000004,58,47327940.00000001,0.0,12210,2717.4000000000005,0
1728958620000,2719.6,2720.6,2717.4,2720.6,33,26918520.000000004,0.0,12224,2718.6,0
1728958680000,2719.6000000000004,2721.0000000000005,2717.6000000000004,2718.6000000000004,33,26920680.0,0.0,12235,2720.6000000000004,0
1728958740000,2718.4,2721.4,2716.2000000000003,2716.2000000000003,30,24469560.0,0.0,12241,2718.6000000000004,0
1728958800000,2716.0,2719.0,2715.0,2719.0,56,45637380.0,0.0,12263,2716.2,0
1728958860000,2720.0,2724.0,2720.0,2724.0,45,36754380.0,0.0,12265,2719.0,0
1728958920000,2723.0,2727.6000000000004,2721.8,2727.0,81,66232320.0,0.0,12277,2724.0,0
1728958980000,2727.0,2728.8,2726.0,2728.0,60,49090140.0,0.0,12271,2727.0,0
1728959040000,2726.2000000000003,2727.6000000000004,2723.2000000000003,2724.0000000000005,73,59696760.00000001,0.0,12284,2728.0000000000005,0
1728959100000,2724.0,2724.6000000000004,2721.8,2721.8,57,46561800.0,0.0,12297,2724.0,0
1728959160000,2721.8,2723.0,2720.4,2722.8,51,41638560.00000001,0.0,12306,2721.8,0
1728959220000,2724.2000000000003,2724.4,2721.8,2724.4,40,32683020.0,0.0,12306,2722.8,0
1728959280000,2723.8,2724.0,2721.4,2723.8,39,31858140.0,0.0,12304,2724.4,0
1728959340000,2722.8,2722.8,2718.2000000000003,2718.2000000000003,41,33462060.000000004,0.0,12309,2723.8,0
1728959400000,2719.0,2720.0,2716.4,2716.4,30,24467760.0,0.0,12319,2718.2000000000003,0
1728959460000,2716.6000000000004,2721.4,2716.2000000000003,2720.8,41,33438540.000000004,0.0,12323,2716.4,0
1728959520000,2721.2000000000003,2724.2000000000003,2721.2000000000003,2721.8,46,37574700.00000001,0.0,12323,2720.8,0
1728959580000,2722.6000000000004,2724.6000000000004,2721.8,2722.4,22,17972520.0,0.0,12320,2721.8,0
1728959640000,2722.6000000000004,2722.8,2721.2000000000003,2721.8,21,17150820.0,0.0,12331,2722.4,0
1728959700000,2722.2000000000003,2723.4000000000005,2721.6000000000004,2722.8,17,13884900.000000002,0.0,12331,2721.8,0
1728959760000,2721.4,2722.8,2720.2000000000003,2722.8,26,21227460.0,0.0,12335,2722.8,0
1728959820000,2723.0000000000005,2724.6000000000004,2721.6000000000004,2723.0000000000005,14,11438100.0,0.0,12336,2722.8,0
1728959880000,2721.8,2727.0,2721.8,2725.8,47,38419140.0,0.0,12337,2723.0,0
1728959940000,2725.8,2725.8,2723.0,2723.0,11,8989800.000000002,0.0,12342,2725.8,0
1728960000000,2722.0,2722.0,2719.8,2719.8,20,16324440.0,0.0,12337,2723.0,0
1728960060000,2718.8,2719.2000000000003,2716.8,2717.8,30,24461280.0,0.0,12347,2719.8,0
1728960120000,2718.0,2718.6,2717.0,2718.2,14,11415240.0,0.0,12350,2717.8,0
1728960180000,2717.6,2717.6,2714.0,2714.4,29,23625420.000000004,0.0,12357,2718.2,0
1728960240000,2714.6,2714.8,2713.0,2713.6,52,42334920.0,0.0,12377,2714.4,0
1728960300000,2713.4,2714.0,2713.0,2713.2,21,17094780.0,0.0,12387,2713.6,0
1728960360000,2713.0,2714.8,2713.0,2714.4,67,54539700.00000001,0.0,12368,2713.2,0
1728960420000,2713.0,2713.2000000000003,2709.8,2711.0,60,48803880.0,0.0,12360,2714.4,0
1728960480000,2709.8,2710.6,2708.4,2709.4,55,44708280.0,0.0,12367,2711.0,0
1728960540000,2709.2000000000003,2712.2000000000003,2709.2000000000003,2710.8,52,42289440.00000001,0.0,12378,2709.4,0
1728960600000,2710.8,2714.4,2710.8,2712.0,48,39062880.00000001,0.0,12390,2710.8,0
1728960660000,2712.2000000000003,2714.4,2711.4,2713.4,54,43945200.0,0.0,12377,2712.0,0
1728960720000,2712.0,2712.8,2709.8,2712.6000000000004,13,10574940.0,0.0,12376,2713.4,0
1728960780000,2714.0000000000005,2715.0000000000005,2710.6000000000004,2710.8,17,13837260.0,0.0,12379,2712.6000000000004,0
1728960840000,2710.8,2712.8,2710.0,2711.2,19,15454620.000000002,0.0,12386,2710.8,0
1728960900000,2711.6000000000004,2714.0000000000005,2711.6000000000004,2713.4000000000005,23,18719340.000000004,0.0,12382,2711.2000000000003,0
1728960960000,2713.2000000000003,2713.2000000000003,2712.2000000000003,2713.0000000000005,15,12207000.0,0.0,12388,2713.4,0
1728961020000,2712.6000000000004,2712.6000000000004,2710.6000000000004,2711.2000000000003,40,32536260.0,0.0,12395,2713.0000000000005,0
1728961080000,2710.0,2712.2000000000003,2709.8,2712.0,30,24396300.0,0.0,12410,2711.2000000000003,0
1728961140000,2712.0,2713.2,2710.0,2710.0,40,32533560.0,0.0,12431,2712.0,0
1728961200000,2711.0,2711.0,2709.8,2709.8,15,12197040.0,0.0,12436,2710.0,0
1728961260000,2709.8,2711.4,2709.8,2710.0,6,4878240.000000001,0.0,12438,2709.8,0
1728961320000,2711.0,2713.4,2711.0,2713.2,13,10577460.0,0.0,12441,2710.0,0
1728961380000,2714.0000000000005,2716.8,2712.2000000000003,2713.2000000000003,55,44787240.0,0.0,12448,2713.2000000000003,0
1728961440000,2714.2000000000003,2715.2000000000003,2713.6000000000004,2714.6000000000004,16,13029840.0,0.0,12455,2713.2000000000003,0
1728961500000,2714.2000000000003,2714.2000000000003,2710.8,2711.4,22,17900580.0,0.0,12462,2714.6000000000004,0
1728961560000,2710.8,2712.6000000000004,2710.8,2712.6000000000004,8,6508500.000000001,0.0,12463,2711.4,0
1728961620000,2711.8,2712.0000000000005,2710.2000000000003,2711.4,14,11386920.000000002,0.0,12467,2712.6000000000004,0
1728961680000,2711.8,2712.0,2709.4,2709.4,16,13010100.000000002,0.0,12467,2711.4,0
1728961740000,2709.2000000000003,2709.2000000000003,2703.8,2704.8,43,34908359.99999999,0.0,12470,2709.4,0
1728961800000,2704.4,2706.4,2700.0,2702.0,91,73761840.0,0.0,12448,2704.8,0
1728961860000,2701.6,2702.2,2700.0,2702.2,53,42950700.00000001,0.0,12432,2702.0,0
1728961920000,2703.0,2708.2,2703.0,2704.6,41,33270120.000000007,0.0,12435,2702.2,0
1728961980000,2705.0000000000005,2708.4,2704.2000000000003,2706.2000000000003,29,23547000.000000004,0.0,12430,2704.6000000000004,0
1728962040000,2705.8,2705.8,2705.2000000000003,2705.8,7,5681580.0,0.0,12431,2706.2000000000003,0
1728962100000,2706.0,2708.2,2706.0,2706.2,30,24362340.0,0.0,12432,2705.8,0
1728962160000,2706.4,2709.2000000000003,2706.4,2708.0,40,32497320.0,0.0,12426,2706.2000000000003,0
1728962220000,2707.6,2710.0,2707.4,2708.2000000000003,20,16253100.0,0.0,12422,2708.0,0
1728962280000,2709.4,2709.4,2706.0,2708.4,17,13807440.0,0.0,12422,2708.2,0
1728962340000,2706.4000000000005,2706.4000000000005,2704.6000000000004,2705.4000000000005,15,12174720.0,0.0,12419,2708.4000000000005,0
1728962400000,2705.2000000000003,2712.8,2705.2000000000003,2712.8,19,15446400.000000002,0.0,12420,2705.4,0
1728962460000,2713.6,2715.0,2707.4,2712.4,71,57759780.00000001,0.0,12414,2712.8,0
1728962520000,2712.4,2712.4,2710.2000000000003,2711.0000000000005,14,11386560.000000002,0.0,12414,2712.4,0
1728962580000,2709.2000000000003,2711.0,2708.4,2710.4,12,9755100.000000002,0.0,12421,2711.0,0
1728962640000,2710.8,2710.8,2708.6000000000004,2708.6000000000004,4,3251520.0,0.0,12420,2710.4000000000005,0
1728962700000,2707.8,2709.0,2707.4,2707.8,16,12999660.0,0.0,12416,2708.6,0
1728962760000,2709.2000000000003,2710.6000000000004,2708.6000000000004,2708.6000000000004,8,6503280.0,0.0,12415,2707.8,0
1728962820000,2709.2,2712.0,2709.0,2710.0,15,12197580.0,0.0,12419,2708.6,0
1728962880000,2712.0,2712.6000000000004,2710.8,2712.0,11,8950020.000000002,0.0,12417,2710.0,0
1728962940000,2713.0000000000005,2713.0000000000005,2711.2000000000003,2712.8,12,9764400.000000002,0.0,12419,2712.0000000000005,0
1728963000000,2712.4,2715.0,2712.4,2713.0,23,18725160.000000004,0.0,12419,2712.8,0
1728968460000,2712.2,2713.0,2706.0,2709.8,108,87801240.0,0.0,12425,2713.0,0
1728968520000,2710.4,2715.0,2710.4,2715.0,34,27667740.000000004,0.0,12435,2709.8,0
1728968580000,2715.0,2715.4,2711.8,2714.4,28,22797300.0,0.0,12438,2715.0,0
1728968640000,2714.4,2714.4,2709.8,2709.8,18,14639280.000000002,0.0,12444,2714.4,0
1728968700000,2710.0000000000005,2711.6000000000004,2708.2000000000003,2711.6000000000004,28,22760040.0,0.0,12455,2709.8,0
1728968760000,2711.6000000000004,2712.0000000000005,2708.6000000000004,2709.4000000000005,34,27644340.000000004,0.0,12462,2711.6000000000004,0
1728968820000,2709.8,2710.0000000000005,2707.6000000000004,2710.0000000000005,14,11376120.000000002,0.0,12465,2709.4000000000005,0
1728968880000,2710.2000000000003,2712.2000000000003,2708.4,2710.4,17,13823880.0,0.0,12467,2710.0,0
1728968940000,2710.6000000000004,2711.2000000000003,2706.6000000000004,2706.6000000000004,15,12188880.0,0.0,12474,2710.4000000000005,0
1728969000000,2706.6000000000004,2709.6000000000004,2706.6000000000004,2709.6000000000004,7,5687160.000000001,0.0,12476,2706.6000000000004,0
1728969060000,2708.6,2710.0,2708.4,2710.0,7,5690040.000000001,0.0,12479,2709.6,0
1728969120000,2710.8,2710.8,2707.8,2708.8,28,22757340.0,0.0,12489,2710.0,0
1728969180000,2707.8,2707.8,2706.2000000000003,2706.8,6,4872600.000000001,0.0,12491,2708.8,0
1728969240000,2706.2,2706.2,2704.0,2704.0,22,17854140.0,0.0,12500,2706.8,0
1728969300000,2705.6000000000004,2707.2000000000003,2704.6000000000004,2705.2000000000003,14,11365080.000000002,0.0,12494,2704.0000000000005,0
1728969360000,2705.4,2706.0,2702.4,2702.4,20,16230180.0,0.0,12503,2705.2000000000003,0
1728969420000,2703.2000000000003,2703.2000000000003,2702.4,2703.2000000000003,12,9731160.000000002,0.0,12505,2702.4,0
1728969480000,2703.2000000000003,2704.4,2701.4,2704.4,26,21078120.0,0.0,12514,2703.2000000000003,0
1728969540000,2703.6,2703.6,2702.0,2703.4,10,8109540.0,0.0,12519,2704.4,0
1728969600000,2701.4000000000005,2702.8,2698.6000000000004,2700.8,38,30784920.000000004,0.0,12534,2703.4000000000005,0
1728969660000,2699.6,2702.8,2699.4,2701.0,17,13772460.000000002,0.0,12542,2700.8,0
1728969720000,2701.2000000000003,2703.0000000000005,2700.2000000000003,2700.8,25,20264400.0,0.0,12541,2701.0000000000005,0
1728969780000,2701.0,2701.2,2699.0,2701.2,16,12962160.0,0.0,12544,2700.8,0
1728969840000,2701.2000000000003,2701.2000000000003,2698.8,2700.2000000000003,10,8099100.0,0.0,12545,2701.2000000000003,0
1728969900000,2699.6000000000004,2701.8,2699.6000000000004,2701.8,14,11345340.000000002,0.0,12538,2700.2000000000003,0
1728969960000,2700.0000000000005,2701.0000000000005,2698.2000000000003,2698.2000000000003,17,13766220.000000002,0.0,12545,2701.8,0
1728970020000,2698.0,2698.0,2697.0,2697.0,11,8901540.0,0.0,12546,2698.2,0
1728970080000,2696.6000000000004,2698.6000000000004,2696.6000000000004,2697.4000000000005,17,13757640.000000002,0.0,12556,2697.0000000000005,0
1728970140000,2697.0,2697.0,2693.0,2693.0,37,29918400.0,0.0,12562,2697.4,0
1728970200000,2693.0,2694.8,2692.4,2692.4,29,23432220.000000004,0.0,12562,2693.0,0
1728970260000,2692.6000000000004,2692.6000000000004,2690.2000000000003,2691.0000000000005,41,33099120.000000004,0.0,12575,2692.4,0
1728970320000,2691.2000000000003,2694.2000000000003,2691.2000000000003,2692.0000000000005,27,21812340.0,0.0,12581,2691.0000000000005,0
1728970380000,2692.4,2695.8,2691.0,2693.6,20,16158660.0,0.0,12585,2692.0,0
1728970440000,2695.4,2696.8,2694.0,2696.0,17,13747260.0,0.0,12588,2693.6,0
1728970500000,2694.8,2696.0,2693.8,2693.8,20,16167780.0,0.0,12599,2696.0,0
1728970560000,2694.8,2696.0000000000005,2692.2000000000003,2692.6000000000004,29,23441880.000000004,0.0,12600,2693.8,0
1728970620000,2692.6000000000004,2692.8,2690.6000000000004,2692.4000000000005,22,17767080.000000004,0.0,12606,2692.6000000000004,0
1728970680000,2692.6000000000004,2694.8,2692.6000000000004,2694.8,24,19389480.000000004,0.0,12625,2692.4000000000005,0
1728970740000,2694.8,2694.8,2692.0,2692.0,13,10501260.0,0.0,12628,2694.8,0
1728970800000,2693.0,2693.0,2692.0,2692.0,11,8884320.0,0.0,12636,2692.0,0
1728970860000,2691.4,2691.6,2688.4,2688.4,32,25821600.0,0.0,12647,2692.0,0
1728970920000,2689.4,2694.0,2689.0,2690.2,40,32296320.0,0.0,12655,2688.4,0
1728970980000,2691.6,2692.6,2691.0,2691.2,10,8074440.0,0.0,12660,2690.2,0
1728971040000,2690.8,2690.8,2688.6000000000004,2689.6000000000004,29,23403300.0,0.0,12675,2691.2000000000003,0
1728971100000,2689.8,2693.2000000000003,2689.8,2692.2000000000003,14,11307480.0,0.0,12681,2689.6000000000004,0
1728971160000,2691.2000000000003,2693.4,2690.8,2691.6000000000004,39,31504800.0,0.0,12709,2692.2000000000003,0
1728971220000,2690.0,2692.0,2689.4,2692.0,16,12915840.0,0.0,12718,2691.6,0
1728971280000,2692.4,2693.4,2692.4,2693.4,21,16966080.0,0.0,12723,2692.0,0
1728971340000,2694.0000000000005,2697.0000000000005,2693.6000000000004,2696.8,37,29917920.0,0.0,12729,2693.4000000000005,0
1728971400000,2696.8,2697.6000000000004,2695.6000000000004,2697.0000000000005,32,25888560.000000004,0.0,12747,2696.8,0
1728971460000,2696.4,2696.8,2694.8,2695.2000000000003,27,21835320.000000004,0.0,12758,2697.0,0
1728971520000,2695.2,2695.4,2693.0,2693.0,15,12125040.0,0.0,12770,2695.2,0
1728971580000,2692.8,2693.0000000000005,2691.2000000000003,2692.2000000000003,14,11306100.0,0.0,12777,2693.0000000000005,0
1728971640000,2692.8,2694.4,2692.8,2693.2000000000003,15,12121620.0,0.0,12789,2692.2000000000003,0
1728971700000,2693.4,2694.2,2693.0,2693.0,12,9697020.000000002,0.0,12800,2693.2,0
1728971760000,2692.8,2694.0,2692.8,2693.2000000000003,7,5656200.0,0.0,12801,2693.0,0
1728971820000,2693.4000000000005,2693.4000000000005,2691.6000000000004,2691.6000000000004,13,10501140.0,0.0,12801,2693.2000000000003,0
1728971880000,2691.6000000000004,2692.8,2691.6000000000004,2692.2000000000003,7,5653560.000000001,0.0,12806,2691.6000000000004,0
1728971940000,2691.4,2691.6000000000004,2688.8,2691.2000000000003,28,22597980.000000004,0.0,12819,2692.2000000000003,0
1728972000000,2691.8,2695.4,2691.0,2691.4,27,21812220.0,0.0,12823,2691.2,0
1728972060000,2691.0,2694.4,2690.8,2692.8,19,15349320.000000002,0.0,12828,2691.4,0
1728972120000,2692.6000000000004,2693.4,2689.8,2689.8,13,10494840.000000002,0.0,12832,2692.8,0
1728972180000,2689.2,2689.4,2685.0,2687.4,63,50778840.0,0.0,12850,2689.8,0
1728972240000,2686.0,2687.4,2684.0,2687.4,41,33037320.000000004,0.0,12862,2687.4,0
1728972300000,2686.4,2686.6000000000004,2684.8,2686.0,14,11280840.0,0.0,12871,2687.4,0
1728972360000,2685.0000000000005,2685.8,2683.2000000000003,2683.6000000000004,19,15298800.000000002,0.0,12880,2686.0000000000005,0
1728972420000,2685.8,2689.6000000000004,2685.8,2688.4,93,74986320.00000001,0.0,12883,2683.6000000000004,0
1728972480000,2688.4,2688.8,2686.0,2686.2,22,17737440.000000004,0.0,12894,2688.4,0
1728972540000,2686.2000000000003,2686.2000000000003,2684.4,2685.0,16,12887640.000000002,0.0,12905,2686.2000000000003,0
1728972600000,2684.6,2685.6,2682.0,2682.0,21,16905120.0,0.0,12914,2685.0,0
1728972660000,2682.0,2686.4,2682.0,2683.4,51,41064480.00000001,0.0,12939,2682.0,0
1728972720000,2682.8,2683.8,2681.4,2681.6,17,13680420.000000002,0.0,12949,2683.4,0
1728972780000,2681.6000000000004,2683.8,2681.6000000000004,2682.8,27,21725160.000000004,0.0,12966,2681.6000000000004,0
1728972840000,2683.0000000000005,2683.2000000000003,2682.2000000000003,2682.6000000000004,8,6438660.000000001,0.0,12968,2682.8,0
1728972900000,2683.0,2685.8,2682.4,2685.6,47,37844700.00000001,0.0,12990,2682.6,0
1728972960000,2685.6,2685.6,2682.0,2682.0,25,20126400.0,0.0,13001,2685.6,0
1728973020000,2681.4,2682.6000000000004,2680.2000000000003,2680.2000000000003,12,9653760.000000002,0.0,13005,2682.0000000000005,0
1728973080000,2680.2,2680.8,2676.0,2676.0,49,39375060.00000001,0.0,13025,2680.2,0
1728973140000,2675.6,2676.0,2673.0,2673.8,46,36909420.0,0.0,13043,2676.0,0
1728973200000,2673.8,2676.6000000000004,2673.8,2674.6000000000004,32,25681800.000000004,0.0,13059,2673.8,0
1728973260000,2674.8,2676.0,2671.4,2672.0,24,19246320.000000004,0.0,13061,2674.6,0
1728973320000,2671.0,2674.4,2669.4,2671.0,67,53692380.0,0.0,13082,2672.0,0
1728973380000,2671.0000000000005,2671.8,2667.2000000000003,2667.2000000000003,31,24826560.0,0.0,13095,2671.0000000000005,0
1728973440000,2668.8,2670.6000000000004,2668.6000000000004,2670.0000000000005,43,34440840.0,0.0,13106,2667.2000000000003,0
1728973500000,2669.6,2674.8,2669.0,2674.8,36,28856820.000000004,0.0,13114,2670.0,0
1728973560000,2673.6000000000004,2674.4,2669.8,2670.0,72,57705960.0,0.0,13128,2674.8,0
1728973620000,2669.8,2670.0,2666.4,2666.4,51,40818720.00000001,0.0,13152,2670.0,0
1728973680000,2666.4,2669.8,2666.2000000000003,2669.0000000000005,59,47217420.00000001,0.0,13138,2666.4,0
1728973740000,2668.0,2668.6000000000004,2666.8,2668.6000000000004,16,12806100.000000002,0.0,13148,2669.0,0
1728973800000,2668.6,2671.6,2668.0,2671.6,27,21625620.0,0.0,13154,2668.6,0
1728973860000,2671.2000000000003,2675.4000000000005,2670.6000000000004,2675.4000000000005,48,38499480.00000001,0.0,13172,2671.6000000000004,0
1728973920000,2674.8,2676.0000000000005,2670.6000000000004,2674.4000000000005,77,61751400.0,0.0,13174,2675.4000000000005,0
1728973980000,2674.6000000000004,2675.8,2672.2000000000003,2672.8,44,35292540.00000001,0.0,13176,2674.4,0
1728974040000,2673.8,2676.0,2673.0,2675.4,42,33705840.0,0.0,13186,2672.8,0
1728974100000,2675.2000000000003,2678.0,2674.4,2676.0,38,30508560.000000004,0.0,13196,2675.4,0
1728974160000,2676.6,2678.2000000000003,2674.4,2675.4,39,31312560.000000004,0.0,13209,2676.0,0
1728974220000,2674.8,2674.8,2667.6000000000004,2670.0000000000005,55,44073600.0,0.0,13229,2675.4000000000005,0
1728974280000,2669.4000000000005,2669.8,2665.6000000000004,2665.8,49,39200040.0,0.0,13234,2670.0000000000005,0
1728974340000,2666.2000000000003,2667.0000000000005,2664.2000000000003,2664.8,43,34381260.0,0.0,13234,2665.8,0
1728974400000,2665.4,2666.0,2661.8,2662.2000000000003,43,34362540.0,0.0,13249,2664.8,0
1728974460000,2662.4000000000005,2664.0000000000005,2661.6000000000004,2663.0000000000005,39,31154340.000000004,0.0,13245,2662.2000000000003,0
1728974520000,2662.4,2662.8,2660.2000000000003,2660.2000000000003,36,28745940.000000004,0.0,13249,2663.0000000000005,0
1728974580000,2660.8,2661.4,2659.2000000000003,2659.2000000000003,60,47880960.0,0.0,13262,2660.2000000000003,0
1728974640000,2660.6000000000004,2666.2000000000003,2659.6000000000004,2661.4000000000005,122,97437540.00000001,0.0,13273,2659.2000000000003,0
1728974700000,2662.8,2664.8,2662.0,2662.6,44,35160480.0,0.0,13263,2661.4,0
1728974760000,2664.2000000000003,2666.4,2663.8,2665.4,25,19988100.0,0.0,13259,2662.6000000000004,0
1728974820000,2664.2,2665.8,2663.0,2663.0,14,11191320.000000002,0.0,13264,2665.4,0
1728974880000,2663.4,2667.4,2663.4,2667.4,27,21589920.000000004,0.0,13260,2663.0,0
1728974940000,2667.4,2668.4,2666.8,2668.2000000000003,25,20007960.0,0.0,13270,2667.4,0
1728975000000,2667.4,2667.4,2660.4,2660.4,40,31960680.0,0.0,13265,2668.2000000000003,0
1728975060000,2660.4,2662.8,2658.2000000000003,2658.8,41,32724300.000000004,0.0,13261,2660.4,0
1728975120000,2657.8,2659.4000000000005,2656.6000000000004,2657.4000000000005,28,22326420.0,0.0,13263,2658.8,0
1728975180000,2657.2000000000003,2658.4000000000005,2655.6000000000004,2656.8,127,101231700.00000001,0.0,13293,2657.4000000000005,0
1728975240000,2656.4,2658.4,2656.4,2657.4,57,45444960.0,0.0,13299,2656.8,0
1728975300000,2657.6,2659.8,2657.0,2658.0,95,75776940.0,0.0,13286,2657.4,0
1728975360000,2658.2000000000003,2661.4,2658.2000000000003,2661.0000000000005,71,56661900.00000001,0.0,13327,2658.0000000000005,0
1728975420000,2661.4,2662.0,2658.8,2658.8,61,48685680.00000001,0.0,13372,2661.0,0
1728975480000,2659.4,2659.6000000000004,2657.8,2658.4,74,59025120.0,0.0,13398,2658.8,0
1728975540000,2658.2000000000003,2658.4000000000005,2654.6000000000004,2654.8,58,46227720.00000001,0.0,13399,2658.4000000000005,0
1728975600000,2654.8,2655.8,2651.6000000000004,2655.4000000000005,99,78837300.00000001,2669.2000000000003,13440,2654.8,0
1729042200000,2640.0,2640.0,2640.0,2640.0,16,12672000.0,0.0,13438,2655.4,0
1729042260000,2635.0,2653.6,2630.0,2650.6,352,278911500.00000006,0.0,13359,2640.0,0
1729042320000,2652.0,2654.4,2642.0,2650.0,272,216001860.0,0.0,13256,2650.6,0
1729042380000,2648.6000000000004,2651.2000000000003,2644.2000000000003,2647.4,225,178691640.0,0.0,13208,2650.0000000000005,0
1729042440000,2646.6000000000004,2651.2000000000003,2644.6000000000004,2651.2000000000003,113,89765820.0,0.0,13188,2647.4000000000005,0
1729042500000,2651.2000000000003,2654.8,2649.8,2653.8,143,113798940.0,0.0,13122,2651.2000000000003,0
1729042560000,2653.4,2653.4,2647.2000000000003,2648.2000000000003,132,104939460.00000001,0.0,13080,2653.8,0
1729042620000,2647.0,2652.0,2646.8,2651.0,163,129524880.00000001,0.0,13019,2648.2000000000003,0
1729042680000,2651.0,2651.0,2644.8,2646.2000000000003,174,138183120.00000003,0.0,12984,2651.0,0
1729042740000,2647.0,2647.0,2643.0,2643.4,162,128515499.99999999,0.0,12986,2646.2,0
1729042800000,2643.0,2654.0,2642.8,2654.0,145,115190640.0,0.0,12969,2643.4,0
1729042860000,2654.2000000000003,2658.6000000000004,2650.6000000000004,2655.6000000000004,139,110694660.00000001,0.0,12976,2654.0000000000005,0
1729042920000,2656.0000000000005,2657.8,2651.6000000000004,2654.6000000000004,105,83626680.0,0.0,12974,2655.6000000000004,0
1729042980000,2654.6000000000004,2657.8,2652.2000000000003,2656.6000000000004,76,60545700.00000001,0.0,12977,2654.6000000000004,0
1729043040000,2656.8,2662.4,2656.8,2661.0,124,98948880.0,0.0,12973,2656.6000000000004,0
1729043100000,2661.0,2664.0,2659.8,2661.4,112,89431020.0,0.0,12962,2661.0,0
1729043160000,2661.4,2661.4,2655.2000000000003,2655.4,104,82927200.0,0.0,12961,2661.4,0
1729043220000,2655.0000000000005,2658.6000000000004,2654.2000000000003,2658.0000000000005,94,74928180.0,0.0,12968,2655.4,0
1729043280000,2659.8,2664.0000000000005,2656.2000000000003,2658.8,198,157969920.0,0.0,12919,2658.0000000000005,0
1729043340000,2657.0,2658.4,2654.0,2654.0,109,86876160.0,0.0,12947,2658.8,0
1729043400000,2653.6000000000004,2654.2000000000003,2649.8,2651.4,100,79552860.0,0.0,12963,2654.0,0
1729043460000,2651.4,2655.4,2650.4,2655.4,61,48560760.00000001,0.0,12961,2651.4,0
1729043520000,2655.4,2660.0,2652.4,2658.6,64,51008460.00000001,0.0,12943,2655.4,0
1729043580000,2658.6000000000004,2660.4,2656.2000000000003,2658.8,76,60616380.00000001,0.0,12938,2658.6000000000004,0
1729043640000,2658.6,2665.0,2658.4,2663.8,97,77477160.0,0.0,12950,2658.8,0
1729043700000,2664.0000000000005,2666.0000000000005,2662.6000000000004,2665.8,45,35975460.0,0.0,12968,2663.8,0
1729043760000,2664.2000000000003,2666.8,2663.8,2665.0,50,39979980.0,0.0,12988,2665.8,0
1729043820000,2664.8,2666.4,2661.8,2664.2000000000003,71,56734680.00000001,0.0,13000,2665.0,0
1729043880000,2664.0000000000005,2664.0000000000005,2660.2000000000003,2662.0000000000005,37,29548020.000000004,0.0,13014,2664.2000000000003,0
1729043940000,2661.2,2664.4,2659.0,2661.0,66,52695300.0,0.0,13043,2662.0,0
1729044000000,2662.4,2669.0,2662.4,2668.6,80,63987540.0,0.0,13043,2661.0,0
1729044060000,2669.6000000000004,2671.8,2666.2000000000003,2668.0000000000005,77,61649460.00000001,0.0,13058,2668.6000000000004,0
1729044120000,2667.4,2667.8,2664.2000000000003,2664.6000000000004,67,53590200.0,0.0,13099,2668.0000000000005,0
1729044180000,2664.6000000000004,2665.8,2662.2000000000003,2663.0000000000005,52,41560440.0,0.0,13132,2664.6000000000004,0
1729044240000,2662.8,2663.6,2659.0,2661.0,58,46310580.00000001,0.0,13159,2663.0,0
1729044300000,2661.0000000000005,2661.0000000000005,2658.2000000000003,2658.6000000000004,38,30313680.000000004,0.0,13173,2661.0000000000005,0
1729044360000,2658.8,2659.0000000000005,2654.6000000000004,2654.8,51,40649640.00000001,0.0,13194,2658.6000000000004,0
1729044420000,2654.8,2657.8,2653.2000000000003,2653.6000000000004,61,48585420.0,0.0,13209,2654.8,0
1729044480000,2653.4,2654.8,2651.0,2652.6,68,54110340.00000001,0.0,13220,2653.6,0
1729044540000,2652.6000000000004,2652.6000000000004,2648.8,2649.8,54,42924180.00000001,0.0,13236,2652.6000000000004,0
1729044600000,2649.6,2650.0,2648.0,2648.4,54,42914160.00000001,0.0,13266,2649.8,0
1729044660000,2648.0,2651.6,2648.0,2651.2,61,48488400.00000001,0.0,13296,2648.4,0
1729044720000,2651.6000000000004,2654.0,2650.8,2652.8,54,42971220.0,0.0,13313,2651.2000000000003,0
1729044780000,2652.4000000000005,2653.8,2649.6000000000004,2650.4000000000005,42,33410160.0,0.0,13320,2652.8,0
1729044840000,2651.6000000000004,2652.4,2648.2000000000003,2650.8,82,65193240.00000001,0.0,13337,2650.4,0
1729044900000,2651.2000000000003,2651.8,2650.6000000000004,2651.0000000000005,26,20680140.0,0.0,13347,2650.8,0
1729044960000,2650.0000000000005,2650.0000000000005,2645.6000000000004,2647.2000000000003,86,68284799.99999999,0.0,13353,2651.0000000000005,0
1729045020000,2646.6,2647.4,2645.0,2645.6,51,40483320.0,0.0,13369,2647.2,0
1729045080000,2645.6000000000004,2646.8,2643.8,2644.0,39,30948960.000000004,0.0,13390,2645.6000000000004,0
1729045140000,2644.0,2644.0,2640.8,2641.8,50,39631920.0,0.0,13407,2644.0,0
1729045200000,2641.6000000000004,2643.0000000000005,2639.6000000000004,2642.8,69,54677340.00000001,0.0,13432,2641.8,0
1729045260000,2642.6,2645.2000000000003,2641.4,2643.2000000000003,68,53933040.00000001,0.0,13456,2642.8,0
1729045320000,2643.4,2645.4,2643.0,2644.4,45,35699940.0,0.0,13478,2643.2,0
1729045380000,2644.2000000000003,2646.6000000000004,2644.2000000000003,2645.0000000000005,43,34127040.0,0.0,13503,2644.4,0
1729045440000,2645.4,2648.2000000000003,2645.4,2647.0,58,46057800.00000001,0.0,13528,2645.0,0
1729045500000,2647.2000000000003,2648.8,2646.8,2647.4,41,32565060.000000004,0.0,13541,2647.0,0
1729045560000,2647.4,2648.0,2643.4,2643.6,58,46032480.0,0.0,13560,2647.4,0
1729045620000,2643.6000000000004,2644.0000000000005,2640.6000000000004,2643.2000000000003,41,32500260.000000004,0.0,13581,2643.6000000000004,0
1729045680000,2643.0,2643.0,2641.0,2641.2,23,18229980.000000004,0.0,13587,2643.2,0
1729045740000,2641.2,2641.2,2637.0,2637.0,45,35630520.0,0.0,13598,2641.2,0
1729045800000,2637.4000000000005,2640.6000000000004,2636.6000000000004,2638.8,33,26120700.000000004,0.0,13611,2637.0000000000005,0
1729045860000,2639.6,2642.2000000000003,2637.4,2638.8,43,34043520.0,0.0,13624,2638.8,0
1729045920000,2638.4,2639.4,2637.4,2638.2000000000003,28,22161360.0,0.0,13636,2638.8,0
1729045980000,2637.8,2640.4,2637.2000000000003,2640.4,24,18997920.000000004,0.0,13637,2638.2000000000003,0
1729046040000,2640.6000000000004,2646.6000000000004,2640.6000000000004,2646.2000000000003,56,44421540.00000001,0.0,13650,2640.4000000000005,0
1729046100000,2646.2000000000003,2647.2000000000003,2644.4,2646.2000000000003,71,56360160.00000001,0.0,13680,2646.2000000000003,0
1729046160000,2646.2,2646.2,2643.0,2643.6,25,19834560.0,0.0,13686,2646.2,0
1729046220000,2644.2,2646.8,2642.0,2645.0,31,24590160.0,0.0,13697,2643.6,0
1729046280000,2646.0,2646.2,2644.0,2645.2,15,11904540.0,0.0,13705,2645.0,0
1729046340000,2646.0,2650.6,2646.0,2648.0,48,38145240.00000001,0.0,13718,2645.2,0
1729046400000,2649.0,2653.4,2648.0,2653.4,56,44542980.00000001,0.0,13744,2648.0,0
1729046460000,2653.6000000000004,2656.6000000000004,2652.6000000000004,2653.0000000000005,50,39820500.0,0.0,13759,2653.4000000000005,0
1729046520000,2654.8,2656.0000000000005,2652.2000000000003,2655.0000000000005,41,32649300.000000007,0.0,13765,2653.0000000000005,0
1729046580000,2655.4,2655.4,2652.2000000000003,2652.6000000000004,23,18312420.0,0.0,13769,2655.0000000000005,0
1729046640000,2652.8,2653.6000000000004,2649.2000000000003,2650.6000000000004,31,24658080.0,0.0,13778,2652.6000000000004,0
1729046700000,2650.4,2650.4,2646.8,2646.8,25,19861320.0,0.0,13787,2650.6000000000004,0
1729046760000,2647.8,2650.2000000000003,2647.4,2648.8,18,14303640.0,0.0,13799,2646.8,0
1729046820000,2649.0,2651.2,2649.0,2651.2,11,8745780.0,0.0,13800,2648.8,0
1729046880000,2651.2000000000003,2656.8,2651.2000000000003,2655.0000000000005,38,30265920.0,0.0,13804,2651.2000000000003,0
1729046940000,2656.2000000000003,2659.6000000000004,2656.2000000000003,2657.4,29,23127600.0,0.0,13801,2655.0000000000005,0
1729047000000,2658.0000000000005,2658.6000000000004,2655.6000000000004,2657.4000000000005,20,15939900.0,0.0,13806,2657.4000000000005,0
1729047060000,2658.0,2661.0,2658.0,2660.4,30,23937480.0,0.0,13813,2657.4,0
1729047120000,2659.4,2661.6,2657.4,2658.4,58,46273500.00000001,0.0,13830,2660.4,0
1729047180000,2659.6000000000004,2659.6000000000004,2653.6000000000004,2659.0000000000005,44,35063820.0,0.0,13853,2658.4000000000005,0
1729047240000,2659.2000000000003,2661.6000000000004,2657.6000000000004,2661.0000000000005,74,59057580.0,0.0,13865,2659.0000000000005,0
1729047300000,2661.0,2662.0,2658.8,2661.0,35,27933600.0,0.0,13873,2661.0,0
1729047360000,2661.8,2663.6000000000004,2661.8,2663.0,40,31953840.0,0.0,13888,2661.0,0
1729047420000,2662.4,2664.2,2661.0,2661.0,33,26362680.000000004,0.0,13897,2663.0,0
1729047480000,2660.8,2661.6,2657.4,2659.2000000000003,40,31917060.0,0.0,13907,2661.0,0
1729047540000,2660.4,2664.0000000000005,2660.2000000000003,2660.6000000000004,56,44719320.0,0.0,13932,2659.2000000000003,0
1729047600000,2661.6000000000004,2663.4,2660.8,2663.0,18,14376240.0,0.0,13939,2660.6000000000004,0
1729047660000,2663.0,2664.0,2661.4,2661.8,28,22371060.000000004,0.0,13950,2663.0,0
1729047720000,2662.8,2663.0000000000005,2660.6000000000004,2660.8,22,17567220.0,0.0,13955,2661.8,0
1729047780000,2661.2,2661.4,2656.0,2656.8,41,32696640.000000004,0.0,13969,2660.8,0
1729047840000,2658.0,2661.6000000000004,2657.8,2661.6000000000004,48,38296860.00000001,0.0,13983,2656.8,0
1729047900000,2662.2000000000003,2663.4,2660.2000000000003,2660.8,34,27147900.000000004,0.0,14004,2661.6000000000004,0
1729047960000,2660.8,2668.6000000000004,2660.8,2667.0,139,111177540.00000001,0.0,14062,2660.8,0
1729048020000,2667.0000000000005,2670.6000000000004,2666.6000000000004,2670.2000000000003,82,65646180.00000001,0.0,14096,2667.0000000000005,0
1729048080000,2670.2000000000003,2675.8,2670.2000000000003,2674.4,128,102657060.00000001,0.0,14124,2670.2000000000003,0
1729048140000,2673.2000000000003,2674.2000000000003,2672.2000000000003,2672.4,70,56136660.0,0.0,14155,2674.4,0
1729048200000,2672.8,2678.6000000000004,2672.8,2678.6000000000004,158,126868740.0,0.0,14232,2672.4,0
1729048260000,2678.0,2679.6,2676.0,2679.6,101,81144900.00000001,0.0,14299,2678.6,0
1729048320000,2679.6000000000004,2683.8,2678.8,2683.8,124,99756900.0,0.0,14369,2679.6000000000004,0
1729048380000,2683.8,2683.8,2678.8,2679.2000000000003,62,49876680.0,0.0,14385,2683.8,0
1729048440000,2679.2,2679.6,2674.0,2674.2,57,45760740.0,0.0,14400,2679.2,0
1729048500000,2674.2,2680.6,2674.0,2679.0,101,81152640.0,0.0,14456,2674.2,0
1729048560000,2680.2000000000003,2680.2000000000003,2672.2000000000003,2672.2000000000003,55,44143140.0,0.0,14470,2679.0000000000005,0
1729048620000,2671.8,2672.8,2669.4,2669.4,53,42472260.0,0.0,14484,2672.2000000000003,0
1729048680000,2669.2000000000003,2673.2000000000003,2668.2000000000003,2672.0000000000005,41,32841240.000000004,0.0,14499,2669.4,0
1729048740000,2672.0,2672.0,2667.8,2668.2000000000003,36,28828380.000000004,0.0,14517,2672.0,0
1729048800000,2667.8,2667.8,2663.8,2664.8,60,47989800.0,0.0,14548,2668.2000000000003,0
1729048860000,2665.2000000000003,2669.0000000000005,2665.2000000000003,2669.0000000000005,60,48008820.0,0.0,14562,2664.8,0
1729048920000,2670.0,2671.0,2666.8,2669.4,30,24025260.0,0.0,14565,2669.0,0
1729048980000,2669.4000000000005,2669.4000000000005,2665.6000000000004,2666.2000000000003,52,41599320.0,0.0,14588,2669.4000000000005,0
1729049040000,2668.0,2670.8,2667.0,2668.4,72,57655320.00000001,0.0,14609,2666.2,0
1729049100000,2669.0,2669.0,2666.4,2667.4,22,17606340.000000004,0.0,14612,2668.4,0
1729049160000,2666.0000000000005,2666.0000000000005,2662.2000000000003,2662.2000000000003,49,39155820.0,0.0,14630,2667.4,0
1729049220000,2662.2000000000003,2663.4000000000005,2661.6000000000004,2661.8,23,18368280.000000004,0.0,14640,2662.2000000000003,0
1729049280000,2661.2000000000003,2663.2000000000003,2660.6000000000004,2662.4000000000005,19,15172800.000000002,0.0,14640,2661.8,0
1729049340000,2661.8,2662.6,2661.0,2662.6,13,10380720.0,0.0,14648,2662.4,0
1729049400000,2662.4,2662.4,2657.8,2657.8,63,50262840.00000001,0.0,14666,2662.6000000000004,0
1729054860000,2662.8,2675.0,2662.8,2669.4,235,188207160.0,0.0,14771,2657.8,0
1729054920000,2669.0,2672.0,2665.0,2667.8,106,84845700.00000001,0.0,14809,2669.4,0
1729054980000,2667.6000000000004,2670.2000000000003,2665.8,2667.2000000000003,75,60023280.0,0.0,14861,2667.8,0
1729055040000,2666.0,2669.8,2666.0,2669.6,73,58432800.0,0.0,14917,2667.2,0
1729055100000,2669.0,2669.4,2667.8,2667.8,32,25618020.000000004,0.0,14939,2669.6000000000004,0
1729055160000,2667.8,2667.8,2663.0,2664.8,40,31978560.0,0.0,14959,2667.8,0
1729055220000,2664.8,2667.4000000000005,2663.6000000000004,2666.4000000000005,34,27185700.0,0.0,14979,2664.8,0
1729055280000,2665.6000000000004,2665.6000000000004,2661.8,2662.8,23,18373860.000000004,0.0,14994,2666.4,0
1729055340000,2662.4,2662.4,2658.0,2658.6,36,28722840.0,0.0,15011,2662.8,0
1729055400000,2658.6,2658.6,2657.4,2657.6,36,28707480.0,0.0,15036,2658.6,0
1729055460000,2657.2000000000003,2658.4,2656.8,2658.4,22,17538360.000000004,0.0,15047,2657.6000000000004,0
1729055520000,2658.6000000000004,2659.2000000000003,2656.6000000000004,2658.6000000000004,34,27113220.000000004,0.0,15064,2658.4000000000005,0
1729055580000,2659.4,2661.8,2658.4,2659.8,49,39095640.00000001,0.0,15091,2658.6,0
1729055640000,2659.8,2660.8,2658.0,2658.0,10,7977960.0,0.0,15092,2659.8,0
1729055700000,2658.4,2658.4,2656.2000000000003,2657.6000000000004,38,30292260.000000004,0.0,15119,2658.0000000000005,0
1729055760000,2657.6,2659.2,2657.0,2659.2,16,12756720.0,0.0,15128,2657.6,0
1729055820000,2658.0000000000005,2659.0000000000005,2657.2000000000003,2659.0000000000005,10,7974000.0,0.0,15135,2659.2000000000003,0
1729055880000,2657.8,2657.8,2655.0,2655.0,32,25501080.0,0.0,15150,2659.0,0
1729055940000,2655.8,2656.8,2655.2000000000003,2656.0000000000005,32,25496160.0,0.0,15170,2655.0000000000005,0
1729056000000,2656.0,2657.0,2654.8,2657.0,43,34255319.99999999,0.0,15197,2656.0,0
1729056060000,2655.6,2656.2000000000003,2654.4,2654.8,46,36642840.00000001,0.0,15219,2657.0,0
1729056120000,2654.8,2654.8,2650.0,2650.2,96,76377900.00000001,0.0,15233,2654.8,0
1729056180000,2650.8,2652.2000000000003,2650.6000000000004,2651.6000000000004,77,61252140.00000001,0.0,15273,2650.2000000000003,0
1729056240000,2651.4,2651.4,2648.8,2650.8,48,38161560.00000001,0.0,15292,2651.6000000000004,0
1729056300000,2650.8,2653.0000000000005,2649.6000000000004,2652.4000000000005,35,27844020.0,0.0,15305,2650.8,0
1729056360000,2653.2000000000003,2653.6000000000004,2649.2000000000003,2649.2000000000003,52,41371740.00000001,0.0,15336,2652.4,0
1729056420000,2649.2000000000003,2651.2000000000003,2649.2000000000003,2651.2000000000003,27,21469800.0,0.0,15347,2649.2000000000003,0
1729056480000,2651.0,2652.2000000000003,2650.4,2651.2000000000003,20,15908520.0,0.0,15355,2651.2000000000003,0
1729056540000,2651.8,2654.0000000000005,2650.2000000000003,2652.0000000000005,30,23869200.0,0.0,15367,2651.2000000000003,0
1729056600000,2652.0,2655.0,2652.0,2655.0,22,17516280.000000004,0.0,15378,2652.0,0
1729056660000,2655.0,2655.0,2653.4,2653.8,23,18312960.0,0.0,15384,2655.0,0
1729056720000,2653.4,2654.0,2649.4,2649.4,64,50928600.0,0.0,15436,2653.8,0
1729056780000,2649.0,2649.4,2644.4,2644.8,85,67483080.0,0.0,15474,2649.4,0
1729056840000,2644.6,2646.0,2644.0,2644.8,52,41262720.0,0.0,15507,2644.8,0
1729056900000,2645.2000000000003,2649.0000000000005,2645.2000000000003,2648.6000000000004,100,79427580.0,0.0,15525,2644.8,0
1729056960000,2648.2000000000003,2648.2000000000003,2646.2000000000003,2646.6000000000004,48,38118300.00000001,0.0,15558,2648.6000000000004,0
1729057020000,2646.8,2649.0,2646.8,2648.4,95,75474840.0,0.0,15630,2646.6000000000004,0
1729057080000,2647.2000000000003,2648.0,2644.8,2645.4,26,20638800.0,0.0,15637,2648.4,0
1729057140000,2646.4,2649.4,2646.2000000000003,2648.4,116,92150460.00000001,0.0,15730,2645.4,0
1729057200000,2647.8,2648.4,2647.8,2648.4,22,17477340.000000004,0.0,15737,2648.4,0
1729057260000,2648.2000000000003,2648.4,2646.8,2648.2000000000003,21,16680240.000000002,0.0,15748,2648.4,0
1729057320000,2648.6000000000004,2653.8,2648.6000000000004,2651.8,122,97064400.00000001,0.0,15774,2648.2000000000003,0
1729057380000,2651.4,2653.8,2651.4,2653.0,25,19897320.0,0.0,15787,2651.8,0
1729057440000,2653.0000000000005,2653.0000000000005,2649.2000000000003,2651.6000000000004,40,31816920.0,0.0,15812,2653.0000000000005,0
1729057500000,2650.0,2653.0,2650.0,2652.8,22,17499720.0,0.0,15820,2651.6,0
1729057560000,2653.4,2653.4,2651.2000000000003,2651.6000000000004,8,6365520.0,0.0,15825,2652.8,0
1729057620000,2652.0,2655.0,2651.8,2655.0,17,13533300.0,0.0,15835,2651.6000000000004,0
1729057680000,2654.8,2658.0,2654.8,2655.2000000000003,91,72533520.0,0.0,15876,2655.0,0
1729057740000,2655.0000000000005,2655.6000000000004,2652.2000000000003,2653.0000000000005,30,23884380.0,0.0,15895,2655.2000000000003,0
1729057800000,2652.0,2652.0,2649.4,2649.8,39,31011720.0,0.0,15908,2653.0,0
1729057860000,2649.0,2652.0,2649.0,2651.4,36,28629780.0,0.0,15930,2649.8,0
1729057920000,2651.4000000000005,2651.4000000000005,2646.6000000000004,2646.6000000000004,40,31792980.0,0.0,15952,2651.4000000000005,0
1729057980000,2647.2000000000003,2649.0000000000005,2647.2000000000003,2648.8,33,26215200.000000004,0.0,15956,2646.6000000000004,0
1729058040000,2648.8,2649.0,2647.4,2648.4,27,21450180.000000004,0.0,15963,2648.8,0
1729058100000,2648.6,2650.6,2648.4,2650.6,28,22257480.000000004,0.0,15978,2648.4,0
1729058160000,2651.0,2655.0,2651.0,2652.2,95,75623280.0,0.0,16037,2650.6,0
1729058220000,2652.8,2654.2000000000003,2652.4,2652.6,32,25469460.000000004,0.0,16053,2652.2000000000003,0
1729058280000,2653.0000000000005,2655.4000000000005,2652.6000000000004,2654.0000000000005,31,24681780.000000004,0.0,16076,2652.6000000000004,0
1729058340000,2655.0,2655.0,2653.8,2653.8,10,7963020.0,0.0,16083,2654.0,0
1729058400000,2653.8,2653.8,2652.4,2653.0,17,13531560.000000002,0.0,16091,2653.8,0
1729058460000,2653.0000000000005,2653.2000000000003,2650.2000000000003,2652.0000000000005,15,11935560.0,0.0,16098,2653.0000000000005,0
1729058520000,2651.6000000000004,2651.6000000000004,2649.8,2649.8,22,17491380.0,0.0,16101,2652.0,0
1729058580000,2650.0000000000005,2650.0000000000005,2647.2000000000003,2648.2000000000003,19,15097620.0,0.0,16109,2649.8,0
1729058640000,2644.2000000000003,2648.6000000000004,2644.2000000000003,2647.8,58,46061760.00000001,0.0,16140,2648.2000000000003,0
1729058700000,2646.0,2647.8,2644.8,2644.8,36,28581240.000000004,0.0,16159,2647.8,0
1729058760000,2645.0,2647.2,2645.0,2646.4,42,33339660.0,0.0,16164,2644.8,0
1729058820000,2646.4,2647.2000000000003,2644.2000000000003,2646.2000000000003,67,53176260.0,0.0,16182,2646.4,0
1729058880000,2646.4,2646.4,2642.4,2642.4,45,35688480.0,0.0,16180,2646.2000000000003,0
1729058940000,2642.6000000000004,2643.6000000000004,2641.8,2642.0,36,28538640.0,0.0,16194,2642.4,0
1729059000000,2643.0,2645.2000000000003,2642.8,2644.8,45,35694900.0,0.0,16220,2642.0,0
1729059060000,2644.2,2646.0,2644.0,2644.8,22,17455800.0,0.0,16229,2644.8,0
1729059120000,2644.8,2644.8,2642.0,2642.8,32,25377000.000000004,0.0,16248,2644.8,0
1729059180000,2642.4,2644.8,2641.4,2643.2000000000003,39,30921000.000000004,0.0,16262,2642.8,0
1729059240000,2642.8,2644.6000000000004,2642.8,2644.4,17,13483980.000000002,0.0,16275,2643.2000000000003,0
1729059300000,2644.0,2644.4,2643.0,2643.2,33,26170980.000000004,0.0,16285,2644.4,0
1729059360000,2643.2000000000003,2649.0000000000005,2643.2000000000003,2649.0000000000005,41,32543100.000000004,0.0,16301,2643.2000000000003,0
1729059420000,2649.0,2650.2,2648.0,2650.0,32,25431420.0,0.0,16324,2649.0,0
1729059480000,2649.4,2649.4,2646.8,2646.8,16,12709500.0,0.0,16330,2650.0,0
1729059540000,2647.4,2649.0,2647.4,2647.6,15,11916000.0,0.0,16337,2646.8,0
1729059600000,2646.8,2646.8,2642.0,2642.0,42,33315780.0,0.0,16353,2647.6,0
1729059660000,2642.0,2643.8,2640.4,2640.8,52,41210040.0,0.0,16369,2642.0,0
1729059720000,2640.6000000000004,2645.6000000000004,2640.6000000000004,2645.4000000000005,25,19829160.0,0.0,16381,2640.8,0
1729059780000,2644.4,2645.4,2642.8,2643.0,17,13483500.000000002,0.0,16386,2645.4,0
1729059840000,2643.4,2647.4,2643.4,2646.4,33,26187060.0,0.0,16403,2643.0,0
1729059900000,2645.8,2648.0000000000005,2645.2000000000003,2647.0000000000005,31,24615660.0,0.0,16428,2646.4,0
1729059960000,2647.8,2649.6000000000004,2646.2000000000003,2649.6000000000004,29,23039220.000000004,0.0,16444,2647.0000000000005,0
1729060020000,2649.8,2653.8,2649.6000000000004,2652.6000000000004,89,70811460.00000001,0.0,16501,2649.6000000000004,0
1729060080000,2652.4,2652.4,2650.0,2652.0,25,19883340.0,0.0,16506,2652.6,0
1729060140000,2651.8,2653.4,2651.8,2652.8,47,37406820.0,0.0,16535,2652.0,0
1729060200000,2653.4,2658.2000000000003,2653.4,2658.2000000000003,79,62941800.00000001,0.0,16588,2652.8,0
1729060260000,2657.6,2659.0,2655.4,2655.8,87,69362100.0,0.0,16633,2658.2000000000003,0
1729060320000,2655.2000000000003,2655.4,2652.2000000000003,2653.4,43,34234979.99999999,0.0,16659,2655.8,0
1729060380000,2652.4,2653.0,2649.4,2650.0,33,26253540.000000004,0.0,16674,2653.4,0
1729060440000,2650.8,2652.2000000000003,2649.6000000000004,2651.2000000000003,25,19880160.0,0.0,16678,2650.0000000000005,0
1729060500000,2650.6,2651.4,2649.4,2650.8,40,31805820.0,0.0,16701,2651.2000000000003,0
1729060560000,2651.0,2655.0,2650.8,2655.0,42,33433140.000000004,0.0,16724,2650.8,0
1729060620000,2655.0,2655.0,2653.0,2655.0,16,12740160.0,0.0,16730,2655.0,0
1729060680000,2655.0,2662.6,2655.0,2661.8,102,81402720.00000001,0.0,16773,2655.0,0
1729060740000,2662.2000000000003,2662.8,2659.6000000000004,2659.6000000000004,77,61470540.0,0.0,16828,2661.8,0
1729060800000,2659.6,2660.4,2657.0,2660.4,75,59824320.0,0.0,16846,2659.6,0
1729060860000,2661.2,2661.4,2658.0,2658.4,21,16757040.000000002,0.0,16862,2660.4,0
1729060920000,2658.6000000000004,2659.4,2657.8,2659.4,30,23925660.0,0.0,16880,2658.4,0
1729060980000,2659.8,2663.0,2658.8,2663.0,60,47913540.0,0.0,16926,2659.4,0
1729061040000,2663.0,2664.2000000000003,2659.4,2663.0,45,35943540.0,0.0,16951,2663.0,0
1729061100000,2663.4,2664.0,2661.0,2661.4,22,17572200.0,0.0,16965,2663.0,0
1729061160000,2662.6,2663.0,2661.0,2662.8,17,13576380.000000002,0.0,16975,2661.4,0
1729061220000,2662.8,2665.8,2662.8,2665.8,45,35972640.0,0.0,16990,2662.8,0
1729061280000,2666.0000000000005,2666.4,2660.2000000000003,2660.8,79,63129480.0,0.0,17038,2665.8,0
1729061340000,2661.0,2661.0,2658.4,2659.0,42,33509160.000000004,0.0,17059,2660.8,0
1729061400000,2659.4000000000005,2659.4000000000005,2654.6000000000004,2655.8,54,43038900.00000001,0.0,17083,2659.0000000000005,0
1729061460000,2655.0000000000005,2659.0000000000005,2654.2000000000003,2658.0000000000005,42,33486840.0,0.0,17108,2655.8,0
1729061520000,2657.4,2657.4,2655.8,2656.0,27,21519300.000000004,0.0,17122,2658.0,0
1729061580000,2656.0,2657.6,2656.0,2656.0,27,21518520.000000004,0.0,17136,2656.0,0
1729061640000,2655.8,2655.8,2653.6000000000004,2653.6000000000004,24,19113540.000000004,0.0,17145,2656.0000000000005,0
1729061700000,2653.6000000000004,2654.0,2651.8,2651.8,52,41387760.00000001,0.0,17177,2653.6000000000004,0
1729061760000,2651.6,2652.2000000000003,2650.4,2650.4,57,45335880.00000001,0.0,17193,2651.8,0
1729061820000,2651.2000000000003,2651.8,2650.4,2651.8,87,69189060.0,0.0,17225,2650.4,0
1729061880000,2652.0,2653.8,2651.4,2653.8,62,49334160.0,0.0,17252,2651.8,0
1729061940000,2654.0,2654.0,2652.0,2652.0,67,53327700.0,0.0,17264,2653.8,0
1729062000000,2651.6,2653.8,2651.4,2653.8,64,50926740.0,2652.6000000000004,17291,2652.0,0
1729128600000,2666.0,2666.0,2666.0,2666.0,32,25593600.0,0.0,17290,2653.8,0
1729128660000,2668.0,2675.0,2660.0,2660.0,450,360165600.0,0.0,17234,2666.0,0
1729128720000,2660.0000000000005,2666.0000000000005,2658.2000000000003,2661.6000000000004,280,223566000.0,0.0,17134,2660.0000000000005,0
1729128780000,2662.8,2664.0,2659.0,2660.8,230,183614100.0,0.0,17039,2661.6,0
1729128840000,2660.8,2660.8,2656.6000000000004,2656.6000000000004,102,81369060.00000001,0.0,17027,2660.8,0
1729128900000,2657.8,2660.6,2657.0,2658.8,87,69391860.0,0.0,16992,2656.6,0
1729128960000,2658.8,2659.2,2655.0,2656.6,146,116389140.00000001,0.0,16990,2658.8,0
1729129020000,2656.8,2663.8,2656.8,2661.4,132,105376740.0,0.0,16977,2656.6000000000004,0
1729129080000,2662.8,2666.0,2661.4,2663.2000000000003,101,80716020.00000001,0.0,16962,2661.4,0
1729129140000,2661.6,2665.8,2660.0,2663.4,82,65515080.000000015,0.0,16939,2663.2,0
1729129200000,2663.6,2664.8,2662.0,2662.0,64,51132960.00000001,0.0,16933,2663.4,0
1729129260000,2660.6,2663.2,2660.0,2661.6,127,101416500.0,0.0,16930,2662.0,0
1729129320000,2661.0000000000005,2669.4000000000005,2660.6000000000004,2668.0000000000005,148,118352160.0,0.0,16880,2661.6000000000004,0
1729129380000,2667.4,2672.0,2667.4,2669.4,118,94514340.0,0.0,16822,2668.0,0
1729129440000,2669.8,2669.8,2667.0,2668.0,106,84865500.00000001,0.0,16802,2669.4,0
1729129500000,2668.0,2675.0,2668.0,2672.0,136,109024680.00000001,0.0,16771,2668.0,0
1729129560000,2671.0000000000005,2672.0000000000005,2665.2000000000003,2667.2000000000003,217,173755020.0,0.0,16679,2672.0000000000005,0
1729129620000,2666.4,2666.8,2663.2000000000003,2665.0000000000005,120,95938020.0,0.0,16648,2667.2000000000003,0
1729129680000,2665.0,2666.8,2664.4,2665.2000000000003,61,48782460.00000001,0.0,16639,2665.0,0
1729129740000,2665.2000000000003,2665.8,2663.4,2665.4,61,48757800.0,0.0,16630,2665.2000000000003,0
1729129800000,2666.0,2669.8,2665.8,2669.2000000000003,88,70433820.0,0.0,16615,2665.4,0
1729129860000,2669.2000000000003,2669.2000000000003,2663.4,2664.6,115,91981740.0,0.0,16592,2669.2000000000003,0
1729129920000,2664.4,2665.8,2663.4,2664.4,48,38364900.00000001,0.0,16579,2664.6,0
1729129980000,2665.4,2667.6000000000004,2664.8,2667.0,65,51988620.0,0.0,16565,2664.4,0
1729130040000,2666.6,2670.2,2666.0,2667.8,112,89649420.0,0.0,16542,2667.0,0
1729130100000,2668.0000000000005,2668.6000000000004,2664.2000000000003,2667.4,86,68793300.0,0.0,16532,2667.8,0
1729130160000,2666.0,2667.0,2665.0,2665.0,54,43188480.00000001,0.0,16553,2667.4,0
1729130220000,2665.6000000000004,2667.6000000000004,2664.8,2666.2000000000003,56,44790900.0,0.0,16565,2665.0,0
1729130280000,2665.8,2667.4,2665.0,2666.0,53,42389460.00000001,0.0,16584,2666.2,0
1729130340000,2666.2000000000003,2671.0,2665.8,2671.0,96,76869240.00000001,0.0,16614,2666.0,0
1729130400000,2671.2,2674.8,2671.0,2673.4,112,89815860.00000001,0.0,16639,2671.0,0
1729130460000,2673.4,2674.2,2667.0,2670.2,150,120180360.0,0.0,16668,2673.4,0
1729130520000,2669.8,2675.0000000000005,2669.2000000000003,2675.0000000000005,158,126636180.0,0.0,16695,2670.2000000000003,0
1729130580000,2675.0,2678.0,2673.4,2676.0,189,151708380.00000003,0.0,16722,2675.0,0
1729130640000,2675.8,2680.8,2675.4,2680.2000000000003,161,129362280.0,0.0,16791,2676.0,0
1729130700000,2681.0000000000005,2684.6000000000004,2680.2000000000003,2683.0000000000005,255,205215300.0,0.0,16801,2680.2000000000003,0
1729130760000,2683.0000000000005,2683.2000000000003,2680.2000000000003,2681.0000000000005,123,98947260.00000001,0.0,16838,2683.0000000000005,0
1729130820000,2680.6000000000004,2681.2000000000003,2676.6000000000004,2678.8,120,96417060.0,0.0,16854,2681.0000000000005,0
1729130880000,2678.2,2679.2,2676.0,2678.0,125,100409520.0,0.0,16850,2678.8,0
1729130940000,2677.8,2684.0,2677.8,2684.0,145,116644140.0,0.0,16866,2678.0,0
1729131000000,2683.6,2684.4,2677.0,2677.2,157,126234960.00000001,0.0,16881,2684.0,0
1729131060000,2677.2000000000003,2677.6000000000004,2670.2000000000003,2670.2000000000003,163,130718640.0,0.0,16879,2677.2000000000003,0
1729131120000,2671.4000000000005,2672.2000000000003,2668.6000000000004,2668.6000000000004,145,116168220.0,0.0,16900,2670.2000000000003,0
1729131180000,2667.8,2667.8,2662.0,2662.2,193,154326720.00000003,0.0,16944,2668.6,0
1729131240000,2661.6,2665.2,2661.0,2665.0,216,172594140.0,0.0,16984,2662.2,0
1729131300000,2665.2,2665.2,2658.0,2658.0,144,114970440.0,0.0,16987,2665.0,0
1729131360000,2657.6000000000004,2660.6000000000004,2657.6000000000004,2659.6000000000004,106,84553920.0,0.0,16986,2658.0000000000005,0
1729131420000,2659.4,2662.0,2657.8,2661.0,121,96541260.00000001,0.0,17018,2659.6000000000004,0
1729131480000,2661.4,2662.0,2659.8,2660.8,77,61464660.00000001,0.0,17027,2661.0,0
1729131540000,2660.4,2660.8,2654.4,2654.4,108,86085060.0,0.0,17052,2660.8,0
1729131600000,2654.0,2656.2,2653.0,2656.0,135,107505720.0,0.0,17091,2654.4,0
1729131660000,2656.2000000000003,2657.8,2654.2000000000003,2657.4,72,57366540.0,0.0,17112,2656.0000000000005,0
1729131720000,2657.4,2657.4,2655.2000000000003,2657.4,53,42229260.0,0.0,17133,2657.4,0
1729131780000,2657.0,2659.8,2656.8,2658.4,116,92510520.0,0.0,17147,2657.4,0
1729131840000,2659.0000000000005,2660.0000000000005,2657.2000000000003,2658.4,80,63815220.0,0.0,17167,2658.4,0
1729131900000,2658.6000000000004,2659.0000000000005,2654.2000000000003,2654.2000000000003,96,76509660.00000001,0.0,17187,2658.4,0
1729131960000,2653.8,2654.4,2651.2000000000003,2652.4,92,73227060.00000001,0.0,17214,2654.2000000000003,0
1729132020000,2652.4000000000005,2652.4000000000005,2646.6000000000004,2646.6000000000004,131,104136240.00000001,0.0,17257,2652.4000000000005,0
1729132080000,2646.0,2647.0,2644.0,2644.4,165,130919460.0,0.0,17291,2646.6,0
1729132140000,2645.4,2649.8,2644.8,2648.2000000000003,116,92122560.00000001,0.0,17314,2644.4,0
1729132200000,2648.0000000000005,2649.0000000000005,2646.2000000000003,2649.0000000000005,108,85776120.0,0.0,17349,2648.2000000000003,0
1729132260000,2649.8,2650.6000000000004,2646.6000000000004,2648.2000000000003,91,72304200.0,0.0,17354,2649.0000000000005,0
1729132320000,2649.0000000000005,2650.0000000000005,2647.6000000000004,2648.4000000000005,70,55628040.0,0.0,17369,2648.2000000000003,0
1729132380000,2649.0,2650.2000000000003,2645.4,2645.4,120,95294880.0,0.0,17394,2648.4,0
1729132440000,2646.0,2647.2,2642.0,2643.8,148,117419880.00000001,0.0,17446,2645.4,0
1729132500000,2643.6,2647.6,2643.4,2647.0,101,80182800.00000001,0.0,17474,2643.8,0
1729132560000,2647.0,2648.6,2646.4,2647.6,93,73869540.00000001,0.0,17518,2647.0,0
1729132620000,2647.8,2649.0,2645.4,2646.8,116,92125980.0,0.0,17574,2647.6,0
1729132680000,2646.8,2648.2000000000003,2645.8,2645.8,53,42086160.0,0.0,17599,2646.8,0
1729132740000,2645.8,2646.0,2640.4,2640.4,90,71368680.0,0.0,17633,2645.8,0
1729132800000,2640.4000000000005,2640.4000000000005,2633.6000000000004,2633.8,236,186709800.00000003,0.0,17709,2640.4000000000005,0
1729132860000,2633.6,2637.4,2631.4,2634.8,354,279701939.99999994,0.0,17727,2633.8,0
1729132920000,2634.8,2637.8,2634.6000000000004,2636.6000000000004,113,89363700.00000001,0.0,17779,2634.8,0
1729132980000,2636.6000000000004,2637.0000000000005,2634.6000000000004,2636.4000000000005,69,54566220.0,0.0,17809,2636.6000000000004,0
1729133040000,2635.4,2637.8,2634.0,2637.0,85,67217040.0,0.0,17839,2636.4,0
1729133100000,2636.8,2639.6000000000004,2636.8,2639.6000000000004,97,76780440.00000001,0.0,17877,2637.0,0
1729133160000,2640.0000000000005,2641.0000000000005,2637.6000000000004,2639.8,126,99775020.00000001,0.0,17940,2639.6000000000004,0
1729133220000,2640.0,2643.0,2639.8,2641.8,126,99841380.00000001,0.0,17989,2639.8,0
1729133280000,2641.6000000000004,2644.2000000000003,2640.6000000000004,2642.0000000000005,58,45978720.00000001,0.0,18011,2641.8,0
1729133340000,2641.2000000000003,2643.8,2640.8,2642.8,55,43599060.0,0.0,18041,2642.0,0
1729133400000,2642.6,2643.6,2641.4,2642.6,32,25366140.0,0.0,18048,2642.8,0
1729133460000,2643.2000000000003,2643.2000000000003,2640.4,2640.8,68,53895360.00000001,0.0,18070,2642.6,0
1729133520000,2641.0,2645.0,2639.4,2645.0,83,65787300.00000001,0.0,18093,2640.8,0
1729133580000,2645.6000000000004,2647.2000000000003,2644.6000000000004,2647.0000000000005,75,59536380.0,0.0,18136,2645.0000000000005,0
1729133640000,2647.2000000000003,2647.2000000000003,2644.4,2644.4,59,46833720.0,0.0,18163,2647.0,0
1729133700000,2645.2000000000003,2646.0000000000005,2642.6000000000004,2642.6000000000004,54,42832020.00000001,0.0,18189,2644.4000000000005,0
1729133760000,2643.0,2645.8,2643.0,2645.4,56,44429700.0,0.0,18216,2642.6,0
1729133820000,2645.8,2647.8,2645.6000000000004,2646.8,64,50819220.0,0.0,18237,2645.4000000000005,0
1729133880000,2646.6,2647.0,2644.4,2644.4,33,26194920.000000004,0.0,18256,2646.8,0
1729133940000,2644.0000000000005,2644.4,2641.2000000000003,2643.6000000000004,52,41230560.00000001,0.0,18282,2644.4,0
1729134000000,2643.6000000000004,2649.4000000000005,2643.6000000000004,2649.4000000000005,68,53990880.00000001,0.0,18303,2643.6000000000004,0
1729134060000,2649.0000000000005,2649.0000000000005,2646.2000000000003,2646.2000000000003,43,34149960.0,0.0,18330,2649.4,0
1729134120000,2646.2000000000003,2647.4000000000005,2645.6000000000004,2646.8,21,16671720.0,0.0,18338,2646.2000000000003,0
1729134180000,2646.4,2648.6,2645.0,2648.4,42,33348840.0,0.0,18349,2646.8,0
1729134240000,2647.6000000000004,2648.4,2646.2000000000003,2646.2000000000003,29,23029860.000000004,0.0,18356,2648.4,0
1729134300000,2645.6000000000004,2646.8,2642.2000000000003,2642.8,65,51558720.0,0.0,18374,2646.2000000000003,0
1729134360000,2642.6000000000004,2642.6000000000004,2639.8,2642.0,80,63385860.0,0.0,18407,2642.8,0
1729134420000,2642.0,2645.2000000000003,2641.8,2645.0,55,43616640.0,0.0,18442,2642.0,0
1729134480000,2645.0,2651.0,2645.0,2650.0,116,92169480.0,0.0,18490,2645.0,0
1729134540000,2650.8,2653.2000000000003,2650.2000000000003,2652.8,81,64449840.0,0.0,18517,2650.0000000000005,0
1729134600000,2652.8,2656.4,2652.8,2656.0,95,75660480.0,0.0,18558,2652.8,0
1729134660000,2656.6,2657.0,2652.4,2652.4,91,72466080.0,0.0,18615,2656.0,0
1729134720000,2653.0000000000005,2653.0000000000005,2650.6000000000004,2650.6000000000004,58,46137660.00000001,0.0,18654,2652.4000000000005,0
1729134780000,2651.0,2651.0,2646.8,2647.8,81,64352640.0,0.0,18692,2650.6000000000004,0
1729134840000,2647.8,2647.8,2643.8,2644.2000000000003,84,66660300.0,0.0,18746,2647.8,0
1729134900000,2644.4,2644.6,2639.0,2639.0,74,58649220.0,0.0,18791,2644.2,0
1729134960000,2639.6000000000004,2642.4,2637.8,2638.2000000000003,104,82347120.0,0.0,18851,2639.0,0
1729135020000,2638.2000000000003,2638.4,2636.2000000000003,2638.2000000000003,46,36396600.00000001,0.0,18874,2638.2000000000003,0
1729135080000,2638.8,2639.6,2638.0,2638.6,57,45126120.00000001,0.0,18891,2638.2,0
1729135140000,2638.8,2640.4,2637.0,2637.4,55,43531140.0,0.0,18923,2638.6,0
1729135200000,2637.4,2640.0,2637.0,2639.8,36,28497480.0,0.0,18935,2637.4,0
1729135260000,2639.8,2644.0,2639.8,2640.8,73,57851760.00000001,0.0,18970,2639.8,0
1729135320000,2640.0000000000005,2641.8,2636.6000000000004,2639.4000000000005,54,42747840.00000001,0.0,19004,2640.8,0
1729135380000,2638.6000000000004,2641.8,2637.6000000000004,2640.4000000000005,28,22174920.000000004,0.0,19018,2639.4000000000005,0
1729135440000,2640.2000000000003,2641.0,2638.8,2639.2000000000003,16,12672000.0,0.0,19030,2640.4,0
1729135500000,2639.2000000000003,2640.2000000000003,2639.2000000000003,2640.2000000000003,14,11087520.000000002,0.0,19040,2639.2000000000003,0
1729135560000,2640.8,2641.4,2638.8,2641.4,29,22969440.000000004,0.0,19061,2640.2000000000003,0
1729135620000,2640.8,2645.8,2640.2000000000003,2642.8,84,66602760.0,0.0,19113,2641.4,0
1729135680000,2642.4,2642.8,2641.0,2641.4,40,31698540.0,0.0,19138,2642.8,0
1729135740000,2641.4,2643.8,2641.4,2643.8,31,24571620.0,0.0,19162,2641.4,0
1729135800000,2643.2000000000003,2645.4000000000005,2641.6000000000004,2645.2000000000003,56,44417040.00000001,0.0,19191,2643.8,0
1729141260000,2644.4,2645.6,2640.4,2644.2000000000003,170,134823180.0,0.0,19315,2645.2000000000003,0
1729141320000,2644.2000000000003,2648.0000000000005,2642.2000000000003,2642.8,181,143590740.0,0.0,19355,2644.2000000000003,0
1729141380000,2642.4,2642.4,2639.2000000000003,2640.2000000000003,119,94260420.00000001,0.0,19413,2642.8,0
1729141440000,2640.0,2642.8,2639.4,2640.0,133,105378120.00000001,0.0,19473,2640.2000000000003,0
1729141500000,2640.4,2642.0,2640.0,2640.0,44,34858500.00000001,0.0,19502,2640.0,0
1729141560000,2639.6000000000004,2639.8,2636.8,2638.8,117,92601060.00000001,0.0,19533,2640.0,0
1729141620000,2639.0,2641.0,2639.0,2640.6,46,36435840.00000001,0.0,19565,2638.8,0
1729141680000,2640.6,2640.6,2639.0,2639.2,40,31673340.0,0.0,19599,2640.6,0
1729141740000,2639.8,2645.4,2639.8,2643.4,151,119683320.00000001,0.0,19685,2639.2000000000003,0
1729141800000,2643.2000000000003,2646.2000000000003,2643.2000000000003,2645.2000000000003,80,63480660.0,0.0,19734,2643.4,0
1729141860000,2645.6,2647.2000000000003,2644.4,2645.8,70,55562880.0,0.0,19782,2645.2000000000003,0
1729141920000,2646.4,2646.4,2643.0,2643.0,57,45226260.0,0.0,19829,2645.8,0
1729141980000,2643.0,2643.6,2641.4,2643.0,54,42812820.0,0.0,19874,2643.0,0
1729142040000,2643.0,2647.4,2642.4,2647.4,69,54761460.0,0.0,19919,2643.0,0
1729142100000,2647.4,2648.8,2645.4,2647.8,85,67503780.0,0.0,19963,2647.4,0
1729142160000,2648.0,2648.8,2645.4,2648.4,68,54000660.0,0.0,20013,2647.8,0
1729142220000,2648.6000000000004,2650.4,2647.8,2648.2000000000003,80,63574740.0,0.0,20054,2648.4,0
1729142280000,2647.8,2648.4,2645.2000000000003,2645.8,52,41285580.00000001,0.0,20085,2648.2000000000003,0
1729142340000,2645.8,2647.2,2645.0,2646.2,39,30954360.000000004,0.0,20106,2645.8,0
1729142400000,2646.2000000000003,2648.0000000000005,2645.6000000000004,2648.0000000000005,35,27790020.0,0.0,20119,2646.2000000000003,0
1729142460000,2648.0,2651.2,2647.0,2651.2,107,85038300.00000001,0.0,20156,2648.0,0
1729142520000,2651.2000000000003,2653.0,2650.8,2652.4,113,89898060.0,0.0,20224,2651.2000000000003,0
1729142580000,2652.4,2652.4,2648.8,2648.8,94,74739900.00000001,0.0,20285,2652.4,0
1729142640000,2649.4,2650.6000000000004,2646.8,2646.8,45,35756460.0,0.0,20311,2648.8,0
1729142700000,2647.6,2647.6,2643.4,2643.4,49,38881620.0,0.0,20338,2646.8,0
1729142760000,2644.4,2645.8,2644.0,2644.6,34,26975820.0,0.0,20355,2643.4,0
1729142820000,2645.8,2646.8,2644.2000000000003,2645.0000000000005,49,38890920.00000001,0.0,20376,2644.6000000000004,0
1729142880000,2644.6000000000004,2644.6000000000004,2641.2000000000003,2642.6000000000004,72,57074700.0,0.0,20411,2645.0000000000005,0
1729142940000,2642.6000000000004,2643.4000000000005,2641.6000000000004,2641.6000000000004,38,30126000.000000004,0.0,20433,2642.6000000000004,0
1729143000000,2642.4,2642.4,2640.2000000000003,2640.2000000000003,47,37246500.0,0.0,20463,2641.6000000000004,0
1729143060000,2640.6000000000004,2642.6000000000004,2639.8,2641.2000000000003,50,39617580.0,0.0,20485,2640.2000000000003,0
1729143120000,2641.4,2642.2,2640.0,2642.2,30,23768820.0,0.0,20505,2641.2,0
1729143180000,2641.6000000000004,2644.0000000000005,2640.6000000000004,2643.0000000000005,36,28537440.0,0.0,20521,2642.2000000000003,0
1729143240000,2643.0,2645.6,2643.0,2643.2,44,34901880.00000001,0.0,20537,2643.0,0
1729143300000,2644.0,2644.2000000000003,2641.8,2643.4,40,31716540.0,0.0,20566,2643.2000000000003,0
1729143360000,2643.8,2644.2000000000003,2642.4,2642.4,66,52335480.00000001,0.0,20603,2643.4,0
1729143420000,2641.8,2644.4,2641.2000000000003,2641.2000000000003,72,57084420.0,0.0,20622,2642.4,0
1729143480000,2641.0,2641.8,2639.8,2641.8,62,49112400.00000001,0.0,20646,2641.2000000000003,0
1729143540000,2642.0,2643.0,2641.4,2642.4,60,47557980.0,0.0,20660,2641.8,0
1729143600000,2643.2000000000003,2644.2000000000003,2640.8,2642.0,74,58657500.0,0.0,20664,2642.4,0
1729143660000,2641.6000000000004,2641.8,2639.6000000000004,2639.8,70,55451580.0,0.0,20671,2642.0000000000005,0
1729143720000,2639.8,2640.8,2637.8,2640.2000000000003,102,80752260.00000001,0.0,20692,2639.8,0
1729143780000,2640.0000000000005,2640.0000000000005,2637.6000000000004,2637.6000000000004,52,41160000.00000001,0.0,20703,2640.2000000000003,0
1729143840000,2637.6000000000004,2637.8,2636.2000000000003,2636.4,52,41138700.0,0.0,20706,2637.6000000000004,0
1729143900000,2636.4,2636.8,2635.0,2636.0,57,45073020.0,0.0,20728,2636.4,0
1729143960000,2636.2000000000003,2638.8,2635.8,2638.8,66,52228500.00000001,0.0,20762,2636.0,0
1729144020000,2638.6,2638.8,2637.0,2637.2,26,20572800.0,0.0,20772,2638.8,0
1729144080000,2638.2000000000003,2638.2000000000003,2636.8,2638.0,42,33229200.0,0.0,20796,2637.2000000000003,0
1729144140000,2637.4,2638.6000000000004,2637.2000000000003,2638.2000000000003,62,49068000.00000001,0.0,20837,2638.0000000000005,0
1729144200000,2638.2000000000003,2638.4,2636.4,2636.4,41,32438760.000000004,0.0,20867,2638.2000000000003,0
1729144260000,2636.8,2637.2,2633.0,2633.6,108,85359960.0,0.0,20915,2636.4,0
1729144320000,2633.2000000000003,2637.4000000000005,2632.6000000000004,2637.4000000000005,104,82187280.00000001,0.0,20982,2633.6000000000004,0
1729144380000,2637.4,2641.4,2637.0,2637.8,168,132983040.0,0.0,21073,2637.4,0
1729144440000,2637.8,2639.0000000000005,2637.6000000000004,2638.8,44,34825200.0,0.0,21108,2637.8,0
1729144500000,2638.6000000000004,2638.6000000000004,2636.2000000000003,2638.0000000000005,59,46684260.00000001,0.0,21138,2638.8,0
1729144560000,2638.6,2641.4,2638.4,2640.6,103,81574680.00000001,0.0,21191,2638.0,0
1729144620000,2640.8,2641.8,2639.8,2640.4,60,47539020.0,0.0,21229,2640.6000000000004,0
1729144680000,2640.8,2642.0000000000005,2638.2000000000003,2640.2000000000003,99,78433740.0,0.0,21286,2640.4,0
1729144740000,2640.4,2641.8,2640.0,2641.0,37,29313420.000000004,0.0,21305,2640.2,0
1729144800000,2640.4,2641.0,2639.0,2639.8,58,45934320.00000001,0.0,21315,2641.0,0
1729144860000,2639.4,2640.0000000000005,2638.2000000000003,2638.2000000000003,52,41168400.0,0.0,21322,2639.8,0
1729144920000,2639.0000000000005,2639.0000000000005,2637.2000000000003,2638.0000000000005,41,32445840.000000004,0.0,21335,2638.2000000000003,0
1729144980000,2638.0000000000005,2638.8,2637.6000000000004,2638.8,20,15829140.0,0.0,21343,2638.0000000000005,0
1729145040000,2638.0,2638.2000000000003,2634.4,2635.8,75,59310360.0,0.0,21371,2638.8,0
1729145100000,2636.2000000000003,2637.2000000000003,2634.4,2636.0,57,45071220.0,0.0,21393,2635.8,0
1729145160000,2635.8,2638.0,2635.8,2637.4,27,21359100.0,0.0,21404,2636.0,0
1729145220000,2636.6,2636.6,2634.4,2635.0,42,33206520.0,0.0,21419,2637.4,0
1729145280000,2635.0,2635.8,2634.8,2635.4,26,20556420.0,0.0,21419,2635.0,0
1729145340000,2634.8,2635.4000000000005,2634.6000000000004,2634.6000000000004,30,23714340.0,0.0,21429,2635.4000000000005,0
1729145400000,2634.8,2635.8,2634.6000000000004,2635.4000000000005,50,39525600.0,0.0,21437,2634.6000000000004,0
1729145460000,2635.4,2635.4,2633.0,2633.2,52,41089860.0,0.0,21452,2635.4,0
1729145520000,2633.0000000000005,2633.0000000000005,2630.2000000000003,2632.6000000000004,123,97116240.0,0.0,21503,2633.2000000000003,0
1729145580000,2632.6,2635.8,2631.0,2635.2,184,145346880.0,0.0,21573,2632.6,0
1729145640000,2634.0,2635.0,2630.4,2630.4,72,56854680.00000001,0.0,21613,2635.2000000000003,0
1729145700000,2630.2000000000003,2630.4,2623.8,2627.2000000000003,317,249898260.00000003,0.0,21742,2630.4,0
1729145760000,2627.2,2628.2,2626.0,2626.8,83,65411220.00000001,0.0,21764,2627.2,0
1729145820000,2626.8,2628.0,2625.0,2627.2,64,50432400.00000001,0.0,21801,2626.8,0
1729145880000,2627.4,2631.6000000000004,2625.2000000000003,2628.8,132,104100180.00000001,0.0,21861,2627.2000000000003,0
1729145940000,2628.8,2629.8,2627.4,2627.4,63,49678920.00000001,0.0,21890,2628.8,0
1729146000000,2627.2000000000003,2628.0000000000005,2621.2000000000003,2622.2000000000003,118,92890140.00000001,0.0,21952,2627.4,0
1729146060000,2622.2000000000003,2624.0000000000005,2620.2000000000003,2622.2000000000003,141,110914560.00000001,0.0,22033,2622.2000000000003,0
1729146120000,2622.6000000000004,2627.2000000000003,2622.6000000000004,2623.4000000000005,153,120475680.0,0.0,22113,2622.2000000000003,0
1729146180000,2623.2,2623.8,2618.0,2618.0,127,99848100.0,0.0,22193,2623.4,0
1729146240000,2618.2000000000003,2619.4,2617.2000000000003,2618.6000000000004,117,91909260.0,0.0,22272,2618.0000000000005,0
1729146300000,2619.2000000000003,2622.2000000000003,2618.8,2620.0,99,77823600.0,0.0,22327,2618.6000000000004,0
1729146360000,2620.0,2620.6,2615.4,2618.4,181,142150200.00000003,0.0,22454,2620.0,0
1729146420000,2618.4,2621.4,2617.0,2621.4,87,68358840.00000001,0.0,22507,2618.4,0
1729146480000,2621.4,2621.4,2617.0,2618.0,86,67557540.0,0.0,22566,2621.4,0
1729146540000,2618.6,2618.6,2614.4,2616.0,127,99664740.00000001,0.0,22643,2618.0,0
1729146600000,2616.6,2620.8,2616.0,2620.8,120,94262940.0,0.0,22739,2616.0,0
1729146660000,2621.0,2625.8,2621.0,2624.2,190,149538120.0,0.0,22847,2620.8,0
1729146720000,2624.6,2625.6,2620.0,2620.4,90,70806060.0,0.0,22909,2624.2,0
1729146780000,2621.2,2621.2,2617.0,2621.0,105,82500600.0,0.0,22963,2620.4,0
1729146840000,2621.2000000000003,2625.2000000000003,2621.2000000000003,2624.6000000000004,96,75563220.00000001,0.0,22998,2621.0000000000005,0
1729146900000,2625.4,2625.4,2620.8,2623.0,75,59022900.0,0.0,23038,2624.6000000000004,0
1729146960000,2621.8,2622.4,2619.8,2619.8,40,31460100.0,0.0,23063,2623.0,0
1729147020000,2619.6,2619.6,2618.0,2618.0,24,18853620.000000004,0.0,23073,2619.8,0
1729147080000,2618.0,2621.4,2618.0,2620.0,60,47166240.0,0.0,23103,2618.0,0
1729147140000,2620.0,2620.8,2619.4,2620.8,51,40090200.00000001,0.0,23109,2620.0,0
1729147200000,2621.0,2622.4,2620.8,2622.4,32,25167900.0,0.0,23120,2620.8,0
1729147260000,2622.8,2625.6000000000004,2622.6000000000004,2625.2000000000003,68,53539080.0,0.0,23148,2622.4000000000005,0
1729147320000,2625.4,2625.4,2621.2000000000003,2622.4,57,44851740.0,0.0,23174,2625.2000000000003,0
1729147380000,2622.0,2622.0,2621.0,2621.4,11,8651040.000000002,0.0,23181,2622.4,0
1729147440000,2621.4,2624.0,2621.4,2624.0,38,29895060.0,0.0,23203,2621.4,0
1729147500000,2623.6000000000004,2623.8,2620.2000000000003,2620.2000000000003,34,26741580.000000004,0.0,23225,2624.0000000000005,0
1729147560000,2620.6000000000004,2621.0000000000005,2618.2000000000003,2618.6000000000004,118,92745300.00000001,0.0,23304,2620.2000000000003,0
1729147620000,2618.2,2618.8,2616.0,2616.0,90,70663080.0,0.0,23341,2618.6,0
1729147680000,2615.8,2615.8,2612.8,2614.2000000000003,138,108245760.00000001,0.0,23396,2616.0,0
1729147740000,2614.6,2614.6,2612.4,2612.8,100,78410520.0,0.0,23455,2614.2000000000003,0
1729147800000,2612.8,2612.8,2611.2000000000003,2611.6000000000004,97,76005300.00000001,0.0,23511,2612.8,0
1729147860000,2612.0,2613.6,2611.4,2612.6,117,91697880.0,0.0,23535,2611.6,0
1729147920000,2612.8,2613.8,2611.4,2612.0,119,93265860.0,0.0,23570,2612.6,0
1729147980000,2612.0,2612.8,2609.0,2610.0,165,129259740.0,0.0,23640,2612.0,0
1729148040000,2610.0000000000005,2611.0000000000005,2609.2000000000003,2610.0000000000005,57,44631660.0,0.0,23659,2610.0000000000005,0
1729148100000,2610.0000000000005,2610.6000000000004,2608.6000000000004,2608.8,147,115087200.0,0.0,23692,2610.0000000000005,0
1729148160000,2609.0,2611.0,2609.0,2609.8,122,95517360.0,0.0,23705,2608.8,0
1729148220000,2609.4,2610.0000000000005,2609.2000000000003,2609.6000000000004,98,76723740.0,0.0,23707,2609.8,0
1729148280000,2609.4,2610.0,2609.0,2609.4,214,167520480.00000003,0.0,23829,2609.6,0
1729148340000,2609.4000000000005,2610.0000000000005,2606.6000000000004,2606.8,163,127543140.00000001,0.0,23859,2609.4000000000005,0
1729148400000,2606.8,2610.0,2606.0,2608.4,211,165109800.0,2620.4,23949,2606.8,0
1729215000000,2610.0,2610.0,2610.0,2610.0,37,28971000.0,0.0,23956,2608.4,0
1729215060000,2614.0000000000005,2623.0000000000005,2611.2000000000003,2616.4,885,695129880.0,0.0,23654,2610.0000000000005,0
1729215120000,2616.4000000000005,2620.2000000000003,2614.6000000000004,2614.8,352,276426780.0,0.0,23578,2616.4000000000005,0
1729215180000,2614.4,2617.2000000000003,2610.8,2611.2000000000003,398,312019980.00000006,0.0,23509,2614.8,0
1729215240000,2611.2,2614.4,2609.0,2612.6,375,293826540.0,0.0,23384,2611.2,0
1729215300000,2612.6000000000004,2620.6000000000004,2612.6000000000004,2620.2000000000003,259,203315220.00000003,0.0,23285,2612.6000000000004,0
1729215360000,2620.6,2623.6,2614.4,2615.6,337,264893700.00000003,0.0,23143,2620.2000000000003,0
1729215420000,2616.4,2619.6000000000004,2614.8,2618.6000000000004,217,170400060.00000003,0.0,23079,2615.6000000000004,0
1729215480000,2619.2,2619.6,2614.0,2614.0,198,155446560.0,0.0,23014,2618.6,0
1729215540000,2613.8,2615.4,2612.4,2613.0,139,108985080.00000001,0.0,22961,2614.0,0
1729215600000,2613.4,2614.0,2611.0,2611.8,163,127753320.00000001,0.0,22911,2613.0,0
1729215660000,2612.8,2614.8,2611.2000000000003,2611.2000000000003,184,144263280.0,0.0,22846,2611.8,0
1729215720000,2611.8,2613.4,2610.2000000000003,2611.0000000000005,118,92453700.0,0.0,22839,2611.2000000000003,0
1729215780000,2610.6000000000004,2617.4,2609.8,2614.8,260,203869440.0,0.0,22815,2611.0,0
1729215840000,2614.8,2617.8,2614.8,2616.8,205,160915380.0,0.0,22776,2614.8,0
1729215900000,2616.8,2617.4,2612.8,2615.2000000000003,182,142765799.99999997,0.0,22775,2616.8,0
1729215960000,2616.0,2616.2000000000003,2611.4,2613.0,170,133292640.0,0.0,22743,2615.2000000000003,0
1729216020000,2612.2000000000003,2612.6000000000004,2608.2000000000003,2609.2000000000003,218,170671140.0,0.0,22675,2613.0000000000005,0
1729216080000,2609.2000000000003,2612.0,2608.4,2611.8,105,82212960.0,0.0,22656,2609.2000000000003,0
1729216140000,2611.8,2614.8,2611.6000000000004,2613.4000000000005,156,122295780.0,0.0,22632,2611.8,0
1729216200000,2613.4,2615.8,2612.0,2612.2,120,94099740.0,0.0,22630,2613.4,0
1729216260000,2612.2000000000003,2614.8,2609.8,2614.4,180,141032040.0,0.0,22629,2612.2000000000003,0
1729216320000,2615.2000000000003,2618.0,2614.8,2617.6000000000004,165,129527160.0,0.0,22644,2614.4,0
1729216380000,2617.6000000000004,2618.0000000000005,2615.2000000000003,2616.8,126,98922780.0,0.0,22672,2617.6000000000004,0
1729216440000,2617.0000000000005,2617.6000000000004,2615.6000000000004,2616.4000000000005,57,44743320.0,0.0,22681,2616.8,0
1729216500000,2617.0,2618.0,2615.4,2616.6,92,72232020.0,0.0,22695,2616.4,0
1729216560000,2617.0,2617.0,2611.0,2611.0,96,75272820.00000001,0.0,22690,2616.6,0
1729216620000,2611.8,2612.0,2610.0,2611.4,112,87728400.0,0.0,22683,2611.0,0
1729216680000,2611.6000000000004,2614.6000000000004,2610.8,2610.8,85,66621960.0,0.0,22699,2611.4,0
1729216740000,2610.6000000000004,2610.6000000000004,2608.6000000000004,2609.6000000000004,97,75937740.0,0.0,22691,2610.8,0
1729216800000,2609.4,2609.4,2603.4,2605.0,168,131330280.0,0.0,22661,2609.6,0
1729216860000,2605.2000000000003,2607.4,2604.4,2606.6,135,105543540.0,0.0,22634,2605.0,0
1729216920000,2606.6000000000004,2613.0000000000005,2606.6000000000004,2613.0000000000005,330,258459060.0,0.0,22599,2606.6000000000004,0
1729216980000,2613.0,2613.0,2610.4,2610.6,191,149614200.0,0.0,22654,2613.0,0
1729217040000,2610.8,2610.8,2606.4,2606.4,122,95484480.0,0.0,22669,2610.6,0
1729217100000,2607.0000000000005,2607.2000000000003,2601.2000000000003,2602.6000000000004,191,149176680.0,0.0,22677,2606.4,0
1729217160000,2602.2000000000003,2605.0000000000005,2601.2000000000003,2601.8,265,206948100.0,0.0,22707,2602.6000000000004,0
1729217220000,2601.4,2601.4,2593.4,2593.4,373,290632020.00000006,0.0,22719,2601.8,0
1729217280000,2593.4,2597.8,2593.4,2595.8,190,147912000.0,0.0,22738,2593.4,0
1729217340000,2595.8,2598.6,2595.4,2597.2000000000003,204,158941380.00000003,0.0,22746,2595.8,0
1729217400000,2596.8,2599.8,2596.0,2598.4,216,168353040.00000003,0.0,22757,2597.2,0
1729217460000,2597.8,2599.4,2594.4,2594.6,202,157403640.00000003,0.0,22785,2598.4,0
1729217520000,2594.8,2596.8,2592.2000000000003,2593.6000000000004,170,132282480.0,0.0,22824,2594.6000000000004,0
1729217580000,2593.2000000000003,2595.6,2589.4,2590.4,268,208357140.0,0.0,22926,2593.6,0
1729217640000,2590.0,2590.4,2587.4,2589.6,191,148347120.0,0.0,22933,2590.4,0
1729217700000,2589.8,2591.8,2589.6000000000004,2591.6000000000004,128,99472440.0,0.0,22938,2589.6000000000004,0
1729217760000,2591.6000000000004,2594.6000000000004,2590.6000000000004,2592.6000000000004,190,147790680.0,0.0,22914,2591.6000000000004,0
1729217820000,2592.6,2593.4,2590.4,2590.8,84,65309520.00000001,0.0,22909,2592.6,0
1729217880000,2590.8,2593.4,2590.4,2591.2000000000003,125,97192920.0,0.0,22887,2590.8,0
1729217940000,2591.8,2594.4,2591.0,2594.4,113,87879300.0,0.0,22896,2591.2,0
1729218000000,2595.0,2598.2000000000003,2594.8,2595.6000000000004,258,200948400.0,0.0,22909,2594.4,0
1729218060000,2595.0,2595.0,2592.4,2593.4,134,104262540.0,0.0,22912,2595.6,0
1729218120000,2593.4,2593.6,2591.0,2591.8,96,74661960.00000001,0.0,22931,2593.4,0
1729218180000,2591.8,2597.0,2591.8,2596.2000000000003,211,164230200.00000003,0.0,22986,2591.8,0
1729218240000,2596.2,2599.2,2596.0,2598.8,294,229146720.0,0.0,23050,2596.2,0
1729218300000,2599.0,2599.2000000000003,2596.4,2598.6,88,68582340.0,0.0,23055,2598.8,0
1729218360000,2598.8,2601.6000000000004,2598.6000000000004,2600.6000000000004,157,122489280.00000001,0.0,23075,2598.6000000000004,0
1729218420000,2600.0000000000005,2601.2000000000003,2598.6000000000004,2600.0000000000005,84,65516220.0,0.0,23078,2600.6000000000004,0
1729218480000,2599.8,2600.4000000000005,2596.6000000000004,2597.6000000000004,145,113028480.0,0.0,23076,2600.0000000000005,0
1729218540000,2597.2000000000003,2601.8,2594.6000000000004,2601.8,187,145725120.0,0.0,23086,2597.6000000000004,0
1729218600000,2601.4,2606.0,2599.4,2606.0,239,186579780.0,0.0,23081,2601.8,0
1729218660000,2605.6000000000004,2608.4000000000005,2604.6000000000004,2607.2000000000003,404,315950340.00000006,0.0,23141,2606.0000000000005,0
1729218720000,2607.4,2608.0000000000005,2604.2000000000003,2605.2000000000003,151,118069440.00000001,0.0,23191,2607.2000000000003,0
1729218780000,2605.8,2611.2000000000003,2603.8,2611.0,266,208114980.00000003,0.0,23231,2605.2000000000003,0
1729218840000,2611.2,2616.6,2611.0,2615.6,306,239952900.0,0.0,23290,2611.0,0
1729218900000,2615.4,2623.6,2615.4,2623.4,449,352930620.00000006,0.0,23400,2615.6,0
1729218960000,2623.4,2624.4,2618.0,2619.6,361,283902540.0,0.0,23456,2623.4,0
1729219020000,2620.0,2626.2,2619.0,2625.4,264,207706440.00000003,0.0,23532,2619.6,0
1729219080000,2625.0,2628.6,2623.0,2628.0,313,246503640.0,0.0,23581,2625.4,0
1729219140000,2627.8,2628.2,2623.0,2624.2,185,145708320.0,0.0,23630,2628.0,0
1729219200000,2624.0,2637.2,2624.0,2635.6,350,276367320.0,0.0,23685,2624.2,0
1729219260000,2635.2000000000003,2642.0,2633.8,2638.2000000000003,455,360014280.0,0.0,23763,2635.6000000000004,0
1729219320000,2638.4,2639.2,2630.0,2630.0,322,254570580.00000003,0.0,23816,2638.2,0
1729219380000,2630.0,2636.8,2630.0,2634.2,223,176171340.0,0.0,23853,2630.0,0
1729219440000,2634.0000000000005,2634.0000000000005,2625.2000000000003,2625.2000000000003,258,203446980.0,0.0,23883,2634.2000000000003,0
1729219500000,2625.0,2626.8,2623.4,2623.4,223,175639320.0,0.0,23916,2625.2000000000003,0
1729219560000,2623.8,2630.8,2623.8,2630.8,216,170275500.00000003,0.0,23950,2623.4,0
1729219620000,2631.6000000000004,2640.6000000000004,2631.6000000000004,2635.0000000000005,395,312482160.0,0.0,24059,2630.8,0
1729219680000,2635.2,2635.2,2629.0,2631.0,293,231320880.0,0.0,24071,2635.0,0
1729219740000,2631.8,2639.6,2631.0,2635.4,292,230955660.00000003,0.0,24134,2631.0,0
1729219800000,2635.2,2636.0,2630.0,2630.4,157,123980220.00000001,0.0,24176,2635.4,0
1729219860000,2630.2000000000003,2632.0,2627.8,2628.0,186,146731260.0,0.0,24266,2630.4,0
1729219920000,2628.0000000000005,2628.0000000000005,2623.2000000000003,2625.2000000000003,190,149661240.0,0.0,24317,2628.0000000000005,0
1729219980000,2625.2000000000003,2627.2000000000003,2623.8,2624.2000000000003,159,125236080.00000001,0.0,24396,2625.2000000000003,0
1729220040000,2624.0,2624.0,2618.8,2619.2000000000003,169,132904860.00000001,0.0,24449,2624.2000000000003,0
1729220100000,2619.4,2620.6,2617.0,2619.8,161,126502920.0,0.0,24502,2619.2,0
1729220160000,2620.6000000000004,2623.6000000000004,2620.2000000000003,2623.6000000000004,147,115610040.00000001,0.0,24533,2619.8,0
1729220220000,2623.8,2623.8,2618.0,2619.0,155,121833120.0,0.0,24587,2623.6,0
1729220280000,2619.0,2624.4,2619.0,2621.0,110,86528460.0,0.0,24626,2619.0,0
1729220340000,2621.4,2630.8,2621.4,2625.2000000000003,115,90531540.0,0.0,24655,2621.0,0
1729220400000,2624.8,2626.4000000000005,2620.6000000000004,2620.6000000000004,142,111772020.00000001,0.0,24683,2625.2000000000003,0
1729220460000,2620.0,2621.8,2617.4,2617.6,169,132797040.00000003,0.0,24707,2620.6,0
1729220520000,2617.4,2618.6000000000004,2615.2000000000003,2618.6000000000004,157,123256740.00000001,0.0,24748,2617.6000000000004,0
1729220580000,2618.6000000000004,2623.8,2618.2000000000003,2621.2000000000003,160,125817660.0,0.0,24791,2618.6000000000004,0
1729220640000,2621.2000000000003,2621.2000000000003,2617.4,2618.0,86,67564800.0,0.0,24842,2621.2000000000003,0
1729220700000,2617.8,2621.4,2617.8,2621.4,47,36934740.0,0.0,24861,2618.0,0
1729220760000,2621.8,2623.8,2620.0,2622.6,111,87318300.0,0.0,24904,2621.4,0
1729220820000,2623.4,2626.8,2622.4,2624.0,106,83469660.00000001,0.0,24950,2622.6,0
1729220880000,2623.8,2624.0000000000005,2619.6000000000004,2620.6000000000004,73,57405480.0,0.0,24980,2624.0000000000005,0
1729220940000,2620.4,2620.6,2617.0,2617.6,121,95042760.0,0.0,25014,2620.6,0
1729221000000,2618.8,2622.4,2618.8,2619.0,83,65243100.0,0.0,25056,2617.6000000000004,0
1729221060000,2620.2,2620.4,2616.0,2616.2,114,89523840.0,0.0,25121,2619.0,0
1729221120000,2616.2000000000003,2617.2000000000003,2615.2000000000003,2616.0000000000005,86,67496820.0,0.0,25171,2616.2000000000003,0
1729221180000,2615.6000000000004,2615.6000000000004,2613.2000000000003,2613.6000000000004,107,83918280.00000001,0.0,25212,2616.0000000000005,0
1729221240000,2614.2,2616.4,2613.0,2614.4,119,93348840.0,0.0,25270,2613.6,0
1729221300000,2614.4,2616.8,2614.4,2616.0,116,91032900.0,0.0,25298,2614.4,0
1729221360000,2616.6000000000004,2617.4,2613.2000000000003,2614.8,90,70595280.0,0.0,25360,2616.0000000000005,0
1729221420000,2615.0,2619.2,2615.0,2616.8,180,141308760.0,0.0,25458,2614.8,0
1729221480000,2616.8,2617.0,2614.0,2614.8,88,69047940.00000001,0.0,25510,2616.8,0
1729221540000,2615.2000000000003,2615.2000000000003,2611.6000000000004,2611.6000000000004,163,127768920.0,0.0,25597,2614.8,0
1729221600000,2612.4000000000005,2615.4000000000005,2611.6000000000004,2613.8,82,64315200.00000001,0.0,25642,2611.6000000000004,0
1729221660000,2614.6000000000004,2615.8,2612.6000000000004,2615.2000000000003,87,68218260.00000001,0.0,25698,2613.8,0
1729221720000,2615.6000000000004,2618.6000000000004,2614.6000000000004,2616.4000000000005,200,157014240.0,0.0,25827,2615.2000000000003,0
1729221780000,2616.8,2617.6000000000004,2615.8,2616.8,58,45530520.00000001,0.0,25865,2616.4,0
1729221840000,2616.4,2618.8,2614.2000000000003,2615.0000000000005,131,102817380.0,0.0,25962,2616.8,0
1729221900000,2615.0000000000005,2615.0000000000005,2610.6000000000004,2611.0000000000005,142,111276960.0,0.0,26065,2615.0000000000005,0
1729221960000,2611.0,2612.0,2608.8,2612.0,237,185579820.00000003,0.0,26235,2611.0,0
1729222020000,2612.6000000000004,2613.6000000000004,2611.6000000000004,2613.2000000000003,114,89361600.0,0.0,26318,2612.0000000000005,0
1729222080000,2613.4000000000005,2615.0000000000005,2611.6000000000004,2614.6000000000004,124,97210800.0,0.0,26393,2613.2000000000003,0
1729222140000,2615.2000000000003,2617.8,2613.6000000000004,2614.8,134,105143820.00000001,0.0,26461,2614.6000000000004,0
1729222200000,2615.8,2617.8,2614.0,2615.8,94,73762260.0,0.0,26514,2614.8,0
1729227660000,2618.0,2627.8,2615.4,2625.6,327,257358420.00000003,0.0,26684,2615.8,0
1729227720000,2625.2000000000003,2628.4,2625.2000000000003,2627.2000000000003,262,206487180.00000003,0.0,26835,2625.6000000000004,0
1729227780000,2627.4,2628.4,2624.2000000000003,2627.4,157,123682860.00000001,0.0,26901,2627.2000000000003,0
1729227840000,2627.4,2635.4,2627.4,2633.8,245,193502580.0,0.0,27009,2627.4,0
1729227900000,2633.4,2635.6000000000004,2632.2000000000003,2633.0000000000005,202,159600840.00000003,0.0,27112,2633.8,0
1729227960000,2632.4,2638.2000000000003,2632.4,2636.6,204,161342640.0,0.0,27213,2633.0,0
1729228020000,2637.0,2638.2000000000003,2629.4,2629.4,270,213324540.0,0.0,27337,2636.6,0
1729228080000,2628.6000000000004,2630.8,2625.6000000000004,2628.4000000000005,194,152964840.0,0.0,27410,2629.4000000000005,0
1729228140000,2628.4,2633.8,2628.4,2633.8,102,80496420.0,0.0,27464,2628.4,0
1729228200000,2634.4,2640.0,2634.4,2638.4,237,187548960.00000003,0.0,27582,2633.8,0
1729228260000,2639.0,2639.8,2637.0,2637.8,137,108440100.0,0.0,27630,2638.4,0
1729228320000,2637.8,2644.6000000000004,2637.8,2644.0,182,144257400.0,0.0,27677,2637.8,0
1729228380000,2644.4000000000005,2648.6000000000004,2643.6000000000004,2645.6000000000004,208,165120300.0,0.0,27744,2644.0000000000005,0
1729228440000,2645.8,2646.8,2641.0,2642.4,141,111813720.00000001,0.0,27817,2645.6,0
1729228500000,2643.6,2654.8,2643.4,2654.8,312,248125980.00000003,0.0,27863,2642.4,0
1729228560000,2655.0000000000005,2656.0000000000005,2650.2000000000003,2655.4,217,172741800.00000003,0.0,27981,2654.8,0
1729228620000,2656.0,2662.4,2653.8,2662.4,315,251130660.0,0.0,28084,2655.4,0
1729228680000,2662.4,2664.8,2659.0,2664.2,219,174881460.00000003,0.0,28160,2662.4,0
1729228740000,2664.0,2676.6,2664.0,2675.6,299,239601900.0,0.0,28280,2664.2,0
1729228800000,2675.2,2675.2,2658.0,2663.8,468,374220060.0,0.0,28482,2675.6,0
1729228860000,2662.0,2671.0,2658.8,2659.4,304,242980320.00000003,0.0,28599,2663.8,0
1729228920000,2659.4,2664.8,2656.0,2660.2,288,229774740.0,0.0,28709,2659.4,0
1729228980000,2658.6000000000004,2661.0000000000005,2655.6000000000004,2655.6000000000004,251,200214180.0,0.0,28797,2660.2000000000003,0
1729229040000,2655.6,2658.8,2654.4,2655.4,270,215179980.0,0.0,28864,2655.6,0
1729229100000,2654.6,2655.4,2648.0,2648.2,299,237717240.00000003,0.0,28929,2655.4,0
1729229160000,2648.6000000000004,2650.6000000000004,2646.6000000000004,2646.6000000000004,235,186726960.0,0.0,29013,2648.2000000000003,0
1729229220000,2648.4,2650.8,2644.0,2650.8,195,154845840.0,0.0,29066,2646.6,0
1729229280000,2651.0,2655.8,2651.0,2655.6,231,183860820.00000003,0.0,29145,2650.8,0
1729229340000,2655.6,2656.8,2650.0,2652.0,142,113012160.0,0.0,29199,2655.6,0
1729229400000,2652.0,2657.2,2652.0,2652.6,163,129816780.0,0.0,29281,2652.0,0
1729229460000,2651.2,2652.6,2647.0,2647.0,164,130367640.00000001,0.0,29363,2652.6,0
1729229520000,2648.2000000000003,2653.4,2647.4,2652.0,147,116909100.00000001,0.0,29455,2647.0,0
1729229580000,2652.4,2654.0000000000005,2647.2000000000003,2651.8,135,107355000.0,0.0,29521,2652.0000000000005,0
1729229640000,2652.4,2658.0000000000005,2652.2000000000003,2657.2000000000003,169,134641860.00000003,0.0,29600,2651.8,0
1729229700000,2657.2000000000003,2657.2000000000003,2653.6000000000004,2656.0000000000005,80,63724380.0,0.0,29641,2657.2000000000003,0
1729229760000,2656.0000000000005,2660.8,2655.6000000000004,2658.6000000000004,147,117247320.00000001,0.0,29726,2656.0000000000005,0
1729229820000,2659.0000000000005,2663.0000000000005,2658.2000000000003,2660.8,109,87022980.0,0.0,29785,2658.6000000000004,0
1729229880000,2660.6000000000004,2662.6000000000004,2657.8,2662.6000000000004,100,79782840.0,0.0,29803,2660.8,0
1729229940000,2663.0,2666.4,2662.0,2662.2,143,114283260.00000001,0.0,29874,2662.6,0
1729230000000,2663.0,2663.0,2657.4,2658.4,142,113262840.0,0.0,29920,2662.2000000000003,0
1729230060000,2658.8,2659.2000000000003,2655.2000000000003,2656.8,223,177775920.00000003,0.0,30013,2658.4,0
1729230120000,2657.2,2660.4,2657.0,2658.6,142,113272380.00000001,0.0,30110,2656.8,0
1729230180000,2658.0000000000005,2659.2000000000003,2656.2000000000003,2658.0000000000005,84,66981660.0,0.0,30149,2658.6000000000004,0
1729230240000,2658.4,2662.0,2656.4,2661.8,91,72615000.0,0.0,30191,2658.0,0
1729230300000,2661.6,2662.4,2659.0,2661.0,106,84607380.00000001,0.0,30245,2661.8,0
1729230360000,2660.8,2667.6000000000004,2660.8,2667.6000000000004,146,116729940.00000001,0.0,30296,2661.0,0
1729230420000,2667.4,2669.8,2666.8,2669.0,141,112864560.00000001,0.0,30373,2667.6000000000004,0
1729230480000,2669.0,2669.2,2665.0,2668.2,158,126417240.00000001,0.0,30459,2669.0,0
1729230540000,2668.8,2672.2000000000003,2667.6000000000004,2668.0000000000005,166,132961560.00000001,0.0,30537,2668.2000000000003,0
1729230600000,2667.8,2669.2,2665.0,2666.0,125,99993720.0,0.0,30614,2668.0,0
1729230660000,2666.0000000000005,2671.6000000000004,2665.2000000000003,2670.6000000000004,151,120895440.00000001,0.0,30672,2666.0000000000005,0
1729230720000,2671.0,2671.0,2667.0,2668.8,107,85666740.00000001,0.0,30720,2670.6,0
1729230780000,2668.8,2671.2000000000003,2668.8,2671.2000000000003,86,68879700.0,0.0,30757,2668.8,0
1729230840000,2670.2000000000003,2676.0000000000005,2669.2000000000003,2675.2000000000003,160,128287440.0,0.0,30851,2671.2000000000003,0
1729230900000,2675.0,2676.0,2670.0,2670.2,193,154719540.0,0.0,30936,2675.2,0
1729230960000,2670.8,2678.0,2670.4,2678.0,177,142070340.0,0.0,31001,2670.2000000000003,0
1729231020000,2678.0,2678.6,2675.4,2678.4,183,146970960.0,0.0,31102,2678.0,0
1729231080000,2678.4,2683.8,2678.4,2681.6,248,199493760.00000003,0.0,31227,2678.4,0
1729231140000,2681.6000000000004,2688.4,2681.2000000000003,2685.4,350,282028560.0,0.0,31447,2681.6000000000004,0
1729231200000,2685.4,2690.0,2684.4,2688.8,312,251647620.00000003,0.0,31628,2685.4,0
1729231260000,2688.8,2689.4,2683.4,2687.2000000000003,347,279726720.0,0.0,31810,2688.8,0
1729231320000,2687.4,2687.4,2675.8,2675.8,318,255723360.0,0.0,31936,2687.2000000000003,0
1729231380000,2675.6,2679.2,2673.0,2677.2,263,211192560.0,0.0,32033,2675.8,0
1729231440000,2677.2000000000003,2687.4,2677.2000000000003,2686.6000000000004,297,239059680.00000003,0.0,32187,2677.2000000000003,0
1729231500000,2687.4,2687.8,2680.8,2683.0,187,150528899.99999997,0.0,32265,2686.6000000000004,0
1729231560000,2681.8,2684.0,2676.0,2680.2,164,131860560.00000001,0.0,32322,2683.0,0
1729231620000,2680.8,2685.2000000000003,2679.6000000000004,2682.6000000000004,246,197953020.0,0.0,32452,2680.2000000000003,0
1729231680000,2681.6000000000004,2685.6000000000004,2681.6000000000004,2684.6000000000004,131,105478380.0,0.0,32510,2682.6000000000004,0
1729231740000,2685.6000000000004,2687.0000000000005,2684.6000000000004,2686.6000000000004,95,76542840.0,0.0,32533,2684.6000000000004,0
1729231800000,2686.4,2692.8,2686.4,2691.8,291,234868860.0,0.0,32663,2686.6,0
1729231860000,2692.4,2695.0000000000005,2688.2000000000003,2694.6000000000004,216,174437160.0,0.0,32716,2691.8,0
1729231920000,2695.0,2695.0,2690.0,2690.4,137,110636040.00000001,0.0,32757,2694.6,0
1729231980000,2688.6,2693.8,2686.4,2688.0,176,142037400.00000003,0.0,32802,2690.4,0
1729232040000,2687.2000000000003,2693.4000000000005,2683.6000000000004,2691.0000000000005,170,137076420.0,0.0,32849,2688.0000000000005,0
1729232100000,2690.2000000000003,2693.8,2689.6000000000004,2690.4000000000005,80,64589940.0,0.0,32874,2691.0000000000005,0
1729232160000,2690.6,2695.8,2690.4,2694.8,167,134945640.0,0.0,32947,2690.4,0
1729232220000,2694.8,2696.4,2690.8,2695.6000000000004,131,105866640.00000001,0.0,32992,2694.8,0
1729232280000,2695.6000000000004,2702.8,2692.2000000000003,2702.8,284,229942140.00000003,0.0,33102,2695.6000000000004,0
1729232340000,2702.8,2712.2000000000003,2702.4,2712.2000000000003,495,401971020.0,0.0,33265,2702.8,0
1729232400000,2712.4,2715.0,2707.0,2714.4,337,274071180.00000006,0.0,33410,2712.2,0
1729232460000,2714.4,2715.6,2711.4,2712.2000000000003,260,211608540.0,0.0,33544,2714.4,0
1729232520000,2712.2000000000003,2713.0000000000005,2706.2000000000003,2706.2000000000003,202,164194920.00000003,0.0,33622,2712.2000000000003,0
1729232580000,2706.2000000000003,2709.2000000000003,2703.8,2709.2000000000003,175,142104660.0,0.0,33690,2706.2000000000003,0
1729232640000,2709.2000000000003,2709.2000000000003,2700.4,2703.2000000000003,174,141151080.0,0.0,33753,2709.2000000000003,0
1729232700000,2703.2000000000003,2711.6,2701.4,2710.8,262,212888820.00000003,0.0,33853,2703.2000000000003,0
1729232760000,2710.8,2713.0000000000005,2708.2000000000003,2711.2000000000003,180,146384820.0,0.0,33918,2710.8,0
1729232820000,2710.4,2713.4,2709.2000000000003,2711.0000000000005,105,85414020.0,0.0,33968,2711.2000000000003,0
1729232880000,2711.0,2712.4,2707.8,2709.4,115,93502200.0,0.0,34026,2711.0,0
1729232940000,2709.2000000000003,2715.4,2709.2000000000003,2714.4,175,142442160.0,0.0,34114,2709.4,0
1729233000000,2714.2000000000003,2714.4,2709.8,2713.8,136,110669940.00000001,0.0,34183,2714.4,0
1729233060000,2713.0,2721.8,2713.0,2721.6,375,305844060.0,0.0,34295,2713.8,0
1729233120000,2721.6,2725.4,2717.0,2725.4,295,240925080.0,0.0,34315,2721.6,0
1729233180000,2724.8,2731.0000000000005,2722.6000000000004,2731.0000000000005,279,228300720.0,0.0,34399,2725.4000000000005,0
1729233240000,2730.0000000000005,2736.0000000000005,2726.6000000000004,2733.0000000000005,337,276006180.0,0.0,34448,2731.0000000000005,0
1729233300000,2733.8,2737.2000000000003,2731.6000000000004,2734.2000000000003,205,168177660.0,0.0,34545,2733.0000000000005,0
1729233360000,2734.8,2742.8,2732.4,2740.2000000000003,340,279402540.0,0.0,34668,2734.2000000000003,0
1729233420000,2740.4,2741.8,2733.2000000000003,2736.2000000000003,244,200311260.00000003,0.0,34761,2740.2000000000003,0
1729233480000,2735.6000000000004,2742.8,2735.6000000000004,2737.0000000000005,214,175898520.00000003,0.0,34822,2736.2000000000003,0
1729233540000,2738.2000000000003,2748.6,2737.4,2747.0,255,209905320.0,0.0,34926,2737.0,0
1729233600000,2745.8,2751.4,2741.8,2748.2000000000003,272,224176020.00000003,0.0,35016,2747.0,0
1729233660000,2747.8,2758.6,2745.0,2757.2,297,245257020.00000003,0.0,35085,2748.2,0
1729233720000,2755.8,2765.4,2755.0,2763.2,332,275005500.0,0.0,35236,2757.2,0
1729233780000,2764.8,2764.8,2742.0,2742.0,335,276675120.0,0.0,35336,2763.2,0
1729233840000,2741.8,2747.8,2731.8,2734.0,388,318740700.0,0.0,35459,2742.0,0
1729233900000,2733.2,2734.6,2722.0,2722.2,352,288144660.0,0.0,35606,2734.0,0
1729233960000,2721.4,2722.4,2713.8,2716.6000000000004,452,368485620.00000006,0.0,35806,2722.2000000000003,0
1729234020000,2716.0,2716.0,2711.0,2711.0,339,275950740.0,0.0,35947,2716.6,0
1729234080000,2711.0,2711.0,2702.0,2702.0,350,284067420.0,0.0,36033,2711.0,0
1729234140000,2702.2,2714.0,2702.0,2714.0,433,351903000.00000006,0.0,36144,2702.0,0
1729234200000,2714.8,2714.8,2696.0,2697.4,372,301721040.0,0.0,36251,2714.0,0
1729234260000,2698.0,2700.2000000000003,2691.8,2695.8,287,232090920.00000003,0.0,36311,2697.4,0
1729234320000,2694.0000000000005,2699.4,2692.2000000000003,2695.4,195,157672080.0,0.0,36393,2695.8,0
1729234380000,2693.8,2700.8,2693.0,2695.2,258,208732620.0,0.0,36461,2695.4,0
1729234440000,2693.0,2697.0,2691.8,2693.4,174,140622600.00000003,0.0,36492,2695.2000000000003,0
1729234500000,2692.8,2692.8,2685.0,2685.2,303,244400460.0,0.0,36560,2693.4,0
1729234560000,2685.6000000000004,2686.0000000000005,2681.2000000000003,2685.6000000000004,306,246403500.00000003,0.0,36677,2685.2000000000003,0
1729234620000,2685.2000000000003,2691.0000000000005,2685.2000000000003,2688.6000000000004,205,165331860.0,0.0,36772,2685.6000000000004,0
1729234680000,2688.4,2691.6,2688.0,2690.6,221,178328340.00000003,0.0,36876,2688.6,0
1729234740000,2690.8,2695.0,2690.4,2693.2000000000003,186,150259980.0,0.0,36959,2690.6,0
1729234800000,2692.4,2694.8,2691.0,2691.0,203,164017140.0,2709.8,37018,2693.2,0
1729474200000,2699.2000000000003,2699.2000000000003,2699.2000000000003,2699.2000000000003,308,249406080.0,0.0,36753,2691.0000000000005,0
1729474260000,2699.0000000000005,2704.6000000000004,2689.6000000000004,2690.2000000000003,1055,853430700.0,0.0,36109,2699.2000000000003,0
1729474320000,2689.8,2692.8,2687.2000000000003,2691.0000000000005,769,620615760.0000001,0.0,35639,2690.2000000000003,0
1729474380000,2689.8,2701.6000000000004,2688.6000000000004,2698.0000000000005,470,380012580.0,0.0,35422,2691.0000000000005,0
1729474440000,2698.6,2706.6,2697.0,2705.2,437,354193020.0,0.0,35182,2698.0,0
1729474500000,2705.2000000000003,2706.4,2702.4,2703.4,386,313107060.0,0.0,34933,2705.2000000000003,0
1729474560000,2702.8,2703.0000000000005,2690.2000000000003,2692.0000000000005,442,357613260.0,0.0,34691,2703.4,0
1729474620000,2691.8,2691.8,2686.2000000000003,2689.0000000000005,529,426769920.0,0.0,34472,2692.0000000000005,0
1729474680000,2688.6000000000004,2691.2000000000003,2686.2000000000003,2687.8,377,304085400.00000006,0.0,34405,2689.0000000000005,0
1729474740000,2687.0,2687.6,2675.0,2676.8,748,601357919.9999999,0.0,34134,2687.8,0
1729474800000,2677.4,2683.6,2677.0,2680.2,491,394735860.0,0.0,34053,2676.8,0
1729474860000,2681.0,2687.2,2679.0,2681.6,462,371810040.00000006,0.0,33917,2680.2,0
1729474920000,2683.0000000000005,2684.8,2678.6000000000004,2680.2000000000003,347,279119400.00000006,0.0,33912,2681.6000000000004,0
1729474980000,2680.4,2685.0,2680.4,2685.0,239,192352020.0,0.0,33899,2680.2000000000003,0
1729475040000,2684.6000000000004,2688.2000000000003,2682.8,2687.0,223,179669040.0,0.0,33865,2685.0,0
1729475100000,2687.0000000000005,2689.8,2685.2000000000003,2687.2000000000003,201,162042540.0,0.0,33822,2687.0000000000005,0
1729475160000,2686.8,2686.8,2684.2000000000003,2684.4,128,103124520.0,0.0,33795,2687.2000000000003,0
1729475220000,2684.0,2684.0,2676.0,2678.2,248,199303020.0,0.0,33692,2684.4,0
1729475280000,2677.6,2679.8,2676.4,2676.8,211,169494600.0,0.0,33629,2678.2000000000003,0
1729475340000,2678.0,2681.0,2677.0,2677.0,237,190465620.0,0.0,33544,2676.8,0
1729475400000,2677.0,2677.6,2671.4,2671.6,264,211777320.00000003,0.0,33518,2677.0,0
1729475460000,2672.2000000000003,2672.2000000000003,2670.2000000000003,2671.2000000000003,156,125010540.00000001,0.0,33484,2671.6000000000004,0
1729475520000,2671.4,2675.6000000000004,2670.2000000000003,2674.4,217,174026940.0,0.0,33444,2671.2000000000003,0
1729475580000,2674.8,2679.2000000000003,2673.8,2675.0,122,97958340.0,0.0,33398,2674.4,0
1729475640000,2675.6,2676.2,2672.0,2673.0,125,100264080.0,0.0,33395,2675.0,0
1729475700000,2672.4,2675.6,2671.0,2673.6,176,141153840.0,0.0,33361,2673.0,0
1729475760000,2674.0000000000005,2674.0000000000005,2666.2000000000003,2667.0000000000005,222,177771300.00000003,0.0,33317,2673.6000000000004,0
1729475820000,2667.0,2668.0,2665.4,2667.4,220,176000400.0,0.0,33205,2667.0,0
1729475880000,2667.6000000000004,2670.2000000000003,2666.6000000000004,2669.0000000000005,164,131281020.00000001,0.0,33178,2667.4000000000005,0
1729475940000,2668.0,2668.0,2664.0,2666.0,144,115142640.0,0.0,33151,2669.0,0
1729476000000,2665.4,2670.0000000000005,2665.2000000000003,2667.2000000000003,178,142458360.0,0.0,33100,2666.0000000000005,0
1729476060000,2667.2,2672.0,2666.0,2671.4,223,178566120.0,0.0,33035,2667.2,0
1729476120000,2671.6,2671.6,2669.0,2670.0,189,151407780.00000003,0.0,33015,2671.4,0
1729476180000,2670.0,2675.8,2668.4,2675.6,220,176341620.0,0.0,32990,2670.0,0
1729476240000,2674.8,2676.8,2673.2000000000003,2674.8,126,101121060.00000001,0.0,32956,2675.6000000000004,0
1729476300000,2674.6,2680.6,2674.4,2678.2000000000003,166,133365360.00000001,0.0,32890,2674.8,0
1729476360000,2678.2000000000003,2679.6,2676.4,2679.0,178,143002140.0,0.0,32803,2678.2000000000003,0
1729476420000,2678.6,2683.8,2678.0,2681.0,183,147185220.0,0.0,32732,2679.0,0
1729476480000,2681.4,2684.0,2680.8,2682.6000000000004,213,171391080.0,0.0,32677,2681.0,0
1729476540000,2682.8,2685.8,2680.4,2680.8,282,226994820.00000003,0.0,32588,2682.6,0
1729476600000,2680.8,2684.8,2680.8,2683.2000000000003,185,148935060.0,0.0,32527,2680.8,0
1729476660000,2683.0,2683.6,2679.0,2680.4,198,159266940.00000003,0.0,32471,2683.2,0
1729476720000,2680.6000000000004,2681.4000000000005,2677.6000000000004,2679.0000000000005,147,118149000.0,0.0,32454,2680.4000000000005,0
1729476780000,2679.8,2689.4,2679.8,2686.4,351,282875040.0,0.0,32386,2679.0,0
1729476840000,2687.0000000000005,2691.4000000000005,2686.6000000000004,2688.0000000000005,234,188752980.0,0.0,32348,2686.4000000000005,0
1729476900000,2688.0,2689.2000000000003,2686.8,2689.2000000000003,161,129827640.00000001,0.0,32296,2688.0,0
1729476960000,2689.2000000000003,2690.0,2682.4,2683.4,275,221551560.0,0.0,32232,2689.2000000000003,0
1729477020000,2683.0,2688.0,2683.0,2687.6,164,132107940.00000001,0.0,32214,2683.4,0
1729477080000,2687.2000000000003,2687.8,2684.4,2685.6,151,121656600.00000001,0.0,32204,2687.6,0
1729477140000,2686.0,2686.0,2680.4,2685.0,206,165819720.0,0.0,32191,2685.6,0
1729477200000,2684.6,2689.6,2684.4,2686.8,137,110433240.00000001,0.0,32176,2685.0,0
1729477260000,2686.8,2688.4,2683.8,2687.2000000000003,163,131371080.00000001,0.0,32155,2686.8,0
1729477320000,2686.8,2687.2000000000003,2682.4,2684.2000000000003,148,119181060.0,0.0,32150,2687.2000000000003,0
1729477380000,2685.6000000000004,2689.2000000000003,2685.6000000000004,2688.6000000000004,127,102400260.0,0.0,32160,2684.2000000000003,0
1729477440000,2688.0,2688.6,2685.0,2685.6,125,100739940.0,0.0,32119,2688.6,0
1729477500000,2685.6000000000004,2687.4000000000005,2685.6000000000004,2685.8,77,62055840.0,0.0,32105,2685.6000000000004,0
1729477560000,2685.6000000000004,2685.6000000000004,2682.2000000000003,2682.2000000000003,180,144942900.0,0.0,32077,2685.8,0
1729477620000,2682.2000000000003,2682.2000000000003,2677.4,2678.8,243,195334200.00000003,0.0,32006,2682.2000000000003,0
1729477680000,2679.0,2688.0,2679.0,2687.6,270,217322100.0,0.0,32027,2678.8,0
1729477740000,2687.4,2696.2000000000003,2687.4,2695.4,339,273939780.0,0.0,32001,2687.6,0
1729477800000,2696.4,2697.0,2690.4,2691.6,262,211768500.00000003,0.0,32009,2695.4,0
1729477860000,2691.2000000000003,2692.6,2685.4,2686.8,328,264554580.00000003,0.0,32006,2691.6,0
1729477920000,2686.4,2689.4,2683.4,2687.0,218,175703640.0,0.0,31970,2686.8,0
1729477980000,2686.8,2687.6000000000004,2684.2000000000003,2686.0000000000005,147,118438380.0,0.0,31963,2687.0000000000005,0
1729478040000,2685.8,2692.8,2685.4,2687.6,270,217825680.0,0.0,31966,2686.0,0
1729478100000,2687.2000000000003,2691.0,2686.4,2689.2000000000003,178,143593980.0,0.0,31994,2687.6,0
1729478160000,2688.4,2690.2000000000003,2686.4,2687.2000000000003,137,110482020.0,0.0,31979,2689.2000000000003,0
1729478220000,2688.2000000000003,2693.0000000000005,2688.2000000000003,2692.4,138,111413160.0,0.0,31989,2687.2000000000003,0
1729478280000,2692.4,2692.4,2689.8,2691.8,128,103319400.0,0.0,31964,2692.4,0
1729478340000,2691.8,2691.8,2689.0,2691.4,103,83119740.0,0.0,31954,2691.8,0
1729478400000,2692.2000000000003,2699.2000000000003,2692.2000000000003,2698.6000000000004,253,204636240.0,0.0,31976,2691.4,0
1729478460000,2699.0,2699.0,2695.8,2697.2000000000003,159,128652540.00000001,0.0,31996,2698.6000000000004,0
1729478520000,2696.0,2697.6,2692.4,2693.6,176,142277040.00000003,0.0,32008,2697.2000000000003,0
1729478580000,2693.4,2694.6,2687.4,2687.6,139,112214940.0,0.0,32020,2693.6,0
1729478640000,2688.2,2689.0,2685.0,2686.6,154,124111200.0,0.0,32021,2687.6,0
1729478700000,2686.6000000000004,2686.6000000000004,2683.6000000000004,2684.0000000000005,99,79735260.0,0.0,32032,2686.6000000000004,0
1729478760000,2683.8,2686.0000000000005,2682.2000000000003,2685.6000000000004,118,95006160.0,0.0,32014,2684.0000000000005,0
1729478820000,2685.2,2685.2,2682.0,2682.6,137,110299080.00000001,0.0,31986,2685.6,0
1729478880000,2682.6000000000004,2682.6000000000004,2678.6000000000004,2679.2000000000003,143,114986760.00000001,0.0,31954,2682.6000000000004,0
1729478940000,2679.4000000000005,2681.0000000000005,2678.6000000000004,2680.0000000000005,133,106911720.00000001,0.0,31910,2679.2000000000003,0
1729479000000,2680.4,2684.2000000000003,2680.4,2684.0,137,110258520.00000001,0.0,31869,2680.0,0
1729479060000,2684.0,2684.2000000000003,2681.4,2681.4,70,56342340.0,0.0,31867,2684.0,0
1729479120000,2682.0,2684.0,2681.4,2682.4,84,67611000.0,0.0,31869,2681.4,0
1729479180000,2682.4,2682.6000000000004,2679.2000000000003,2680.0000000000005,160,128668560.0,0.0,31883,2682.4,0
1729479240000,2679.8,2684.0,2679.8,2681.6000000000004,111,89295180.00000001,0.0,31921,2680.0,0
1729479300000,2681.8,2683.6,2680.0,2681.0,137,110243880.00000001,0.0,31915,2681.6,0
1729479360000,2681.0,2681.0,2677.8,2678.0,89,71545260.00000001,0.0,31905,2681.0,0
1729479420000,2677.8,2678.2000000000003,2674.2000000000003,2678.0000000000005,282,226374240.00000003,0.0,31853,2678.0000000000005,0
1729479480000,2678.0,2679.2000000000003,2676.4,2679.0,96,77129340.00000001,0.0,31866,2678.0,0
1729479540000,2679.0,2680.8,2679.0,2680.2,104,83616720.0,0.0,31863,2679.0,0
1729479600000,2679.8,2680.0000000000005,2677.6000000000004,2679.6000000000004,63,50635260.00000001,0.0,31863,2680.2000000000003,0
1729479660000,2678.8,2680.2000000000003,2677.2000000000003,2678.2000000000003,89,71511660.0,0.0,31857,2679.6000000000004,0
1729479720000,2677.6,2678.6,2675.0,2677.0,128,102780840.0,0.0,31856,2678.2,0
1729479780000,2676.4,2678.2,2675.0,2678.2,54,43353360.0,0.0,31852,2677.0,0
1729479840000,2678.0,2681.8,2678.0,2681.6,113,90857580.0,0.0,31827,2678.2,0
1729479900000,2681.2000000000003,2681.8,2679.8,2681.0,54,43431540.0,0.0,31831,2681.6000000000004,0
1729479960000,2682.0,2686.0,2682.0,2685.0,105,84526500.0,0.0,31820,2681.0,0
1729480020000,2685.0,2689.0,2683.4,2688.8,108,87045900.00000001,0.0,31813,2685.0,0
1729480080000,2688.4000000000005,2689.2000000000003,2686.6000000000004,2686.8,96,77403300.0,0.0,31789,2688.8,0
1729480140000,2686.6,2687.8,2683.4,2687.8,106,85386960.0,0.0,31751,2686.8,0
1729480200000,2688.8,2690.4,2686.8,2688.8,95,76632780.0,0.0,31732,2687.8,0
1729480260000,2689.6000000000004,2690.8,2686.6000000000004,2686.6000000000004,132,106471200.00000001,0.0,31706,2688.8,0
1729480320000,2686.2000000000003,2688.4,2685.4,2685.6,78,62864580.00000001,0.0,31693,2686.6,0
1729480380000,2685.4000000000005,2685.4000000000005,2681.6000000000004,2681.8,167,134409960.0,0.0,31628,2685.6000000000004,0
1729480440000,2683.4,2689.2000000000003,2683.2000000000003,2689.2000000000003,105,84624780.0,0.0,31604,2681.8,0
1729480500000,2688.0,2690.0,2686.0,2687.0,80,64502760.0,0.0,31596,2689.2,0
1729480560000,2686.8,2686.8,2683.6000000000004,2684.6000000000004,82,66046860.00000001,0.0,31585,2687.0000000000005,0
1729480620000,2685.0,2690.8,2685.0,2688.0,83,66932460.00000001,0.0,31566,2684.6,0
1729480680000,2688.8,2691.2000000000003,2686.8,2688.4,126,101638140.00000001,0.0,31540,2688.0,0
1729480740000,2689.4,2691.0,2688.4,2690.0,75,60527220.0,0.0,31534,2688.4,0
1729480800000,2689.8,2693.8,2689.6000000000004,2693.2000000000003,90,72662400.0,0.0,31535,2690.0000000000005,0
1729480860000,2693.6000000000004,2696.2000000000003,2692.8,2694.0,152,122875800.00000001,0.0,31540,2693.2000000000003,0
1729480920000,2694.0,2694.8,2689.8,2692.2000000000003,125,100981560.0,0.0,31545,2694.0,0
1729480980000,2692.2000000000003,2697.6000000000004,2692.2000000000003,2697.6000000000004,88,71142720.0,0.0,31547,2692.2000000000003,0
1729481040000,2697.6000000000004,2698.4000000000005,2693.6000000000004,2693.6000000000004,147,118897740.0,0.0,31560,2697.6000000000004,0
1729481100000,2693.4000000000005,2693.8,2686.6000000000004,2688.0000000000005,309,249306720.00000003,0.0,31547,2693.6000000000004,0
1729481160000,2687.2000000000003,2693.8,2686.2000000000003,2692.2000000000003,157,126674280.0,0.0,31542,2688.0000000000005,0
1729481220000,2691.8,2699.0,2691.0,2691.4,352,284644440.0,0.0,31501,2692.2,0
1729481280000,2692.2,2694.2,2688.0,2694.0,309,249406020.0,0.0,31519,2691.4,0
1729481340000,2693.2,2695.4,2692.0,2695.2,148,119583300.00000001,0.0,31582,2694.0,0
1729481400000,2696.0000000000005,2698.4,2694.2000000000003,2695.8,194,156927180.00000003,0.0,31668,2695.2000000000003,0
1729486860000,2691.6,2696.8,2689.4,2695.2000000000003,233,188280480.0,0.0,31673,2695.8,0
1729486920000,2696.2000000000003,2696.2000000000003,2693.6000000000004,2694.0000000000005,132,106706640.0,0.0,31672,2695.2000000000003,0
1729486980000,2694.0,2699.2,2694.0,2699.2,119,96248220.0,0.0,31669,2694.0,0
1729487040000,2699.2,2700.8,2697.0,2699.2,168,136027740.0,0.0,31634,2699.2,0
1729487100000,2698.8,2702.6000000000004,2698.8,2702.6000000000004,123,99651420.00000001,0.0,31644,2699.2000000000003,0
1729487160000,2702.4,2703.8,2694.2000000000003,2694.2000000000003,267,216240900.00000003,0.0,31658,2702.6000000000004,0
1729487220000,2694.2000000000003,2694.4,2690.2000000000003,2694.0000000000005,214,172827180.0,0.0,31655,2694.2000000000003,0
1729487280000,2693.4,2702.0,2693.4,2700.6,195,157896960.0,0.0,31636,2694.0,0
1729487340000,2700.4,2701.4,2697.2000000000003,2698.2000000000003,139,112563600.0,0.0,31632,2700.6000000000004,0
1729487400000,2698.6000000000004,2704.6000000000004,2698.2000000000003,2704.0000000000005,107,86716800.00000001,0.0,31620,2698.2000000000003,0
1729487460000,2702.6,2702.6,2697.0,2697.4,98,79349760.0,0.0,31630,2704.0,0
1729487520000,2698.4,2700.0,2693.8,2694.0,121,97899480.00000001,0.0,31628,2697.4,0
1729487580000,2693.6,2693.6,2689.4,2690.6,163,131591280.0,0.0,31609,2694.0,0
1729487640000,2690.6,2694.0,2690.0,2691.2,148,119513040.00000001,0.0,31592,2690.6,0
1729487700000,2691.2000000000003,2696.4,2690.8,2692.0,118,95360940.00000001,0.0,31589,2691.2000000000003,0
1729487760000,2692.6,2693.4,2688.4,2688.8,130,104922780.0,0.0,31604,2692.0,0
1729487820000,2688.6000000000004,2691.8,2688.6000000000004,2690.0000000000005,119,96033240.0,0.0,31629,2688.8,0
1729487880000,2689.8,2693.2,2688.0,2691.0,110,88772160.0,0.0,31628,2690.0,0
1729487940000,2691.0,2692.4,2689.8,2691.2000000000003,82,66209040.000000015,0.0,31635,2691.0,0
1729488000000,2691.0000000000005,2691.4000000000005,2686.6000000000004,2688.8,101,81446280.00000001,0.0,31630,2691.2000000000003,0
1729488060000,2688.4000000000005,2690.4000000000005,2687.6000000000004,2689.0000000000005,67,54041940.0,0.0,31628,2688.8,0
1729488120000,2689.0,2692.0,2689.0,2690.2,83,66993060.0,0.0,31623,2689.0,0
1729488180000,2689.8,2690.4000000000005,2688.6000000000004,2689.6000000000004,41,33081540.000000004,0.0,31630,2690.2000000000003,0
1729488240000,2689.6000000000004,2693.4000000000005,2689.6000000000004,2691.8,62,50062440.0,0.0,31661,2689.6000000000004,0
1729488300000,2691.2,2692.4,2689.0,2689.0,73,58925340.0,0.0,31686,2691.8,0
1729488360000,2689.0000000000005,2689.8,2687.2000000000003,2687.2000000000003,80,64523880.0,0.0,31694,2689.0000000000005,0
1729488420000,2687.4000000000005,2689.8,2686.6000000000004,2687.0000000000005,65,52407780.0,0.0,31687,2687.2000000000003,0
1729488480000,2687.0000000000005,2688.8,2686.2000000000003,2686.2000000000003,61,49182060.0,0.0,31686,2687.0000000000005,0
1729488540000,2686.2000000000003,2686.2000000000003,2681.8,2683.8,191,153761280.0,0.0,31696,2686.2000000000003,0
1729488600000,2683.4,2684.8,2681.8,2684.6000000000004,102,82118520.0,0.0,31695,2683.8,0
1729488660000,2684.4,2685.0,2682.4,2682.4,84,67634760.0,0.0,31704,2684.6,0
1729488720000,2682.8,2689.6000000000004,2682.8,2688.4,129,103972980.0,0.0,31701,2682.4,0
1729488780000,2688.4,2688.4,2685.0,2685.8,93,74960160.00000001,0.0,31696,2688.4,0
1729488840000,2685.4000000000005,2685.4000000000005,2683.6000000000004,2685.4000000000005,62,49930860.00000001,0.0,31695,2685.8,0
1729488900000,2686.0000000000005,2686.8,2683.6000000000004,2685.0000000000005,105,84594360.0,0.0,31686,2685.4000000000005,0
1729488960000,2684.6000000000004,2688.2000000000003,2684.6000000000004,2686.6000000000004,51,41099280.0,0.0,31697,2685.0000000000005,0
1729489020000,2686.6000000000004,2688.0,2685.8,2687.0,29,23376960.000000004,0.0,31698,2686.6000000000004,0
1729489080000,2687.2000000000003,2687.2000000000003,2683.6000000000004,2684.0000000000005,54,43499340.0,0.0,31709,2687.0000000000005,0
1729489140000,2685.2000000000003,2688.0000000000005,2685.2000000000003,2685.2000000000003,40,32237580.0,0.0,31707,2684.0000000000005,0
1729489200000,2685.6000000000004,2686.4000000000005,2683.6000000000004,2684.0000000000005,40,32219040.0,0.0,31714,2685.2000000000003,0
1729489260000,2683.6000000000004,2685.6000000000004,2683.2000000000003,2685.0000000000005,60,48321120.0,0.0,31725,2684.0000000000005,0
1729489320000,2685.0000000000005,2685.0000000000005,2682.6000000000004,2683.0000000000005,104,83730780.0,0.0,31773,2685.0000000000005,0
1729489380000,2683.0000000000005,2686.0000000000005,2682.6000000000004,2686.0000000000005,55,44292840.0,0.0,31791,2683.0000000000005,0
1729489440000,2686.2000000000003,2692.6000000000004,2686.2000000000003,2690.8,126,101671440.00000001,0.0,31791,2686.0000000000005,0
1729489500000,2691.0000000000005,2691.6000000000004,2688.2000000000003,2689.8,91,73443660.0,0.0,31818,2690.8,0
1729489560000,2690.0,2691.8,2690.0,2691.0,43,34712520.0,0.0,31844,2689.8,0
1729489620000,2691.2000000000003,2691.2000000000003,2688.8,2690.8,37,29853660.000000004,0.0,31848,2691.0,0
1729489680000,2690.0000000000005,2690.0000000000005,2686.2000000000003,2686.6000000000004,69,55629060.00000001,0.0,31855,2690.8,0
1729489740000,2686.6000000000004,2688.4000000000005,2683.6000000000004,2683.8,115,92660100.0,0.0,31882,2686.6000000000004,0
1729489800000,2684.6000000000004,2686.8,2684.6000000000004,2686.8,49,39478560.0,0.0,31896,2683.8,0
1729489860000,2687.0,2688.8,2686.0,2687.6,65,52407120.0,0.0,31919,2686.8,0
1729489920000,2687.0,2689.8,2684.8,2686.4,92,74151780.0,0.0,31947,2687.6000000000004,0
1729489980000,2687.0,2687.0,2685.0,2685.6,73,58822140.00000001,0.0,31951,2686.4,0
1729490040000,2684.8,2685.0,2680.8,2682.0,122,98182800.00000001,0.0,31963,2685.6000000000004,0
1729490100000,2681.8,2682.6,2679.4,2680.2000000000003,100,80415360.0,0.0,31982,2682.0,0
1729490160000,2681.2000000000003,2683.8,2679.4,2680.8,108,86867340.00000001,0.0,31996,2680.2000000000003,0
1729490220000,2680.8,2683.0000000000005,2680.6000000000004,2682.2000000000003,110,88505520.0,0.0,32010,2680.8,0
1729490280000,2682.8,2684.0000000000005,2680.2000000000003,2680.2000000000003,96,77260200.00000001,0.0,32016,2682.2000000000003,0
1729490340000,2680.2000000000003,2681.2000000000003,2679.8,2680.2000000000003,51,41010600.00000001,0.0,32025,2680.2000000000003,0
1729490400000,2679.8,2679.8,2675.2000000000003,2675.6000000000004,201,161440920.00000003,0.0,32001,2680.2000000000003,0
1729490460000,2675.4000000000005,2677.6000000000004,2674.6000000000004,2677.0000000000005,152,122012640.00000001,0.0,31989,2675.6000000000004,0
1729490520000,2677.2000000000003,2677.2000000000003,2672.8,2676.0,156,125152740.00000001,0.0,31981,2677.0,0
1729490580000,2676.0000000000005,2679.6000000000004,2675.2000000000003,2679.0000000000005,83,66687660.00000001,0.0,31976,2676.0000000000005,0
1729490640000,2679.0,2681.4,2679.0,2681.0,79,63524400.0,0.0,31975,2679.0,0
1729490700000,2681.0,2681.6,2678.0,2679.8,121,97287120.00000001,0.0,32036,2681.0,0
1729490760000,2680.0,2683.6,2680.0,2683.0,110,88526640.0,0.0,32083,2679.8,0
1729490820000,2683.4000000000005,2685.8,2682.6000000000004,2684.4000000000005,176,141727860.0,0.0,32133,2683.0000000000005,0
1729490880000,2684.2000000000003,2686.6000000000004,2682.2000000000003,2685.0000000000005,90,72472740.0,0.0,32154,2684.4,0
1729490940000,2684.4,2684.4,2681.4,2681.4,93,74857320.0,0.0,32158,2685.0,0
1729491000000,2681.0000000000005,2682.6000000000004,2680.2000000000003,2681.4,58,46647420.00000001,0.0,32169,2681.4,0
1729491060000,2682.2,2685.0,2682.0,2684.6,84,67629240.0,0.0,32154,2681.4,0
1729491120000,2684.6,2684.6,2678.4,2678.4,66,53078940.00000001,0.0,32172,2684.6,0
1729491180000,2678.4,2681.8,2678.4,2681.4,42,33772920.0,0.0,32178,2678.4,0
1729491240000,2682.0,2683.6,2679.0,2682.8,61,49083060.00000001,0.0,32179,2681.4,0
1729491300000,2682.4000000000005,2682.4000000000005,2680.6000000000004,2682.0000000000005,30,24135000.0,0.0,32182,2682.8,0
1729491360000,2681.8,2682.0000000000005,2679.6000000000004,2680.4000000000005,74,59512740.00000001,0.0,32181,2682.0000000000005,0
1729491420000,2680.8,2682.4,2680.0,2680.8,43,34585259.99999999,0.0,32182,2680.4,0
1729491480000,2680.8,2680.8,2678.2000000000003,2679.4,64,51447720.00000001,0.0,32202,2680.8,0
1729491540000,2679.6,2681.4,2679.0,2681.2,89,71568720.0,0.0,32183,2679.4,0
1729491600000,2681.8,2686.4,2681.2000000000003,2684.0000000000005,112,90195780.00000001,0.0,32196,2681.2000000000003,0
1729491660000,2683.6000000000004,2685.4,2681.8,2683.0,76,61180200.0,0.0,32220,2684.0,0
1729491720000,2682.8,2683.2000000000003,2679.4,2679.8,87,69970620.00000001,0.0,32243,2683.0,0
1729491780000,2680.6000000000004,2680.6000000000004,2679.2000000000003,2679.2000000000003,65,52260720.0,0.0,32250,2679.8,0
1729491840000,2679.2,2679.8,2678.0,2678.8,44,35359920.00000001,0.0,32266,2679.2,0
1729491900000,2678.8,2679.0,2678.0,2678.4,35,28124460.0,0.0,32276,2678.8,0
1729491960000,2678.2000000000003,2678.4,2675.4,2677.2000000000003,86,69057300.0,0.0,32290,2678.4,0
1729492020000,2677.0000000000005,2679.2000000000003,2676.6000000000004,2679.2000000000003,110,88369620.0,0.0,32309,2677.2000000000003,0
1729492080000,2680.0,2682.4,2680.0,2682.4,60,48256140.0,0.0,32323,2679.2,0
1729492140000,2681.6000000000004,2684.6000000000004,2681.6000000000004,2684.2000000000003,59,47493660.00000001,0.0,32332,2682.4000000000005,0
1729492200000,2684.6000000000004,2684.8,2683.6000000000004,2683.6000000000004,67,53955300.0,0.0,32348,2684.2000000000003,0
1729492260000,2683.4,2687.0,2681.0,2685.8,145,116791500.0,0.0,32373,2683.6,0
1729492320000,2686.2000000000003,2688.2000000000003,2683.8,2686.8,85,68510820.0,0.0,32399,2685.8,0
1729492380000,2687.8,2688.8,2686.6000000000004,2686.6000000000004,55,44348820.0,0.0,32405,2686.8,0
1729492440000,2687.4,2689.4,2686.2000000000003,2689.0000000000005,59,47578140.00000001,0.0,32424,2686.6000000000004,0
1729492500000,2689.0000000000005,2689.0000000000005,2685.2000000000003,2685.2000000000003,113,91074780.00000001,0.0,32436,2689.0000000000005,0
1729492560000,2685.0,2686.8,2683.0,2685.0,92,74094600.00000001,0.0,32458,2685.2,0
1729492620000,2684.4,2684.4,2682.0,2682.4,62,49901940.0,0.0,32481,2685.0,0
1729492680000,2682.4,2687.0,2682.4,2684.6,75,60415500.0,0.0,32504,2682.4,0
1729492740000,2684.6000000000004,2686.8,2684.6000000000004,2686.6000000000004,31,24981180.0,0.0,32522,2684.6000000000004,0
1729492800000,2686.2,2687.0,2684.0,2685.6,61,49148580.00000001,0.0,32533,2686.6,0
1729492860000,2685.6000000000004,2689.6000000000004,2685.6000000000004,2685.6000000000004,91,73384079.99999999,0.0,32554,2685.6000000000004,0
1729492920000,2685.2000000000003,2686.2000000000003,2682.8,2685.6000000000004,92,74094960.00000001,0.0,32574,2685.6000000000004,0
1729492980000,2685.8,2687.0000000000005,2685.2000000000003,2686.8,42,33840960.0,0.0,32594,2685.6000000000004,0
1729493040000,2687.6000000000004,2688.0000000000005,2686.6000000000004,2688.0000000000005,62,49982220.0,0.0,32624,2686.8,0
1729493100000,2688.0,2689.8,2688.0,2688.0,67,54045000.0,0.0,32634,2688.0,0
1729493160000,2688.0000000000005,2688.2000000000003,2685.2000000000003,2686.0000000000005,98,78987480.00000001,0.0,32640,2688.0000000000005,0
1729493220000,2686.6,2686.6,2684.0,2684.0,79,63641160.0,0.0,32661,2686.0,0
1729493280000,2684.2,2684.2,2682.0,2682.4,77,61977840.0,0.0,32685,2684.0,0
1729493340000,2682.4,2684.4,2681.0,2683.2,65,52305660.0,0.0,32700,2682.4,0
1729493400000,2683.4,2684.2,2682.0,2683.8,69,55532760.00000001,0.0,32701,2683.2,0
1729493460000,2684.2000000000003,2684.2000000000003,2680.8,2681.0,82,65972040.00000001,0.0,32718,2683.8,0
1729493520000,2681.6000000000004,2683.6000000000004,2680.2000000000003,2683.0000000000005,90,72399300.0,0.0,32728,2681.0000000000005,0
1729493580000,2682.4,2683.6000000000004,2680.8,2682.4,74,59545020.0,0.0,32748,2683.0,0
1729493640000,2682.4000000000005,2684.2000000000003,2681.6000000000004,2684.0000000000005,98,78883860.0,0.0,32773,2682.4000000000005,0
1729493700000,2684.0000000000005,2684.8,2682.6000000000004,2684.4000000000005,63,50727060.0,0.0,32785,2684.0000000000005,0
1729493760000,2684.6000000000004,2685.8,2683.8,2684.0,115,92622900.0,0.0,32824,2684.4,0
1729493820000,2684.0,2686.0,2684.0,2684.6,124,99881580.0,0.0,32894,2684.0,0
1729493880000,2685.2000000000003,2685.8,2684.2000000000003,2684.2000000000003,113,91017180.0,0.0,32942,2684.6000000000004,0
1729493940000,2684.4,2685.4,2684.2000000000003,2684.4,133,107121060.00000001,0.0,33000,2684.2000000000003,0
1729494000000,2684.4,2686.8,2684.0,2685.0,270,217487460.0,2682.8,33118,2684.4,0
1729560600000,2680.2000000000003,2680.2000000000003,2680.2000000000003,2680.2000000000003,52,41811120.0,0.0,33089,2685.0000000000005,0
1729560660000,2681.4,2692.8,2678.8,2692.6000000000004,758,610664700.0,0.0,32742,2680.2000000000003,0
1729560720000,2692.6000000000004,2696.0000000000005,2690.2000000000003,2691.2000000000003,582,470253720.0,0.0,32455,2692.6000000000004,0
1729560780000,2690.4,2691.8,2686.8,2687.6000000000004,365,294483000.0,0.0,32329,2691.2000000000003,0
1729560840000,2688.2000000000003,2694.0,2686.8,2694.0,489,394653000.0,0.0,32240,2687.6000000000004,0
1729560900000,2694.2000000000003,2702.0000000000005,2693.2000000000003,2701.4,559,452544720.00000006,0.0,32123,2694.0000000000005,0
1729560960000,2701.4,2706.0,2701.4,2704.8,454,368231280.00000006,0.0,31969,2701.4,0
1729561020000,2704.6,2708.0,2703.4,2705.2000000000003,535,434309040.0,0.0,31740,2704.8,0
1729561080000,2705.0000000000005,2713.2000000000003,2704.6000000000004,2712.4000000000005,566,459941940.0,0.0,31678,2705.2000000000003,0
1729561140000,2712.2000000000003,2716.8,2710.4,2714.0,505,411141240.0,0.0,31520,2712.4,0
1729561200000,2714.2,2714.6,2705.0,2705.6,332,269919660.0,0.0,31426,2714.0,0
1729561260000,2705.0,2705.8,2702.4,2702.4,409,331796820.00000006,0.0,31316,2705.6,0
1729561320000,2702.2000000000003,2702.4,2697.8,2701.2000000000003,425,344279880.0,0.0,31206,2702.4,0
1729561380000,2700.4000000000005,2706.6000000000004,2699.6000000000004,2705.6000000000004,426,345551280.0,0.0,31078,2701.2000000000003,0
1729561440000,2705.0000000000005,2707.6000000000004,2702.6000000000004,2707.6000000000004,262,212599200.0,0.0,31002,2705.6000000000004,0
1729561500000,2707.2000000000003,2712.2000000000003,2706.6000000000004,2711.4000000000005,315,256100100.0,0.0,30973,2707.6000000000004,0
1729561560000,2711.0,2711.4,2703.8,2706.0,250,203049060.0,0.0,30885,2711.4,0
1729561620000,2705.4,2706.2000000000003,2701.2000000000003,2701.2000000000003,193,156574560.0,0.0,30883,2706.0000000000005,0
1729561680000,2701.2000000000003,2706.8,2700.2000000000003,2705.8,197,159753840.00000003,0.0,30860,2701.2000000000003,0
1729561740000,2705.6,2707.0,2702.4,2702.6,148,120090540.00000001,0.0,30814,2705.8,0
1729561800000,2702.6000000000004,2703.2000000000003,2698.8,2699.2000000000003,169,136923900.0,0.0,30760,2702.6000000000004,0
1729561860000,2699.2000000000003,2706.0,2698.4,2704.2000000000003,204,165402600.00000003,0.0,30741,2699.2000000000003,0
1729561920000,2704.2000000000003,2708.4,2704.2000000000003,2707.0000000000005,177,143689140.0,0.0,30687,2704.2000000000003,0
1729561980000,2707.2,2707.2,2702.0,2704.4,132,107115120.0,0.0,30666,2707.0,0
1729562040000,2704.4,2708.2000000000003,2703.4,2706.8,140,113664300.0,0.0,30639,2704.4,0
1729562100000,2706.6000000000004,2709.4,2706.2000000000003,2707.8,143,116176920.0,0.0,30610,2706.8,0
1729562160000,2706.8,2707.2000000000003,2702.8,2704.2000000000003,214,173630520.0,0.0,30544,2707.8,0
1729562220000,2704.4,2705.8,2701.8,2702.6000000000004,122,98955840.00000001,0.0,30520,2704.2000000000003,0
1729562280000,2702.4,2707.0,2700.4,2705.0,164,132997620.00000001,0.0,30513,2702.6,0
1729562340000,2705.0,2709.8,2705.0,2706.6,174,141355740.00000003,0.0,30508,2705.0,0
1729562400000,2707.4,2708.8,2701.4,2703.0,129,104701260.0,0.0,30482,2706.6,0
1729562460000,2703.6,2703.6,2699.0,2702.0,199,161272680.00000003,0.0,30467,2703.0,0
1729562520000,2702.4,2712.0,2702.4,2711.8,376,305489340.0,0.0,30473,2702.0,0
1729562580000,2711.0,2711.4,2707.8,2709.4,225,182910900.0,0.0,30471,2711.8,0
1729562640000,2710.8,2711.6000000000004,2707.8,2708.8,106,86159940.00000001,0.0,30440,2709.4,0
1729562700000,2708.8,2710.6000000000004,2706.2000000000003,2710.0000000000005,161,130822380.0,0.0,30451,2708.8,0
1729562760000,2709.2000000000003,2709.2000000000003,2705.4,2705.4,119,96637380.0,0.0,30446,2710.0,0
1729562820000,2705.2,2706.6,2703.0,2706.0,138,111977340.0,0.0,30418,2705.4,0
1729562880000,2705.8,2705.8,2700.8,2701.4,156,126525660.00000001,0.0,30362,2706.0,0
1729562940000,2701.0,2704.8,2700.0,2701.0,166,134557320.00000003,0.0,30346,2701.4,0
1729563000000,2700.4,2700.4,2695.0,2698.8,259,209578980.0,0.0,30299,2701.0,0
1729563060000,2698.2000000000003,2700.0000000000005,2696.6000000000004,2697.0000000000005,144,116560260.0,0.0,30257,2698.8,0
1729563120000,2696.6000000000004,2699.0000000000005,2696.2000000000003,2697.0000000000005,92,74459820.00000001,0.0,30238,2697.0000000000005,0
1729563180000,2696.2000000000003,2697.2000000000003,2694.4,2696.0,165,133438980.0,0.0,30194,2697.0,0
1729563240000,2694.8,2700.4,2694.8,2699.0,266,215311680.0,0.0,30144,2696.0,0
1729563300000,2699.2000000000003,2699.2000000000003,2694.6000000000004,2696.0000000000005,174,140774580.00000003,0.0,30095,2699.0000000000005,0
1729563360000,2696.0000000000005,2697.2000000000003,2692.6000000000004,2695.8,215,173778300.0,0.0,30032,2696.0000000000005,0
1729563420000,2694.0,2695.8,2692.4,2693.8,205,165658740.0,0.0,30045,2695.8,0
1729563480000,2694.2000000000003,2696.8,2693.6000000000004,2693.6000000000004,215,173846880.0,0.0,30010,2693.8,0
1729563540000,2693.6000000000004,2694.0000000000005,2688.2000000000003,2688.6000000000004,209,168668760.0,0.0,29975,2693.6000000000004,0
1729563600000,2688.2000000000003,2690.8,2686.8,2690.6000000000004,155,125012400.0,0.0,29927,2688.6000000000004,0
1729563660000,2691.0000000000005,2695.8,2690.6000000000004,2694.6000000000004,133,107473800.00000001,0.0,29920,2690.6000000000004,0
1729563720000,2694.0,2694.6000000000004,2691.8,2693.6000000000004,109,88071360.0,0.0,29912,2694.6000000000004,0
1729563780000,2693.2,2695.8,2693.0,2695.0,99,80029980.0,0.0,29910,2693.6,0
1729563840000,2694.6,2698.6,2694.0,2697.4,143,115700220.0,0.0,29883,2695.0,0
1729563900000,2697.4,2698.4,2696.0,2697.8,65,52594860.0,0.0,29875,2697.4,0
1729563960000,2697.0000000000005,2698.6000000000004,2695.6000000000004,2698.6000000000004,82,66346620.00000001,0.0,29867,2697.8,0
1729564020000,2698.4,2699.0,2696.0,2699.0,82,66359460.00000001,0.0,29863,2698.6,0
1729564080000,2699.2000000000003,2699.2000000000003,2696.2000000000003,2697.0000000000005,89,72024900.0,0.0,29875,2699.0000000000005,0
1729564140000,2697.8,2698.8,2695.0,2695.0,55,44505360.0,0.0,29875,2697.0,0
1729564200000,2695.2,2699.6,2694.0,2699.0,111,89804580.00000001,0.0,29857,2695.0,0
1729564260000,2699.0,2702.8,2699.0,2699.8,147,119103720.00000001,0.0,29849,2699.0,0
1729564320000,2699.8,2699.8,2697.0,2698.0,124,100393920.00000001,0.0,29856,2699.8,0
1729564380000,2697.8,2699.8,2695.8,2699.4,59,47752380.0,0.0,29870,2698.0,0
1729564440000,2699.0,2700.0,2695.8,2696.0,72,58290660.0,0.0,29888,2699.4,0
1729564500000,2695.8,2697.0,2694.0,2695.8,65,52564200.0,0.0,29876,2696.0,0
1729564560000,2695.8,2696.8,2691.8,2692.0,93,75145740.0,0.0,29866,2695.8,0
1729564620000,2691.6,2691.6,2690.0,2690.0,87,70228860.0,0.0,29866,2692.0,0
1729564680000,2689.8,2691.4,2688.8,2691.4,91,73428600.0,0.0,29867,2690.0,0
1729564740000,2691.2,2692.8,2690.0,2690.4,65,52474800.0,0.0,29865,2691.4,0
1729564800000,2690.4,2690.4,2687.4,2688.0,120,96784500.0,0.0,29839,2690.4,0
1729564860000,2688.2000000000003,2688.4,2686.8,2686.8,109,87880440.0,0.0,29857,2688.0,0
1729564920000,2687.0000000000005,2688.0000000000005,2686.2000000000003,2687.2000000000003,136,109623600.00000001,0.0,29867,2686.8,0
1729564980000,2687.2,2687.2,2683.0,2685.8,196,157872180.0,0.0,29865,2687.2,0
1729565040000,2685.6,2688.0,2685.0,2687.4,116,93496860.0,0.0,29849,2685.8,0
1729565100000,2687.8,2687.8,2683.2000000000003,2684.4,69,55579200.00000001,0.0,29850,2687.4,0
1729565160000,2683.6,2684.4,2682.0,2684.2,117,94167600.0,0.0,29851,2684.4,0
1729565220000,2684.0000000000005,2686.0000000000005,2682.6000000000004,2685.4000000000005,148,119196000.0,0.0,29874,2684.2000000000003,0
1729565280000,2685.0,2688.6,2685.0,2687.0,133,107217900.00000001,0.0,29893,2685.4,0
1729565340000,2687.0000000000005,2687.2000000000003,2685.2000000000003,2685.2000000000003,76,61241400.00000001,0.0,29907,2687.0000000000005,0
1729565400000,2685.4000000000005,2687.4000000000005,2684.6000000000004,2684.6000000000004,81,65263140.0,0.0,29925,2685.2000000000003,0
1729565460000,2685.4,2688.0,2685.4,2687.0,88,70945200.0,0.0,29952,2684.6,0
1729565520000,2687.0000000000005,2688.2000000000003,2686.2000000000003,2686.8,92,74169360.0,0.0,29964,2687.0000000000005,0
1729565580000,2686.6,2687.4,2686.0,2686.2,48,38685720.00000001,0.0,29974,2686.8,0
1729565640000,2686.0,2686.2,2684.0,2685.8,55,44300580.0,0.0,29979,2686.2,0
1729565700000,2685.6000000000004,2689.2000000000003,2685.6000000000004,2687.2000000000003,133,107253960.0,0.0,29964,2685.8,0
1729565760000,2687.0,2689.4,2687.0,2687.8,71,57262020.00000001,0.0,29974,2687.2,0
1729565820000,2687.4,2689.6,2686.0,2688.8,89,71768280.0,0.0,29978,2687.8,0
1729565880000,2689.4000000000005,2690.0000000000005,2688.6000000000004,2689.0000000000005,100,80687940.0,0.0,30015,2688.8,0
1729565940000,2689.0000000000005,2690.2000000000003,2687.6000000000004,2688.8,102,82283100.00000001,0.0,30016,2689.0000000000005,0
1729566000000,2688.8,2691.0,2688.4,2688.6,70,56486880.0,0.0,30010,2688.8,0
1729566060000,2688.6,2690.2000000000003,2687.4,2689.2000000000003,71,57274080.0,0.0,29995,2688.6,0
1729566120000,2689.8,2692.0000000000005,2689.2000000000003,2690.8,200,161472960.0,0.0,30038,2689.2000000000003,0
1729566180000,2690.4,2690.4,2688.4,2689.0,54,43564560.00000001,0.0,30024,2690.8,0
1729566240000,2689.2000000000003,2690.2000000000003,2689.2000000000003,2689.4,35,28242600.0,0.0,30014,2689.0000000000005,0
1729566300000,2689.4,2690.0000000000005,2688.2000000000003,2688.6000000000004,42,33880860.0,0.0,30015,2689.4,0
1729566360000,2688.6000000000004,2688.6000000000004,2686.2000000000003,2687.0000000000005,65,52401840.0,0.0,30003,2688.6000000000004,0
1729566420000,2688.0,2690.2000000000003,2687.4,2689.8,85,68569800.0,0.0,30015,2687.0,0
1729566480000,2690.0,2690.0,2687.4,2687.4,63,50821500.0,0.0,30010,2689.8,0
1729566540000,2687.8,2691.0,2687.8,2691.0,50,40342020.0,0.0,30009,2687.4,0
1729566600000,2691.2000000000003,2691.8,2689.4,2691.0,53,42780420.00000001,0.0,30000,2691.0,0
1729566660000,2691.0,2691.0,2688.0,2688.2,82,66159660.00000001,0.0,29996,2691.0,0
1729566720000,2688.0,2689.2,2687.0,2688.4,46,37093200.00000001,0.0,29995,2688.2,0
1729566780000,2689.2000000000003,2693.6000000000004,2689.2000000000003,2691.6000000000004,132,106611180.00000001,0.0,29981,2688.4,0
1729566840000,2692.4000000000005,2692.6000000000004,2690.6000000000004,2690.6000000000004,51,41182740.00000001,0.0,29986,2691.6000000000004,0
1729566900000,2690.8,2691.0000000000005,2688.2000000000003,2688.2000000000003,40,32274000.0,0.0,29982,2690.6000000000004,0
1729566960000,2687.6000000000004,2687.6000000000004,2685.8,2687.2000000000003,99,79801140.0,0.0,29986,2688.2000000000003,0
1729567020000,2687.6000000000004,2691.2000000000003,2687.2000000000003,2690.8,104,83907540.0,0.0,29999,2687.2000000000003,0
1729567080000,2690.6,2690.6,2689.0,2690.2,83,66974640.0,0.0,30016,2690.8,0
1729567140000,2690.2000000000003,2691.8,2689.6000000000004,2690.8,34,27445620.000000004,0.0,30017,2690.2000000000003,0
1729567200000,2690.2,2690.6,2689.0,2690.0,48,38730960.00000001,0.0,30018,2690.8,0
1729567260000,2689.8,2690.6000000000004,2687.8,2688.6000000000004,70,56472360.0,0.0,30042,2690.0,0
1729567320000,2689.8,2693.0000000000005,2689.6000000000004,2692.8,103,83175720.00000001,0.0,30065,2688.6000000000004,0
1729567380000,2692.6,2693.8,2692.4,2693.2000000000003,43,34741980.0,0.0,30054,2692.8,0
1729567440000,2693.2000000000003,2695.8,2691.6000000000004,2694.8,101,81648480.00000001,0.0,30055,2693.2000000000003,0
1729567500000,2695.0,2696.0,2692.8,2694.8,77,62229180.0,0.0,30056,2694.8,0
1729567560000,2694.8,2695.4,2693.2000000000003,2695.2000000000003,41,33144540.000000007,0.0,30043,2694.8,0
1729567620000,2695.2000000000003,2695.6000000000004,2693.2000000000003,2694.2000000000003,36,29102700.000000004,0.0,30040,2695.2000000000003,0
1729567680000,2694.4,2697.6000000000004,2693.8,2696.0,78,63085680.00000001,0.0,30048,2694.2000000000003,0
1729567740000,2695.4,2697.2000000000003,2695.2000000000003,2696.0000000000005,39,31544700.0,0.0,30052,2696.0000000000005,0
1729567800000,2696.6000000000004,2698.8,2693.8,2698.8,92,74416320.00000001,0.0,30025,2696.0,0
1729573260000,2696.6000000000004,2704.0000000000005,2692.6000000000004,2696.4000000000005,357,289157820.0,0.0,30084,2698.8,0
1729573320000,2696.4,2701.0000000000005,2695.2000000000003,2699.2000000000003,159,128704440.0,0.0,30105,2696.4,0
1729573380000,2699.2000000000003,2699.2000000000003,2692.8,2693.6000000000004,121,97829700.00000001,0.0,30115,2699.2000000000003,0
1729573440000,2694.6,2696.2,2692.0,2692.0,75,60621300.0,0.0,30113,2693.6,0
1729573500000,2692.8,2699.0,2692.8,2699.0,133,107557200.0,0.0,30165,2692.0,0
1729573560000,2699.0000000000005,2699.0000000000005,2693.2000000000003,2693.6000000000004,118,95444040.0,0.0,30197,2699.0000000000005,0
1729573620000,2692.6000000000004,2692.8,2689.8,2691.2000000000003,119,96073020.00000001,0.0,30209,2693.6000000000004,0
1729573680000,2691.2000000000003,2692.2000000000003,2690.2000000000003,2691.2000000000003,54,43594620.0,0.0,30231,2691.2000000000003,0
1729573740000,2691.0,2691.2,2688.0,2691.2,83,66969720.00000001,0.0,30250,2691.2,0
1729573800000,2691.4000000000005,2692.2000000000003,2689.6000000000004,2690.6000000000004,77,62163540.0,0.0,30251,2691.2000000000003,0
1729573860000,2689.4,2692.2000000000003,2689.4,2692.2000000000003,71,57314640.00000001,0.0,30264,2690.6,0
1729573920000,2691.4,2691.4,2688.8,2690.0,108,87159780.0,0.0,30278,2692.2000000000003,0
1729573980000,2690.0,2690.8,2689.4,2690.4,38,30667860.000000004,0.0,30286,2690.0,0
1729574040000,2690.2000000000003,2690.2000000000003,2686.6000000000004,2688.0000000000005,127,102413880.0,0.0,30311,2690.4000000000005,0
1729574100000,2688.4,2689.8,2687.8,2688.4,64,51624720.00000001,0.0,30330,2688.0,0
1729574160000,2688.0000000000005,2689.6000000000004,2687.6000000000004,2688.6000000000004,37,29844060.000000004,0.0,30348,2688.4000000000005,0
1729574220000,2688.2000000000003,2690.4,2688.2000000000003,2690.0000000000005,34,27431760.0,0.0,30359,2688.6000000000004,0
1729574280000,2689.6000000000004,2690.4,2687.8,2690.2000000000003,60,48408240.0,0.0,30382,2690.0,0
1729574340000,2688.8,2689.6,2686.0,2686.4,75,60463980.0,0.0,30407,2690.2,0
1729574400000,2686.2000000000003,2688.2000000000003,2686.2000000000003,2687.8,43,34668960.0,0.0,30418,2686.4,0
1729574460000,2687.4,2689.8,2687.2000000000003,2688.8,76,61295760.0,0.0,30448,2687.8,0
1729574520000,2688.8,2689.4,2687.8,2688.4,38,30649140.000000004,0.0,30459,2688.8,0
1729574580000,2688.6,2690.0,2688.4,2689.4,39,31460160.000000004,0.0,30472,2688.4,0
1729574640000,2689.0,2689.2,2688.0,2688.6,35,28230780.0,0.0,30487,2689.4,0
1729574700000,2688.6,2688.6,2687.0,2687.8,22,17738760.000000004,0.0,30494,2688.6,0
1729574760000,2687.2000000000003,2690.6000000000004,2687.2000000000003,2689.6000000000004,72,58088520.0,0.0,30505,2687.8,0
1729574820000,2689.2,2690.4,2689.0,2689.8,34,27433860.000000004,0.0,30508,2689.6,0
1729574880000,2689.4,2689.4,2688.2000000000003,2688.4,27,21780060.0,0.0,30512,2689.8,0
1729574940000,2688.2,2689.2,2688.0,2689.2,24,19359360.000000004,0.0,30520,2688.4,0
1729575000000,2688.8,2691.6,2688.4,2690.4,72,58115640.0,0.0,30531,2689.2000000000003,0
1729575060000,2690.4,2690.4,2689.0,2689.8,65,52450980.0,0.0,30548,2690.4,0
1729575120000,2690.6000000000004,2694.4000000000005,2690.6000000000004,2693.6000000000004,135,109061280.0,0.0,30572,2689.8,0
1729575180000,2692.8,2695.0000000000005,2692.2000000000003,2693.2000000000003,99,80004660.0,0.0,30590,2693.6000000000004,0
1729575240000,2693.2000000000003,2693.4,2692.2000000000003,2693.4,53,42813120.00000001,0.0,30595,2693.2000000000003,0
1729575300000,2693.6000000000004,2695.0000000000005,2692.6000000000004,2693.0000000000005,66,53345760.00000001,0.0,30599,2693.4000000000005,0
1729575360000,2693.2,2693.2,2691.0,2693.0,39,31500960.000000004,0.0,30612,2693.0,0
1729575420000,2692.0,2694.8,2691.4,2692.6,55,44430000.0,0.0,30622,2693.0,0
1729575480000,2692.6000000000004,2694.6000000000004,2692.6000000000004,2693.2000000000003,49,39599820.00000001,0.0,30631,2692.6000000000004,0
1729575540000,2692.6000000000004,2693.8,2690.6000000000004,2690.6000000000004,75,60578820.0,0.0,30655,2693.2000000000003,0
1729575600000,2690.2000000000003,2693.0000000000005,2690.2000000000003,2691.2000000000003,51,41185080.0,0.0,30680,2690.6000000000004,0
1729575660000,2691.6000000000004,2692.8,2690.2000000000003,2690.2000000000003,39,31486380.000000004,0.0,30686,2691.2000000000003,0
1729575720000,2690.8,2690.8,2688.6000000000004,2688.6000000000004,53,42762840.00000001,0.0,30705,2690.2000000000003,0
1729575780000,2688.6000000000004,2689.0000000000005,2685.2000000000003,2685.2000000000003,79,63670560.0,0.0,30719,2688.6000000000004,0
1729575840000,2685.2000000000003,2687.2000000000003,2685.2000000000003,2686.8,63,50774700.00000001,0.0,30728,2685.2000000000003,0
1729575900000,2687.0000000000005,2687.0000000000005,2685.2000000000003,2685.6000000000004,67,53992440.00000001,0.0,30730,2686.8,0
1729575960000,2685.6,2686.2000000000003,2683.4,2684.0,130,104706300.0,0.0,30770,2685.6,0
1729576020000,2684.0000000000005,2685.2000000000003,2683.2000000000003,2683.8,70,56366040.0,0.0,30787,2684.0000000000005,0
1729576080000,2683.6,2684.4,2682.0,2682.0,100,80496780.0,0.0,30814,2683.8,0
1729576140000,2681.4,2682.2000000000003,2679.2000000000003,2680.2000000000003,152,122234400.0,0.0,30838,2682.0000000000005,0
1729576200000,2680.2,2682.2,2680.0,2680.6,100,80434980.0,0.0,30846,2680.2,0
1729576260000,2680.4,2682.4,2680.4,2681.2000000000003,105,84458460.0,0.0,30857,2680.6,0
1729576320000,2680.8,2684.0,2680.8,2683.4,97,78065160.00000001,0.0,30872,2681.2000000000003,0
1729576380000,2683.6,2685.6,2682.0,2682.0,90,72460200.0,0.0,30894,2683.4,0
1729576440000,2682.8,2685.4,2682.4,2683.8,98,78917940.00000001,0.0,30903,2682.0,0
1729576500000,2683.6000000000004,2684.0,2682.8,2683.0,49,39444300.0,0.0,30902,2683.8,0
1729576560000,2683.2000000000003,2685.8,2682.6000000000004,2685.8,53,42674880.0,0.0,30900,2683.0000000000005,0
1729576620000,2685.8,2687.6000000000004,2685.2000000000003,2686.4,97,78180840.00000001,0.0,30924,2685.8,0
1729576680000,2686.4,2688.0,2685.4,2686.8,53,42715320.0,0.0,30937,2686.4,0
1729576740000,2686.6000000000004,2688.8,2686.6000000000004,2688.2000000000003,91,73383120.0,0.0,30978,2686.8,0
1729576800000,2687.6000000000004,2688.4,2685.2000000000003,2687.6000000000004,60,48364860.0,0.0,31004,2688.2000000000003,0
1729576860000,2688.0,2689.0,2686.8,2686.8,97,78220560.0,0.0,31030,2687.6000000000004,0
1729576920000,2686.8,2686.8,2685.0,2685.0,51,41093760.00000001,0.0,31056,2686.8,0
1729576980000,2685.0,2688.6,2684.4,2688.6,58,46751340.00000001,0.0,31066,2685.0,0
1729577040000,2688.6000000000004,2691.4000000000005,2688.6000000000004,2691.2000000000003,114,92014260.0,0.0,31084,2688.6000000000004,0
1729577100000,2691.4,2691.4,2689.2000000000003,2689.2000000000003,82,66172440.00000001,0.0,31094,2691.2000000000003,0
1729577160000,2689.6000000000004,2690.4,2687.8,2689.0,49,39530880.00000001,0.0,31113,2689.2000000000003,0
1729577220000,2689.2000000000003,2689.2000000000003,2687.4,2688.4,30,24195540.0,0.0,31120,2689.0,0
1729577280000,2688.8,2688.8,2686.0,2686.0,70,56427120.0,0.0,31141,2688.4,0
1729577340000,2686.6000000000004,2688.6000000000004,2686.2000000000003,2688.6000000000004,29,23380380.000000004,0.0,31150,2686.0000000000005,0
1729577400000,2689.0,2691.2,2689.0,2689.2,58,46810200.0,0.0,31176,2688.6,0
1729577460000,2689.8,2690.4,2688.4,2688.4,19,15328260.0,0.0,31187,2689.2000000000003,0
1729577520000,2688.2,2690.6,2687.0,2690.6,46,37100040.0,0.0,31200,2688.4,0
1729577580000,2690.0,2691.4,2688.8,2689.6000000000004,75,60527820.0,0.0,31230,2690.6000000000004,0
1729577640000,2688.8,2689.2000000000003,2687.2000000000003,2688.2000000000003,35,28222740.0,0.0,31252,2689.6000000000004,0
1729577700000,2688.6000000000004,2691.2000000000003,2688.6000000000004,2690.4000000000005,53,42774300.00000001,0.0,31274,2688.2000000000003,0
1729577760000,2690.4,2693.6000000000004,2689.8,2693.0,105,84811740.0,0.0,31308,2690.4,0
1729577820000,2693.2000000000003,2696.2000000000003,2692.4,2695.6,127,102668100.0,0.0,31339,2693.0,0
1729577880000,2695.6000000000004,2695.8,2692.6000000000004,2694.4000000000005,111,89716320.00000001,0.0,31377,2695.6000000000004,0
1729577940000,2694.4,2694.6,2693.4,2694.0,26,21013800.0,0.0,31392,2694.4,0
1729578000000,2693.8,2696.6000000000004,2693.8,2694.8,78,63069060.00000001,0.0,31441,2694.0,0
1729578060000,2694.2000000000003,2694.8,2692.8,2693.8,73,58988280.00000001,0.0,31475,2694.8,0
1729578120000,2694.4000000000005,2694.4000000000005,2691.6000000000004,2691.6000000000004,49,39582060.00000001,0.0,31493,2693.8,0
1729578180000,2691.8,2693.2000000000003,2691.6000000000004,2693.2000000000003,18,14539560.000000002,0.0,31498,2691.6000000000004,0
1729578240000,2693.8,2696.8,2693.8,2696.0,74,59843160.0,0.0,31523,2693.2000000000003,0
1729578300000,2696.0,2696.4,2694.8,2696.4,57,46095240.00000001,0.0,31530,2696.0,0
1729578360000,2696.4,2697.0,2695.0,2696.6,69,55811760.0,0.0,31549,2696.4,0
1729578420000,2695.6000000000004,2696.4000000000005,2694.6000000000004,2696.4000000000005,53,42858960.00000001,0.0,31568,2696.6000000000004,0
1729578480000,2696.6,2696.8,2695.4,2696.8,56,45297120.0,0.0,31598,2696.4,0
1729578540000,2697.0,2699.0,2696.8,2699.0,86,69610499.99999999,0.0,31628,2696.8,0
1729578600000,2699.2000000000003,2701.0000000000005,2697.6000000000004,2699.8,134,108512700.0,0.0,31654,2699.0000000000005,0
1729578660000,2699.6000000000004,2702.0000000000005,2696.2000000000003,2696.4,169,136828920.0,0.0,31687,2699.8,0
1729578720000,2696.6000000000004,2699.2000000000003,2693.2000000000003,2693.6000000000004,109,88151160.0,0.0,31741,2696.4,0
1729578780000,2694.0000000000005,2695.2000000000003,2693.6000000000004,2694.0000000000005,79,63856980.00000001,0.0,31778,2693.6000000000004,0
1729578840000,2693.8,2694.2000000000003,2692.6000000000004,2693.4000000000005,49,39589080.0,0.0,31804,2694.0000000000005,0
1729578900000,2693.4,2693.4,2692.0,2692.0,47,37964340.0,0.0,31826,2693.4,0
1729578960000,2692.0,2694.4,2692.0,2693.6,75,60594960.0,0.0,31865,2692.0,0
1729579020000,2693.6,2693.6,2691.0,2692.2,64,51685680.0,0.0,31906,2693.6,0
1729579080000,2692.0,2692.0,2690.8,2691.0,43,34716180.0,0.0,31925,2692.2000000000003,0
1729579140000,2691.2000000000003,2691.2000000000003,2689.6000000000004,2690.2000000000003,53,42779040.00000001,0.0,31945,2691.0000000000005,0
1729579200000,2690.8,2692.6000000000004,2690.8,2691.2000000000003,76,61371360.00000001,0.0,31968,2690.2000000000003,0
1729579260000,2690.8,2692.2,2690.0,2690.6,43,34714800.0,0.0,31997,2691.2,0
1729579320000,2690.8,2694.2000000000003,2690.8,2693.0,69,55738020.0,0.0,32019,2690.6000000000004,0
1729579380000,2693.0,2693.2000000000003,2692.4,2692.4,47,37967640.0,0.0,32053,2693.0,0
1729579440000,2692.8,2693.4,2692.0,2692.0,26,21003000.0,0.0,32070,2692.4,0
1729579500000,2691.8,2692.8,2691.4,2691.4,43,34728539.99999999,0.0,32092,2692.0,0
1729579560000,2692.0,2693.6,2691.4,2692.2000000000003,41,33114780.000000004,0.0,32112,2691.4,0
1729579620000,2692.2000000000003,2692.8,2691.4,2692.6,57,46037880.0,0.0,32132,2692.2000000000003,0
1729579680000,2692.0,2692.4,2691.4,2692.0,48,38761200.00000001,0.0,32160,2692.6,0
1729579740000,2691.2000000000003,2693.4,2691.2000000000003,2693.2000000000003,65,52502580.0,0.0,32191,2692.0000000000005,0
1729579800000,2693.4,2695.6,2693.4,2695.2000000000003,101,81653880.00000001,0.0,32239,2693.2000000000003,0
1729579860000,2695.6000000000004,2698.0000000000005,2695.2000000000003,2698.0000000000005,114,92220360.0,0.0,32269,2695.2000000000003,0
1729579920000,2697.4,2697.6000000000004,2696.2000000000003,2696.4,60,48540960.0,0.0,32289,2698.0000000000005,0
1729579980000,2696.4,2697.6,2696.4,2696.4,91,73625100.0,0.0,32337,2696.4,0
1729580040000,2696.2000000000003,2696.8,2694.8,2695.2000000000003,98,79258500.00000001,0.0,32404,2696.4,0
1729580100000,2695.6,2696.4,2695.0,2696.4,101,81674400.0,0.0,32442,2695.2,0
1729580160000,2696.2000000000003,2696.8,2695.8,2696.6000000000004,75,60667680.0,0.0,32465,2696.4,0
1729580220000,2696.8,2696.8,2695.8,2696.6000000000004,68,55002480.00000001,0.0,32480,2696.6000000000004,0
1729580280000,2696.4,2698.2,2696.0,2698.0,123,99519120.00000001,0.0,32510,2696.6,0
1729580340000,2698.4,2700.4,2698.0,2700.2,182,147379920.0,0.0,32563,2698.0,0
1729580400000,2700.2,2700.2,2699.0,2699.2,181,146590380.00000003,2694.0,32673,2700.2,0
1729647000000,2695.0,2695.0,2695.0,2695.0,29,23446500.000000004,0.0,32655,2699.2,0
1729647060000,2697.2,2697.2,2692.0,2693.8,448,362091960.00000006,0.0,32367,2695.0,0
1729647120000,2694.4,2694.4,2689.8,2692.2000000000003,437,352911180.0,0.0,32085,2693.8,0
1729647180000,2692.4,2695.0,2691.4,2694.8,254,205194900.00000003,0.0,31914,2692.2000000000003,0
1729647240000,2695.0,2695.2000000000003,2691.8,2694.0,143,115555020.0,0.0,31838,2694.8,0
1729647300000,2694.0,2698.2000000000003,2692.4,2698.0,221,178682940.0,0.0,31720,2694.0,0
1729647360000,2698.0,2702.6,2697.0,2701.6,332,268918200.00000006,0.0,31589,2698.0,0
1729647420000,2702.6000000000004,2703.4,2695.2000000000003,2696.2000000000003,370,299650020.0,0.0,31420,2701.6000000000004,0
1729647480000,2696.4,2697.2000000000003,2693.2000000000003,2695.2000000000003,229,185162040.00000003,0.0,31327,2696.2000000000003,0
1729647540000,2695.0,2698.8,2695.0,2698.8,127,102763380.00000001,0.0,31260,2695.2,0
1729647600000,2698.8,2699.8,2697.2000000000003,2698.0000000000005,145,117383460.0,0.0,31190,2698.8,0
1729647660000,2698.2000000000003,2698.8,2694.8,2695.2000000000003,194,156918900.00000003,0.0,31154,2698.0,0
1729647720000,2696.4,2700.6,2696.4,2700.2000000000003,144,116589660.00000001,0.0,31092,2695.2000000000003,0
1729647780000,2700.2000000000003,2701.0000000000005,2695.6000000000004,2696.4000000000005,106,85818240.00000001,0.0,31035,2700.2000000000003,0
1729647840000,2696.0,2697.4,2694.4,2697.0,86,69549959.99999999,0.0,30990,2696.4,0
1729647900000,2697.2000000000003,2697.6000000000004,2694.6000000000004,2696.6000000000004,108,87354360.00000001,0.0,30927,2697.0000000000005,0
1729647960000,2696.6000000000004,2698.8,2695.2000000000003,2698.8,90,72821460.0,0.0,30887,2696.6000000000004,0
1729648020000,2699.4,2700.8,2697.8,2698.6000000000004,98,79361760.0,0.0,30846,2698.8,0
1729648080000,2698.8,2698.8,2693.8,2694.2000000000003,107,86527020.00000001,0.0,30793,2698.6000000000004,0
1729648140000,2693.2000000000003,2695.4000000000005,2691.6000000000004,2694.8,128,103429560.0,0.0,30743,2694.2000000000003,0
1729648200000,2694.2000000000003,2694.2000000000003,2690.4,2690.8,129,104178240.0,0.0,30667,2694.8,0
1729648260000,2691.8,2694.2,2690.0,2692.8,117,94480380.0,0.0,30608,2690.8,0
1729648320000,2693.2000000000003,2693.6000000000004,2691.2000000000003,2692.8,74,59765040.00000001,0.0,30573,2692.8,0
1729648380000,2693.0,2695.4,2690.4,2694.6,145,117177780.0,0.0,30528,2692.8,0
1729648440000,2694.6000000000004,2695.4,2692.2000000000003,2693.0000000000005,120,96975060.0,0.0,30471,2694.6000000000004,0
1729648500000,2692.8,2693.8,2691.2000000000003,2692.6000000000004,128,103389660.0,0.0,30424,2693.0000000000005,0
1729648560000,2692.6000000000004,2694.6000000000004,2690.8,2691.4,154,124405380.0,0.0,30404,2692.6000000000004,0
1729648620000,2692.6,2693.6,2690.0,2693.0,186,150214140.0,0.0,30368,2691.4,0
1729648680000,2691.8,2695.4,2691.8,2694.6000000000004,248,200435760.0,0.0,30302,2693.0,0
1729648740000,2694.6000000000004,2697.4000000000005,2694.6000000000004,2697.0000000000005,123,99477960.0,0.0,30251,2694.6000000000004,0
1729648800000,2696.4000000000005,2697.0000000000005,2694.6000000000004,2695.6000000000004,78,63077460.0,0.0,30240,2697.0000000000005,0
1729648860000,2695.4000000000005,2699.4000000000005,2694.6000000000004,2699.2000000000003,143,115732500.00000001,0.0,30205,2695.6000000000004,0
1729648920000,2698.8,2701.8,2698.6000000000004,2699.0000000000005,239,193645200.00000003,0.0,30137,2699.2000000000003,0
1729648980000,2698.6,2701.4,2698.0,2699.0,177,143368020.0,0.0,30108,2699.0,0
1729649040000,2698.6000000000004,2700.2000000000003,2697.2000000000003,2699.6000000000004,82,66386280.00000001,0.0,30087,2699.0000000000005,0
1729649100000,2699.8,2700.0000000000005,2696.6000000000004,2698.0000000000005,90,72847200.0,0.0,30067,2699.6000000000004,0
1729649160000,2698.0000000000005,2698.6000000000004,2695.2000000000003,2695.4,108,87373200.00000001,0.0,30032,2698.0000000000005,0
1729649220000,2695.2000000000003,2697.0000000000005,2694.2000000000003,2697.0000000000005,97,78435780.0,0.0,30008,2695.4,0
1729649280000,2697.4,2701.4,2697.4,2701.4,198,160380480.00000003,0.0,29944,2697.0,0
1729649340000,2701.4,2704.0000000000005,2701.2000000000003,2703.8,222,180007080.00000003,0.0,29888,2701.4,0
1729649400000,2703.6000000000004,2708.2000000000003,2701.8,2707.6000000000004,202,163935960.00000003,0.0,29826,2703.8,0
1729649460000,2707.4,2707.4,2704.2000000000003,2706.2000000000003,151,122578800.00000001,0.0,29802,2707.6000000000004,0
1729649520000,2707.0,2710.4,2707.0,2710.0,245,199112160.0,0.0,29768,2706.2,0
1729649580000,2709.2,2710.6,2708.0,2709.8,145,117844920.0,0.0,29696,2710.0,0
1729649640000,2710.2,2710.8,2707.0,2707.2,130,105668580.0,0.0,29665,2709.8,0
1729649700000,2707.0,2709.2000000000003,2705.4,2708.6,141,114492480.0,0.0,29607,2707.2000000000003,0
1729649760000,2707.6000000000004,2709.0000000000005,2703.2000000000003,2703.2000000000003,130,105526140.0,0.0,29560,2708.6000000000004,0
1729649820000,2703.6,2708.4,2702.4,2707.4,181,146871480.00000003,0.0,29552,2703.2000000000003,0
1729649880000,2707.4,2707.4,2704.2000000000003,2704.8,91,73864440.0,0.0,29543,2707.4,0
1729649940000,2704.8,2707.2000000000003,2704.8,2705.6000000000004,143,116094480.00000001,0.0,29548,2704.8,0
1729650000000,2705.6000000000004,2709.2000000000003,2705.6000000000004,2708.0000000000005,67,54430740.0,0.0,29539,2705.6000000000004,0
1729650060000,2708.6,2708.6,2706.0,2706.4,78,63353340.0,0.0,29535,2708.0,0
1729650120000,2706.4,2711.0,2706.4,2710.6,104,84537000.0,0.0,29519,2706.4,0
1729650180000,2711.0000000000005,2714.0000000000005,2709.2000000000003,2713.4,168,136689360.0,0.0,29479,2710.6000000000004,0
1729650240000,2713.2000000000003,2717.0000000000005,2713.2000000000003,2716.0000000000005,196,159669480.00000003,0.0,29454,2713.4,0
1729650300000,2715.6,2717.6,2714.0,2717.0,194,158069460.00000003,0.0,29405,2716.0,0
1729650360000,2717.0,2717.2,2712.0,2712.8,183,149054160.0,0.0,29365,2717.0,0
1729650420000,2713.6000000000004,2717.0000000000005,2713.6000000000004,2715.4000000000005,133,108337920.0,0.0,29339,2712.8,0
1729650480000,2715.2000000000003,2715.2000000000003,2710.4,2713.0,274,222963180.0,0.0,29308,2715.4,0
1729650540000,2713.0000000000005,2714.8,2711.2000000000003,2712.0000000000005,119,96862440.0,0.0,29291,2713.0000000000005,0
1729650600000,2712.0,2712.0,2708.4,2711.4,178,144720180.0,0.0,29259,2712.0,0
1729650660000,2711.2000000000003,2713.0,2709.8,2711.6000000000004,123,100048620.0,0.0,29241,2711.4,0
1729650720000,2711.4,2712.8,2710.2000000000003,2712.8,131,106556100.0,0.0,29241,2711.6000000000004,0
1729650780000,2712.8,2716.6000000000004,2711.8,2713.4,221,179950320.0,0.0,29251,2712.8,0
1729650840000,2713.4000000000005,2716.0000000000005,2712.6000000000004,2716.0000000000005,158,128633880.0,0.0,29253,2713.4000000000005,0
1729650900000,2716.2000000000003,2717.2000000000003,2714.6000000000004,2715.0000000000005,126,102667980.00000001,0.0,29256,2716.0000000000005,0
1729650960000,2715.6000000000004,2718.2000000000003,2715.6000000000004,2717.6000000000004,160,130419360.0,0.0,29246,2715.0000000000005,0
1729651020000,2717.2000000000003,2717.2000000000003,2712.6000000000004,2713.8,143,116455380.00000001,0.0,29237,2717.6000000000004,0
1729651080000,2714.2000000000003,2716.2000000000003,2712.8,2715.4,117,95282880.0,0.0,29229,2713.8,0
1729651140000,2715.6,2715.6,2710.0,2710.2,107,87058140.00000001,0.0,29219,2715.4,0
1729651200000,2710.2000000000003,2713.0,2709.8,2711.2000000000003,99,80516040.00000001,0.0,29218,2710.2000000000003,0
1729651260000,2711.2000000000003,2711.2000000000003,2705.6000000000004,2706.6000000000004,167,135662940.0,0.0,29189,2711.2000000000003,0
1729651320000,2706.6,2707.8,2706.0,2706.4,111,90135540.00000001,0.0,29178,2706.6,0
1729651380000,2706.4,2706.4,2703.4,2705.2000000000003,141,114406680.00000001,0.0,29174,2706.4,0
1729651440000,2705.4,2708.2,2704.0,2708.2,136,110397060.00000001,0.0,29138,2705.2,0
1729651500000,2707.8,2708.6000000000004,2706.2000000000003,2706.2000000000003,84,68228640.0,0.0,29118,2708.2000000000003,0
1729651560000,2706.8,2708.6,2705.0,2705.0,87,70658760.0,0.0,29098,2706.2,0
1729651620000,2705.6,2707.0,2705.0,2706.2,47,38157480.0,0.0,29094,2705.0,0
1729651680000,2706.2000000000003,2706.2000000000003,2702.6000000000004,2702.6000000000004,133,107895780.0,0.0,29096,2706.2000000000003,0
1729651740000,2702.8,2706.0,2702.8,2704.6000000000004,62,50298540.0,0.0,29084,2702.6000000000004,0
1729651800000,2704.4,2705.4,2703.4,2703.8,89,72198120.0,0.0,29075,2704.6,0
1729651860000,2704.0,2706.8,2704.0,2705.0,60,48698880.0,0.0,29064,2703.8,0
1729651920000,2704.8,2705.6,2704.0,2704.2,53,43004760.00000001,0.0,29065,2705.0,0
1729651980000,2703.8,2704.4,2702.0,2703.6,90,72983640.0,0.0,29046,2704.2,0
1729652040000,2703.6,2704.6,2702.4,2703.6,55,44605680.0,0.0,29054,2703.6,0
1729652100000,2703.8,2705.8,2703.8,2705.4,67,54365340.0,0.0,29052,2703.6000000000004,0
1729652160000,2705.8,2708.2000000000003,2704.4,2706.6,76,61712940.00000001,0.0,29047,2705.4,0
1729652220000,2707.0000000000005,2707.8,2705.2000000000003,2707.4,63,51160680.00000001,0.0,29057,2706.6000000000004,0
1729652280000,2706.6000000000004,2708.0000000000005,2706.6000000000004,2707.2000000000003,33,26801820.000000004,0.0,29060,2707.4000000000005,0
1729652340000,2707.4000000000005,2708.6000000000004,2706.6000000000004,2707.4000000000005,33,26805060.0,0.0,29055,2707.2000000000003,0
1729652400000,2707.2000000000003,2708.6000000000004,2705.2000000000003,2706.0000000000005,61,49538520.00000001,0.0,29059,2707.4,0
1729652460000,2705.2000000000003,2706.8,2704.2000000000003,2706.4,72,58444380.0,0.0,29058,2706.0000000000005,0
1729652520000,2706.4000000000005,2707.8,2705.6000000000004,2707.0000000000005,78,63338640.00000001,0.0,29052,2706.4000000000005,0
1729652580000,2707.0,2707.8,2706.4,2707.2000000000003,43,34922639.99999999,0.0,29049,2707.0,0
1729652640000,2707.2000000000003,2709.4,2705.8,2709.4,48,38991840.00000001,0.0,29051,2707.2000000000003,0
1729652700000,2709.2,2709.8,2707.0,2709.8,57,46308180.0,0.0,29055,2709.4,0
1729652760000,2709.8,2710.8,2708.8,2708.8,67,54469680.0,0.0,29049,2709.8,0
1729652820000,2709.0000000000005,2710.2000000000003,2708.6000000000004,2709.2000000000003,41,33325740.000000004,0.0,29046,2708.8,0
1729652880000,2708.4,2708.8,2707.2000000000003,2707.6000000000004,49,39806220.0,0.0,29041,2709.2000000000003,0
1729652940000,2707.8,2712.0,2707.8,2711.8,82,66689520.00000001,0.0,29039,2707.6000000000004,0
1729653000000,2711.8,2713.4,2711.0,2712.0,85,69160320.0,0.0,29036,2711.8,0
1729653060000,2712.4000000000005,2712.4000000000005,2709.6000000000004,2709.6000000000004,52,42289980.0,0.0,29046,2712.0000000000005,0
1729653120000,2710.2000000000003,2713.4,2709.8,2713.2000000000003,76,61840620.00000001,0.0,29043,2709.6000000000004,0
1729653180000,2714.0,2714.6,2713.4,2713.6,73,59438760.00000001,0.0,29055,2713.2000000000003,0
1729653240000,2713.4,2715.6000000000004,2712.8,2715.2000000000003,84,68393400.0,0.0,29034,2713.6000000000004,0
1729653300000,2715.0000000000005,2715.2000000000003,2712.2000000000003,2714.8,102,83044320.00000001,0.0,29024,2715.2000000000003,0
1729653360000,2715.4,2719.0,2714.8,2719.0,229,186680820.00000003,0.0,28996,2714.8,0
1729653420000,2719.0000000000005,2723.4000000000005,2718.6000000000004,2722.6000000000004,223,182011500.0,0.0,28985,2719.0000000000005,0
1729653480000,2722.4,2723.6,2720.0,2720.6,138,112685040.00000001,0.0,28992,2722.6,0
1729653540000,2720.8,2721.0,2716.4,2717.6,142,115792020.00000001,0.0,28976,2720.6,0
1729653600000,2717.4,2717.4,2714.0,2714.8,135,109972920.0,0.0,28993,2717.6,0
1729653660000,2714.8,2715.8,2713.4,2713.4,58,47235840.00000001,0.0,28984,2714.8,0
1729653720000,2713.4,2713.6,2711.4,2712.2000000000003,137,111477540.0,0.0,28965,2713.4,0
1729653780000,2712.2,2713.6,2709.0,2710.0,152,123633000.00000001,0.0,28998,2712.2,0
1729653840000,2709.6000000000004,2710.0,2706.8,2709.0,210,170601900.0,0.0,29027,2710.0,0
1729653900000,2709.4,2713.4,2708.8,2712.6000000000004,209,170013240.00000003,0.0,29110,2709.0,0
1729653960000,2712.4,2714.2000000000003,2712.2000000000003,2714.2000000000003,91,74071500.0,0.0,29157,2712.6000000000004,0
1729654020000,2714.2000000000003,2715.8,2713.4,2713.4,127,103425720.00000001,0.0,29209,2714.2000000000003,0
1729654080000,2713.6,2714.2000000000003,2712.4,2713.8,58,47212200.0,0.0,29237,2713.4,0
1729654140000,2714.2000000000003,2715.0,2713.8,2715.0,20,16287060.0,0.0,29239,2713.8,0
1729654200000,2715.0,2718.6,2714.4,2718.4,118,96171900.00000001,0.0,29275,2715.0,0
1729659660000,2717.8,2725.2000000000003,2717.8,2718.6000000000004,505,412353360.0,0.0,29353,2718.4,0
1729659720000,2718.8,2721.0,2715.4,2716.0,184,150057360.0,0.0,29397,2718.6,0
1729659780000,2715.4,2717.2000000000003,2713.4,2717.0,186,151505220.00000003,0.0,29443,2716.0,0
1729659840000,2717.0,2721.8,2715.8,2720.0,181,147685920.0,0.0,29459,2717.0,0
1729659900000,2719.6,2722.0,2719.4,2721.6,142,115914780.0,0.0,29492,2720.0,0
1729659960000,2721.2000000000003,2724.4,2721.2000000000003,2722.8,136,111091740.00000001,0.0,29515,2721.6000000000004,0
1729660020000,2722.8,2725.2000000000003,2722.4,2725.2000000000003,79,64553280.00000001,0.0,29523,2722.8,0
1729660080000,2725.2,2725.6,2723.0,2725.2,101,82550700.00000001,0.0,29517,2725.2,0
1729660140000,2724.8,2728.8,2724.8,2728.0,210,171832020.0,0.0,29530,2725.2000000000003,0
1729660200000,2728.2000000000003,2732.8,2726.2000000000003,2732.8,177,144922560.0,0.0,29523,2728.0000000000005,0
1729660260000,2732.8,2734.6,2731.4,2732.6,241,197599320.00000003,0.0,29554,2732.8,0
1729660320000,2732.6000000000004,2734.6000000000004,2731.2000000000003,2731.2000000000003,220,180380520.0,0.0,29578,2732.6000000000004,0
1729660380000,2730.8,2737.8,2729.4,2736.4,252,206667960.00000003,0.0,29594,2731.2000000000003,0
1729660440000,2736.2000000000003,2737.4000000000005,2729.6000000000004,2729.6000000000004,218,178825980.0,0.0,29620,2736.4000000000005,0
1729660500000,2729.6000000000004,2731.8,2725.8,2731.2000000000003,296,242279880.00000003,0.0,29655,2729.6000000000004,0
1729660560000,2731.2,2734.2,2728.0,2728.6,241,197475660.0,0.0,29725,2731.2,0
1729660620000,2728.2,2731.8,2727.0,2728.2,135,110553480.0,0.0,29734,2728.6,0
1729660680000,2727.6000000000004,2730.6000000000004,2726.8,2730.0,105,85947240.0,0.0,29740,2728.2000000000003,0
1729660740000,2730.0,2735.0,2730.0,2732.0,180,147587460.0,0.0,29790,2730.0,0
1729660800000,2731.8,2731.8,2723.0,2724.0,256,209500020.0,0.0,29807,2732.0,0
1729660860000,2723.6,2726.4,2723.4,2724.0,119,97268820.0,0.0,29850,2724.0,0
1729660920000,2723.8,2725.4000000000005,2722.6000000000004,2724.6000000000004,130,106220160.0,0.0,29892,2724.0000000000005,0
1729660980000,2724.4,2726.6,2723.0,2726.6,117,95623320.00000001,0.0,29933,2724.6,0
1729661040000,2727.0,2729.0,2724.4,2724.4,136,111259500.00000001,0.0,29969,2726.6,0
1729661100000,2724.6,2725.2,2723.0,2723.6,87,71100360.0,0.0,29996,2724.4,0
1729661160000,2723.6000000000004,2725.0,2721.8,2724.4,73,59646240.00000001,0.0,30010,2723.6000000000004,0
1729661220000,2724.2000000000003,2724.4,2722.4,2724.0,68,55558560.00000001,0.0,30022,2724.4,0
1729661280000,2724.2000000000003,2725.6000000000004,2723.6000000000004,2725.4000000000005,93,76016340.0,0.0,30054,2724.0000000000005,0
1729661340000,2725.2,2726.0,2722.0,2725.2,87,71090820.00000001,0.0,30095,2725.4,0
1729661400000,2724.4,2725.4,2723.0,2723.2,56,45768480.0,0.0,30118,2725.2,0
1729661460000,2723.4,2726.2000000000003,2723.4,2724.8,75,61307100.0,0.0,30158,2723.2000000000003,0
1729661520000,2725.0000000000005,2725.8,2722.6000000000004,2724.2000000000003,52,42497880.0,0.0,30175,2724.8,0
1729661580000,2724.2,2729.2,2724.0,2728.8,106,86709480.00000001,0.0,30218,2724.2,0
1729661640000,2729.2000000000003,2729.2000000000003,2726.6000000000004,2727.4000000000005,83,67924200.0,0.0,30221,2728.8,0
1729661700000,2727.8,2727.8,2725.0,2726.0,38,31079820.000000004,0.0,30230,2727.4,0
1729661760000,2726.4,2727.4,2725.4,2727.0,44,35994120.00000001,0.0,30243,2726.0,0
1729661820000,2727.0,2729.2,2727.0,2728.4,59,48286980.0,0.0,30269,2727.0,0
1729661880000,2729.2000000000003,2729.2000000000003,2727.6000000000004,2727.8,60,49113240.0,0.0,30300,2728.4000000000005,0
1729661940000,2728.4,2729.8,2725.4,2727.2000000000003,72,58922340.0,0.0,30321,2727.8,0
1729662000000,2727.6000000000004,2727.6000000000004,2722.6000000000004,2722.6000000000004,96,78467340.00000001,0.0,30330,2727.2000000000003,0
1729662060000,2722.6000000000004,2722.8,2721.2000000000003,2721.2000000000003,104,84922740.0,0.0,30342,2722.6000000000004,0
1729662120000,2720.8,2720.8,2716.2000000000003,2719.0000000000005,232,189195660.00000003,0.0,30400,2721.2000000000003,0
1729662180000,2719.2000000000003,2719.8,2717.8,2717.8,112,91353180.00000001,0.0,30415,2719.0,0
1729662240000,2717.2000000000003,2721.2000000000003,2717.2000000000003,2720.8,111,90550680.00000001,0.0,30448,2717.8,0
1729662300000,2719.8,2720.6000000000004,2718.8,2719.6000000000004,50,40791720.0,0.0,30454,2720.8,0
1729662360000,2719.2,2719.2,2717.0,2717.0,57,46475100.0,0.0,30467,2719.6,0
1729662420000,2717.0000000000005,2718.8,2716.2000000000003,2716.6000000000004,66,53801280.00000001,0.0,30477,2717.0000000000005,0
1729662480000,2716.8,2718.0,2716.4,2716.6,51,41573700.0,0.0,30488,2716.6,0
1729662540000,2717.6000000000004,2718.2000000000003,2716.8,2717.8,39,31793280.0,0.0,30508,2716.6000000000004,0
1729662600000,2717.4,2720.8,2717.4,2720.6,68,55476720.00000001,0.0,30539,2717.8,0
1729662660000,2720.4,2721.0,2719.0,2721.0,68,55488120.00000001,0.0,30567,2720.6,0
1729662720000,2720.8,2721.4000000000005,2718.6000000000004,2719.4000000000005,47,38359800.0,0.0,30576,2721.0000000000005,0
1729662780000,2720.2,2722.8,2720.0,2722.2,52,42459900.0,0.0,30579,2719.4,0
1729662840000,2722.8,2723.4,2721.0,2721.6,47,38386500.0,0.0,30596,2722.2,0
1729662900000,2721.4,2722.8,2721.4,2722.6,35,28583160.0,0.0,30602,2721.6,0
1729662960000,2722.6,2722.6,2719.4,2720.0,77,62854740.00000001,0.0,30620,2722.6,0
1729663020000,2719.6,2719.6,2718.0,2719.4,58,47306040.0,0.0,30631,2720.0,0
1729663080000,2718.8,2723.0,2718.4,2722.0,110,89805960.0,0.0,30663,2719.4,0
1729663140000,2722.0,2722.0,2721.0,2721.2,26,21226860.0,0.0,30673,2722.0,0
1729663200000,2721.4,2723.0,2721.0,2721.0,32,26131620.000000004,0.0,30695,2721.2,0
1729663260000,2720.8,2721.8,2720.0,2721.8,30,24486900.0,0.0,30698,2721.0,0
1729663320000,2721.6000000000004,2722.0000000000005,2717.6000000000004,2718.0000000000005,75,61197540.0,0.0,30721,2721.8,0
1729663380000,2718.2000000000003,2718.2000000000003,2712.2000000000003,2712.2000000000003,173,140872440.0,0.0,30747,2718.0000000000005,0
1729663440000,2712.6,2714.8,2712.4,2713.4,205,166883580.0,0.0,30812,2712.2000000000003,0
1729663500000,2713.4,2716.4,2712.8,2715.2000000000003,109,88776420.0,0.0,30846,2713.4,0
1729663560000,2715.6000000000004,2716.2000000000003,2713.2000000000003,2713.2000000000003,68,55375380.00000001,0.0,30868,2715.2000000000003,0
1729663620000,2713.8,2714.0,2712.4,2713.4,101,82210560.00000001,0.0,30900,2713.2000000000003,0
1729663680000,2713.2,2715.0,2713.0,2713.8,117,95263740.00000001,0.0,30949,2713.4,0
1729663740000,2713.8,2714.8,2712.8,2713.2000000000003,68,55364460.00000001,0.0,30992,2713.8,0
1729663800000,2714.0000000000005,2714.0000000000005,2708.2000000000003,2708.2000000000003,142,115471020.0,0.0,31033,2713.2000000000003,0
1729663860000,2708.2000000000003,2709.4,2705.4,2708.2000000000003,175,142124460.0,0.0,31043,2708.2000000000003,0
1729663920000,2708.8,2711.4,2708.0,2709.8,145,117877080.0,0.0,31065,2708.2,0
1729663980000,2709.8,2712.8,2709.8,2712.8,113,91922400.00000001,0.0,31075,2709.8,0
1729664040000,2712.6000000000004,2713.4000000000005,2710.6000000000004,2711.8,120,97643160.0,0.0,31102,2712.8,0
1729664100000,2711.8,2714.0,2711.8,2712.6000000000004,107,87082320.00000001,0.0,31132,2711.8,0
1729664160000,2713.0000000000005,2713.0000000000005,2711.2000000000003,2711.2000000000003,93,75667620.0,0.0,31162,2712.6000000000004,0
1729664220000,2711.4,2714.8,2710.2000000000003,2714.0000000000005,89,72411120.0,0.0,31193,2711.2000000000003,0
1729664280000,2714.0,2716.6,2714.0,2716.4,79,64363620.0,0.0,31204,2714.0,0
1729664340000,2716.8,2716.8,2713.6000000000004,2714.4000000000005,69,56203980.0,0.0,31224,2716.4000000000005,0
1729664400000,2714.2000000000003,2714.2000000000003,2712.2000000000003,2713.6000000000004,57,46396440.0,0.0,31244,2714.4,0
1729664460000,2713.6000000000004,2714.0,2712.8,2713.2000000000003,36,29306820.000000004,0.0,31249,2713.6000000000004,0
1729664520000,2713.2000000000003,2713.2000000000003,2710.8,2711.0,95,77283300.0,0.0,31270,2713.2000000000003,0
1729664580000,2711.4,2715.2000000000003,2711.2000000000003,2714.4,74,60229320.0,0.0,31279,2711.0000000000005,0
1729664640000,2714.8,2715.4,2714.2000000000003,2715.2000000000003,46,37467180.00000001,0.0,31288,2714.4,0
1729664700000,2715.2000000000003,2718.2000000000003,2715.2000000000003,2717.0000000000005,98,79890000.0,0.0,31299,2715.2000000000003,0
1729664760000,2717.0,2718.0,2716.0,2717.4,55,44829000.0,0.0,31309,2717.0,0
1729664820000,2717.4,2718.6000000000004,2717.2000000000003,2717.2000000000003,20,16307700.0,0.0,31316,2717.4,0
1729664880000,2717.6,2718.8,2716.4,2717.2000000000003,68,55441560.00000001,0.0,31330,2717.2000000000003,0
1729664940000,2717.2000000000003,2717.6,2715.4,2715.4,39,31784820.0,0.0,31344,2717.2000000000003,0
1729665000000,2716.0,2719.6000000000004,2715.8,2717.6000000000004,65,52997760.0,0.0,31357,2715.4,0
1729665060000,2717.4000000000005,2718.8,2715.6000000000004,2717.4000000000005,46,37496220.0,0.0,31371,2717.6000000000004,0
1729665120000,2717.6000000000004,2719.6000000000004,2717.6000000000004,2718.8,43,35072579.99999999,0.0,31387,2717.4000000000005,0
1729665180000,2718.6,2718.6,2715.4,2715.4,56,45646740.00000001,0.0,31413,2718.8,0
1729665240000,2715.2000000000003,2715.4000000000005,2713.6000000000004,2714.2000000000003,71,57815640.00000001,0.0,31448,2715.4000000000005,0
1729665300000,2714.0000000000005,2714.0000000000005,2712.6000000000004,2712.8,59,48023040.0,0.0,31446,2714.2000000000003,0
1729665360000,2714.0000000000005,2714.6000000000004,2712.2000000000003,2713.6000000000004,57,46399860.0,0.0,31446,2712.8,0
1729665420000,2714.2000000000003,2716.2000000000003,2713.6000000000004,2713.8,65,52937760.0,0.0,31452,2713.6000000000004,0
1729665480000,2713.4000000000005,2714.4000000000005,2711.6000000000004,2711.6000000000004,56,45579660.0,0.0,31462,2713.8,0
1729665540000,2711.6000000000004,2713.6000000000004,2711.6000000000004,2712.8,39,31740300.000000004,0.0,31459,2711.6000000000004,0
1729665600000,2713.2000000000003,2713.8,2711.2000000000003,2711.2000000000003,40,32553000.0,0.0,31459,2712.8,0
1729665660000,2711.8,2712.8,2711.2000000000003,2712.0000000000005,65,52876560.0,0.0,31439,2711.2000000000003,0
1729665720000,2712.0,2712.2000000000003,2709.4,2709.4,99,80504280.0,0.0,31446,2712.0,0
1729665780000,2709.8,2709.8,2707.6000000000004,2709.0000000000005,76,61757880.0,0.0,31458,2709.4000000000005,0
1729665840000,2708.6000000000004,2710.8,2708.6000000000004,2709.8,138,112182780.00000001,0.0,31497,2709.0000000000005,0
1729665900000,2709.6000000000004,2711.0000000000005,2709.6000000000004,2710.8,43,34962660.0,0.0,31497,2709.8,0
1729665960000,2710.8,2710.8,2708.0,2709.0,70,56897040.0,0.0,31521,2710.8,0
1729666020000,2708.8,2708.8,2707.4,2707.4,75,60932040.0,0.0,31532,2709.0,0
1729666080000,2707.4,2707.8,2706.2000000000003,2707.2000000000003,93,75524040.0,0.0,31548,2707.4,0
1729666140000,2707.4,2708.2000000000003,2706.2000000000003,2706.2000000000003,90,73095120.0,0.0,31552,2707.2000000000003,0
1729666200000,2706.8,2709.4,2706.8,2709.4,91,73935780.0,0.0,31572,2706.2000000000003,0
1729666260000,2709.0,2711.8,2709.0,2711.4,155,126037860.0,0.0,31595,2709.4,0
1729666320000,2711.0,2711.0,2709.0,2710.2,65,52851000.0,0.0,31597,2711.4,0
1729666380000,2710.8,2712.6000000000004,2710.2000000000003,2712.6000000000004,65,52870680.0,0.0,31584,2710.2000000000003,0
1729666440000,2712.6,2712.8,2711.0,2712.8,74,60212640.0,0.0,31608,2712.6,0
1729666500000,2712.6,2714.0,2712.0,2713.4,80,65116920.0,0.0,31623,2712.8,0
1729666560000,2713.4,2713.8,2712.8,2713.4,115,93604440.0,0.0,31674,2713.4,0
1729666620000,2713.6000000000004,2714.0,2712.8,2713.0,104,84654360.0,0.0,31696,2713.4,0
1729666680000,2713.0,2714.0,2711.8,2713.2000000000003,199,161950080.00000003,0.0,31726,2713.0,0
1729666740000,2713.4,2713.6,2713.0,2713.4,66,53721960.00000001,0.0,31727,2713.2,0
1729666800000,2713.6000000000004,2714.2000000000003,2712.6000000000004,2713.4000000000005,184,149774160.00000003,2712.6000000000004,31822,2713.4000000000005,0
1729733400000,2699.6000000000004,2699.6000000000004,2699.6000000000004,2699.6000000000004,33,26726040.000000004,0.0,31809,2713.4000000000005,0
1729733460000,2699.8,2702.8,2697.6000000000004,2702.4000000000005,636,515263800.0,0.0,31418,2699.6000000000004,0
1729733520000,2702.0000000000005,2702.0000000000005,2698.2000000000003,2701.6000000000004,307,248702640.0,0.0,31212,2702.4,0
1729733580000,2701.6000000000004,2705.2000000000003,2700.8,2703.4,294,238396740.0,0.0,31026,2701.6000000000004,0
1729733640000,2703.2000000000003,2707.4,2702.4,2703.4,211,171227040.00000003,0.0,30900,2703.4,0
1729733700000,2703.4,2705.0000000000005,2702.2000000000003,2703.6000000000004,121,98145420.00000001,0.0,30838,2703.4,0
1729733760000,2703.0000000000005,2703.0000000000005,2697.2000000000003,2698.0000000000005,243,196795380.0,0.0,30706,2703.6000000000004,0
1729733820000,2698.0000000000005,2701.6000000000004,2695.2000000000003,2701.6000000000004,218,176418480.0,0.0,30583,2698.0000000000005,0
1729733880000,2701.4,2701.8,2697.2000000000003,2697.6000000000004,249,201650340.00000003,0.0,30434,2701.6000000000004,0
1729733940000,2698.4,2699.6,2696.4,2696.8,99,80132880.0,0.0,30376,2697.6,0
1729734000000,2696.8,2696.8,2691.2000000000003,2691.2000000000003,207,167275560.0,0.0,30289,2696.8,0
1729734060000,2692.4,2692.8,2690.2000000000003,2691.2000000000003,204,164730060.0,0.0,30194,2691.2000000000003,0
1729734120000,2691.2000000000003,2692.6,2687.4,2691.0,231,186401040.0,0.0,30067,2691.2000000000003,0
1729734180000,2691.2000000000003,2692.8,2690.2000000000003,2691.2000000000003,124,100123140.0,0.0,30001,2691.0000000000005,0
1729734240000,2691.6,2695.2000000000003,2690.4,2694.8,207,167224380.00000003,0.0,29857,2691.2000000000003,0
1729734300000,2694.8,2696.0,2691.8,2692.6000000000004,110,88889160.0,0.0,29795,2694.8,0
1729734360000,2693.4000000000005,2694.0000000000005,2691.6000000000004,2693.2000000000003,100,80790660.0,0.0,29743,2692.6000000000004,0
1729734420000,2695.0,2696.2,2693.0,2693.2,114,92167080.0,0.0,29685,2693.2,0
1729734480000,2693.2000000000003,2693.4,2689.8,2692.6000000000004,117,94476060.0,0.0,29630,2693.2000000000003,0
1729734540000,2692.8,2694.4,2691.2000000000003,2692.6000000000004,111,89669520.00000001,0.0,29569,2692.6000000000004,0
1729734600000,2692.2,2693.8,2692.0,2693.6,72,58164480.0,0.0,29543,2692.6,0
1729734660000,2692.4,2693.4,2690.8,2691.4,188,151828740.0,0.0,29444,2693.6000000000004,0
1729734720000,2691.2000000000003,2695.0,2690.8,2694.4,103,83221440.00000001,0.0,29381,2691.4,0
1729734780000,2694.6000000000004,2695.0,2692.8,2694.0,75,60613080.0,0.0,29339,2694.4,0
1729734840000,2693.2000000000003,2693.8,2690.4,2691.0,86,69444360.0,0.0,29286,2694.0,0
1729734900000,2691.2000000000003,2695.0000000000005,2691.2000000000003,2693.8,81,65442779.99999999,0.0,29242,2691.0000000000005,0
1729734960000,2693.6,2694.6,2693.4,2694.2000000000003,46,37180380.0,0.0,29229,2693.8,0
1729735020000,2694.2000000000003,2694.6000000000004,2690.6000000000004,2691.2000000000003,101,81600300.00000001,0.0,29182,2694.2000000000003,0
1729735080000,2691.8,2696.8,2690.8,2695.6000000000004,132,106688940.0,0.0,29123,2691.2000000000003,0
1729735140000,2695.4,2696.0,2693.4,2693.4,63,50927940.00000001,0.0,29097,2695.6,0
1729735200000,2693.4,2693.6000000000004,2691.8,2691.8,51,41195880.00000001,0.0,29078,2693.4,0
1729735260000,2692.0000000000005,2695.0000000000005,2690.6000000000004,2694.0000000000005,97,78379080.00000001,0.0,29018,2691.8,0
1729735320000,2693.2000000000003,2694.6,2691.4,2692.8,89,71898660.0,0.0,28985,2694.0,0
1729735380000,2692.8,2693.8,2691.2000000000003,2691.4,51,41194200.00000001,0.0,28968,2692.8,0
1729735440000,2691.4,2692.8,2688.0,2689.8,99,79903500.0,0.0,28939,2691.4,0
1729735500000,2689.4,2691.6,2689.0,2689.4,97,78286680.0,0.0,28887,2689.8,0
1729735560000,2689.4,2690.0,2686.4,2687.6,136,109684560.00000001,0.0,28815,2689.4,0
1729735620000,2687.6,2692.4,2687.4,2690.4,113,91205340.0,0.0,28756,2687.6,0
1729735680000,2690.6000000000004,2692.6000000000004,2690.2000000000003,2692.4,104,83969880.0,0.0,28707,2690.4,0
1729735740000,2692.6000000000004,2694.2000000000003,2691.6000000000004,2694.2000000000003,91,73517340.0,0.0,28662,2692.4000000000005,0
1729735800000,2694.2,2694.2,2691.0,2692.6,87,70292220.0,0.0,28614,2694.2,0
1729735860000,2692.6000000000004,2695.8,2692.6000000000004,2694.8,96,77614080.00000001,0.0,28573,2692.6000000000004,0
1729735920000,2695.0,2695.0,2692.8,2693.4,72,58189980.0,0.0,28558,2694.8,0
1729735980000,2691.8,2693.6,2691.0,2691.8,66,53306640.00000001,0.0,28531,2693.4,0
1729736040000,2691.0,2692.0,2690.0,2691.4,134,108175320.0,0.0,28460,2691.8,0
1729736100000,2691.2000000000003,2694.2000000000003,2689.8,2691.2000000000003,100,80755200.0,0.0,28412,2691.4,0
1729736160000,2691.2000000000003,2694.4,2691.2000000000003,2693.6000000000004,65,52512660.0,0.0,28388,2691.2000000000003,0
1729736220000,2693.8,2693.8,2691.2000000000003,2692.4,81,65430180.0,0.0,28343,2693.6000000000004,0
1729736280000,2692.8,2693.0000000000005,2691.6000000000004,2692.4000000000005,44,35537040.0,0.0,28328,2692.4000000000005,0
1729736340000,2692.4,2692.4,2689.8,2690.8,82,66195240.00000001,0.0,28284,2692.4,0
1729736400000,2691.0,2694.0,2690.0,2693.8,55,44415960.0,0.0,28261,2690.8,0
1729736460000,2693.8,2694.4,2693.4,2693.8,52,42024840.0,0.0,28237,2693.8,0
1729736520000,2693.6,2693.8,2691.4,2693.6,105,84810780.0,0.0,28216,2693.8,0
1729736580000,2693.8,2693.8,2690.6000000000004,2690.8,79,63789000.00000001,0.0,28170,2693.6000000000004,0
1729736640000,2690.8,2692.8,2690.6000000000004,2691.8,120,96890400.0,0.0,28137,2690.8,0
1729736700000,2691.8,2692.6,2691.0,2692.0,46,37147500.00000001,0.0,28122,2691.8,0
1729736760000,2692.2000000000003,2694.6000000000004,2692.2000000000003,2694.6000000000004,64,51718680.0,0.0,28091,2692.0000000000005,0
1729736820000,2694.0,2695.2000000000003,2693.4,2694.0,81,65472839.99999999,0.0,28055,2694.6,0
1729736880000,2694.2000000000003,2694.8,2693.4,2693.6,117,94564440.00000001,0.0,28028,2694.0,0
1729736940000,2693.2000000000003,2695.2000000000003,2692.4,2693.6,119,96166920.00000001,0.0,27974,2693.6,0
1729737000000,2693.6000000000004,2694.0000000000005,2690.2000000000003,2690.6000000000004,98,79146300.0,0.0,27927,2693.6000000000004,0
1729737060000,2691.0000000000005,2692.6000000000004,2689.2000000000003,2691.8,98,79115700.0,0.0,27896,2690.6000000000004,0
1729737120000,2691.6,2692.6,2690.4,2690.8,86,69440940.0,0.0,27862,2691.8,0
1729737180000,2691.6,2693.0,2691.4,2692.8,41,33117780.000000004,0.0,27850,2690.8,0
1729737240000,2692.8,2694.6000000000004,2692.8,2694.2000000000003,57,46060140.0,0.0,27836,2692.8,0
1729737300000,2693.8,2695.4000000000005,2692.6000000000004,2694.8,61,49307100.0,0.0,27806,2694.2000000000003,0
1729737360000,2694.6000000000004,2694.6000000000004,2692.6000000000004,2693.0000000000005,76,61410420.00000001,0.0,27772,2694.8,0
1729737420000,2693.2000000000003,2694.4,2692.8,2692.8,56,45253440.0,0.0,27753,2693.0,0
1729737480000,2693.4,2693.4,2691.4,2693.0,81,65419680.0,0.0,27722,2692.8,0
1729737540000,2693.0,2694.2000000000003,2692.8,2694.2000000000003,52,42018780.00000001,0.0,27691,2693.0,0
1729737600000,2694.0000000000005,2694.2000000000003,2692.6000000000004,2693.8,47,37977000.0,0.0,27670,2694.2000000000003,0
1729737660000,2694.0,2694.8,2692.4,2693.2000000000003,35,28282140.0,0.0,27656,2693.8,0
1729737720000,2694.0,2694.2000000000003,2691.8,2692.4,24,19389960.000000004,0.0,27648,2693.2000000000003,0
1729737780000,2692.2000000000003,2692.2000000000003,2689.2000000000003,2689.2000000000003,77,62157480.0,0.0,27620,2692.4,0
1729737840000,2689.2000000000003,2689.2000000000003,2685.2000000000003,2685.8,222,178985640.00000003,0.0,27533,2689.2000000000003,0
1729737900000,2685.8,2685.8,2683.8,2684.0,151,121622700.0,0.0,27500,2685.8,0
1729737960000,2683.8,2686.2,2682.0,2684.6,142,114372060.00000001,0.0,27440,2684.0,0
1729738020000,2684.4,2685.4,2683.8,2684.2000000000003,84,67649400.0,0.0,27429,2684.6000000000004,0
1729738080000,2684.2000000000003,2686.8,2683.8,2684.2000000000003,166,133706520.00000001,0.0,27356,2684.2000000000003,0
1729738140000,2685.0000000000005,2686.6000000000004,2683.6000000000004,2686.6000000000004,75,60411180.0,0.0,27333,2684.2000000000003,0
1729738200000,2686.6000000000004,2686.6000000000004,2684.2000000000003,2685.4,205,165132900.0,0.0,27222,2686.6000000000004,0
1729738260000,2684.8,2687.8,2684.8,2686.8,132,106403340.00000001,0.0,27194,2685.4,0
1729738320000,2687.0000000000005,2687.0000000000005,2684.6000000000004,2685.6000000000004,207,166785660.00000003,0.0,27108,2686.8,0
1729738380000,2686.0,2687.4,2686.0,2686.0,35,28209960.0,0.0,27104,2685.6,0
1729738440000,2686.6,2687.0,2685.0,2685.0,69,55598160.0,0.0,27097,2686.0,0
1729738500000,2685.2000000000003,2685.4,2681.2000000000003,2681.4,120,96592440.0,0.0,27055,2685.0000000000005,0
1729738560000,2681.4,2684.0,2681.0,2683.4,127,102205260.00000001,0.0,27034,2681.4,0
1729738620000,2683.2,2686.0,2683.0,2686.0,52,41881560.0,0.0,27023,2683.4,0
1729738680000,2685.4,2685.8,2684.4,2685.2000000000003,60,48330060.0,0.0,27008,2686.0,0
1729738740000,2685.6000000000004,2687.8,2685.6000000000004,2687.6000000000004,125,100755180.0,0.0,27004,2685.2000000000003,0
1729738800000,2687.0,2687.4,2686.0,2687.4,44,35462940.0,0.0,27009,2687.6,0
1729738860000,2687.2000000000003,2688.4,2686.8,2688.0,63,50797620.0,0.0,27000,2687.4,0
1729738920000,2687.6000000000004,2690.2000000000003,2687.2000000000003,2688.8,84,67769100.0,0.0,26988,2688.0000000000005,0
1729738980000,2688.6000000000004,2689.8,2687.8,2689.4,57,45980460.0,0.0,26977,2688.8,0
1729739040000,2690.0000000000005,2691.6000000000004,2689.6000000000004,2691.4000000000005,67,54082260.0,0.0,26952,2689.4000000000005,0
1729739100000,2691.8,2691.8,2689.6000000000004,2689.8,57,46008780.0,0.0,26948,2691.4000000000005,0
1729739160000,2689.8,2691.4,2689.0,2689.0,40,32279940.0,0.0,26937,2689.8,0
1729739220000,2689.0,2690.2000000000003,2688.4,2689.2000000000003,56,45175680.0,0.0,26936,2689.0,0
1729739280000,2689.4000000000005,2691.6000000000004,2688.6000000000004,2691.6000000000004,46,37123620.0,0.0,26922,2689.2000000000003,0
1729739340000,2691.6000000000004,2691.6000000000004,2688.8,2691.0,57,45999360.00000001,0.0,26927,2691.6000000000004,0
1729739400000,2691.0,2691.0,2688.8,2689.2000000000003,48,38731320.00000001,0.0,26922,2691.0,0
1729739460000,2689.6000000000004,2690.2000000000003,2688.8,2690.0,42,33888180.00000001,0.0,26913,2689.2000000000003,0
1729739520000,2689.6,2690.4,2687.4,2687.4,74,59684460.0,0.0,26900,2690.0,0
1729739580000,2687.8,2689.6,2687.0,2689.0,49,39518700.0,0.0,26892,2687.4,0
1729739640000,2689.8,2690.6,2687.0,2687.2,39,31457580.000000004,0.0,26891,2689.0,0
1729739700000,2687.0000000000005,2687.4,2686.2000000000003,2686.6000000000004,51,41105700.0,0.0,26889,2687.2000000000003,0
1729739760000,2686.6000000000004,2688.2000000000003,2685.8,2686.0,27,21762480.0,0.0,26895,2686.6000000000004,0
1729739820000,2685.8,2686.2,2685.0,2686.2,44,35450280.00000001,0.0,26886,2686.0,0
1729739880000,2685.6000000000004,2687.6000000000004,2685.2000000000003,2686.8,38,30621780.000000004,0.0,26886,2686.2000000000003,0
1729739940000,2687.2000000000003,2689.4,2687.2000000000003,2688.4,40,32258340.0,0.0,26890,2686.8,0
1729740000000,2687.8,2688.6000000000004,2687.2000000000003,2687.8,43,34673520.0,0.0,26890,2688.4,0
1729740060000,2687.2000000000003,2688.8,2686.8,2686.8,48,38700420.00000001,0.0,26890,2687.8,0
1729740120000,2686.6000000000004,2689.0000000000005,2686.6000000000004,2688.6000000000004,29,23384400.000000004,0.0,26894,2686.8,0
1729740180000,2689.4,2689.8,2687.2000000000003,2687.6000000000004,26,20973060.0,0.0,26898,2688.6000000000004,0
1729740240000,2687.6000000000004,2688.8,2687.6000000000004,2688.8,21,16935480.000000004,0.0,26899,2687.6000000000004,0
1729740300000,2688.6000000000004,2688.6000000000004,2685.6000000000004,2686.4000000000005,38,30628980.000000004,0.0,26904,2688.8,0
1729740360000,2686.4,2686.6,2684.4,2685.0,41,33030060.000000004,0.0,26907,2686.4,0
1729740420000,2685.0,2686.6000000000004,2684.8,2686.0,44,35453880.0,0.0,26904,2685.0,0
1729740480000,2686.6,2687.6,2686.0,2686.8,52,41913660.0,0.0,26894,2686.0,0
1729740540000,2687.0,2688.6,2687.0,2688.4,47,37899600.00000001,0.0,26879,2686.8,0
1729740600000,2688.6000000000004,2689.8,2686.6000000000004,2688.8,93,75007080.0,0.0,26848,2688.4000000000005,0
1729746060000,2685.6000000000004,2687.8,2684.2000000000003,2685.0000000000005,197,158754840.00000003,0.0,26814,2688.8,0
1729746120000,2685.0,2686.0,2684.0,2685.6,78,62824380.00000001,0.0,26783,2685.0,0
1729746180000,2686.2000000000003,2686.8,2684.2000000000003,2685.4,53,42697980.00000001,0.0,26779,2685.6000000000004,0
1729746240000,2686.0,2687.8,2686.0,2687.0,54,43521240.0,0.0,26760,2685.4,0
1729746300000,2687.0,2687.0,2683.4,2683.8,85,68470020.0,0.0,26731,2687.0,0
1729746360000,2683.2000000000003,2683.4,2682.4,2683.0,63,50706720.00000001,0.0,26717,2683.8,0
1729746420000,2683.2000000000003,2684.6000000000004,2682.6000000000004,2683.0000000000005,76,61191360.00000001,0.0,26716,2683.0000000000005,0
1729746480000,2683.4,2685.6,2683.4,2685.0,37,29798760.0,0.0,26702,2683.0,0
1729746540000,2685.2000000000003,2685.8,2684.2000000000003,2685.2000000000003,46,37052940.0,0.0,26696,2685.0000000000005,0
1729746600000,2685.2000000000003,2687.0000000000005,2684.2000000000003,2684.2000000000003,71,57205080.00000001,0.0,26680,2685.2000000000003,0
1729746660000,2684.2000000000003,2686.4,2683.4,2685.0,69,55577160.0,0.0,26665,2684.2000000000003,0
1729746720000,2685.2,2687.2,2685.0,2685.0,69,55597560.0,0.0,26653,2685.0,0
1729746780000,2684.8,2685.2000000000003,2683.6000000000004,2684.0000000000005,63,50735880.0,0.0,26635,2685.0000000000005,0
1729746840000,2684.2000000000003,2685.4,2684.2000000000003,2684.6000000000004,33,26578680.0,0.0,26640,2684.0000000000005,0
1729746900000,2684.4,2686.4,2684.0,2685.6,49,39472860.00000001,0.0,26636,2684.6,0
1729746960000,2685.4000000000005,2686.0000000000005,2684.6000000000004,2685.0000000000005,44,35444580.00000001,0.0,26642,2685.6000000000004,0
1729747020000,2685.4000000000005,2686.6000000000004,2684.6000000000004,2684.6000000000004,98,78957480.00000001,0.0,26658,2685.0000000000005,0
1729747080000,2685.0,2686.0,2683.4,2684.6,52,41881380.0,0.0,26665,2684.6,0
1729747140000,2684.6000000000004,2685.2000000000003,2682.2000000000003,2683.8,71,57155280.00000001,0.0,26657,2684.6000000000004,0
1729747200000,2683.4000000000005,2685.0000000000005,2682.6000000000004,2684.8,51,41061720.00000001,0.0,26654,2683.8,0
1729747260000,2684.8,2686.2000000000003,2684.2000000000003,2685.6000000000004,69,55582620.00000001,0.0,26649,2684.8,0
1729747320000,2686.2000000000003,2686.6,2684.4,2685.0,49,39475320.0,0.0,26650,2685.6,0
1729747380000,2684.6000000000004,2685.2000000000003,2683.2000000000003,2684.2000000000003,39,31405500.000000004,0.0,26648,2685.0000000000005,0
1729747440000,2684.4,2684.8,2683.0,2683.2,37,29789820.000000004,0.0,26639,2684.2,0
1729747500000,2683.0000000000005,2683.4,2680.2000000000003,2680.4,79,63554520.00000001,0.0,26648,2683.2000000000003,0
1729747560000,2680.2000000000003,2681.4,2679.2000000000003,2681.0000000000005,113,90863040.00000001,0.0,26652,2680.4,0
1729747620000,2681.2000000000003,2682.2000000000003,2680.2000000000003,2680.8,91,73193519.99999999,0.0,26661,2681.0000000000005,0
1729747680000,2680.8,2680.8,2676.8,2677.6000000000004,109,87585660.0,0.0,26681,2680.8,0
1729747740000,2677.0000000000005,2677.6000000000004,2676.6000000000004,2676.8,66,53006820.0,0.0,26690,2677.6000000000004,0
1729747800000,2676.8,2678.8,2676.2000000000003,2678.2000000000003,88,70680180.0,0.0,26717,2676.8,0
1729747860000,2678.0000000000005,2678.2000000000003,2676.6000000000004,2676.6000000000004,40,32131500.0,0.0,26730,2678.2000000000003,0
1729747920000,2676.6000000000004,2678.8,2676.6000000000004,2678.8,61,49001940.00000001,0.0,26742,2676.6000000000004,0
1729747980000,2679.0,2679.6,2678.0,2678.6,74,59470020.0,0.0,26765,2678.8,0
1729748040000,2678.6000000000004,2678.6000000000004,2676.6000000000004,2677.2000000000003,75,60246720.0,0.0,26796,2678.6000000000004,0
1729748100000,2677.6000000000004,2678.6000000000004,2675.2000000000003,2675.2000000000003,62,49792320.0,0.0,26825,2677.2000000000003,0
1729748160000,2675.4,2677.6000000000004,2674.8,2677.6000000000004,102,81876960.0,0.0,26859,2675.2000000000003,0
1729748220000,2677.6000000000004,2679.8,2677.6000000000004,2678.4000000000005,73,58669380.00000001,0.0,26886,2677.6000000000004,0
1729748280000,2678.2000000000003,2678.2000000000003,2676.2000000000003,2678.2000000000003,85,68273760.0,0.0,26940,2678.4,0
1729748340000,2678.2,2679.4,2678.0,2678.6,57,45807120.0,0.0,26962,2678.2,0
1729748400000,2678.2000000000003,2678.8,2677.6000000000004,2678.8,33,26512200.000000004,0.0,26971,2678.6000000000004,0
1729748460000,2678.6,2679.6,2678.0,2678.0,45,36163260.0,0.0,26989,2678.8,0
1729748520000,2678.2000000000003,2679.6000000000004,2677.6000000000004,2679.6000000000004,42,33747000.0,0.0,27008,2678.0000000000005,0
1729748580000,2679.6,2679.6,2678.0,2679.2,20,16073760.0,0.0,27013,2679.6,0
1729748640000,2679.2000000000003,2679.8,2677.6000000000004,2677.8,37,29733960.000000004,0.0,27016,2679.2000000000003,0
1729748700000,2677.8,2679.8,2677.6000000000004,2679.6000000000004,64,51425880.0,0.0,27018,2677.8,0
1729748760000,2679.4,2681.4,2678.4,2679.0,124,99702480.0,0.0,27046,2679.6,0
1729748820000,2678.6,2679.4,2678.4,2678.8,34,27325380.000000004,0.0,27048,2679.0,0
1729748880000,2679.2000000000003,2679.6000000000004,2677.6000000000004,2678.0000000000005,55,44195040.0,0.0,27057,2678.8,0
1729748940000,2678.0,2679.4,2677.8,2678.0,46,36963900.00000001,0.0,27052,2678.0,0
1729749000000,2678.0,2678.2000000000003,2676.4,2677.4,42,33731820.0,0.0,27060,2678.0,0
1729749060000,2677.4,2681.2000000000003,2677.2000000000003,2681.2000000000003,77,61888560.0,0.0,27091,2677.4,0
1729749120000,2681.2000000000003,2681.2000000000003,2679.6000000000004,2680.4000000000005,66,53075760.0,0.0,27102,2681.2000000000003,0
1729749180000,2681.0000000000005,2681.0000000000005,2679.2000000000003,2679.6000000000004,40,32160420.0,0.0,27107,2680.4,0
1729749240000,2679.4,2679.4,2674.4,2675.2000000000003,155,124455540.0,0.0,27149,2679.6,0
1729749300000,2676.2000000000003,2676.2000000000003,2673.4,2673.8,94,75425520.0,0.0,27180,2675.2000000000003,0
1729749360000,2673.8,2675.2000000000003,2671.8,2675.2000000000003,231,185263560.0,0.0,27202,2673.8,0
1729749420000,2675.4,2676.4,2674.4,2675.0,48,38523420.00000001,0.0,27215,2675.2000000000003,0
1729749480000,2674.6,2675.8,2674.4,2674.4,42,33704580.0,0.0,27228,2675.0,0
1729749540000,2674.4000000000005,2675.6000000000004,2673.6000000000004,2675.0000000000005,36,28885200.0,0.0,27237,2674.4000000000005,0
1729749600000,2675.8,2677.0000000000005,2675.2000000000003,2675.4,99,79476060.00000001,0.0,27261,2675.0000000000005,0
1729749660000,2674.4000000000005,2677.2000000000003,2673.6000000000004,2676.4000000000005,64,51372540.0,0.0,27265,2675.4000000000005,0
1729749720000,2677.0,2679.2000000000003,2676.4,2677.8,93,74700840.0,0.0,27301,2676.4,0
1729749780000,2677.6000000000004,2678.8,2676.2000000000003,2677.8,61,48997320.00000001,0.0,27327,2677.8,0
1729749840000,2677.8,2678.6000000000004,2677.2000000000003,2678.4,45,36151200.0,0.0,27342,2677.8,0
1729749900000,2678.4000000000005,2678.8,2677.6000000000004,2678.0000000000005,31,24907200.0,0.0,27347,2678.4000000000005,0
1729749960000,2677.8,2678.4,2676.0,2677.2,54,43369560.0,0.0,27362,2678.0,0
1729750020000,2676.6000000000004,2680.0,2675.8,2680.0,57,45790980.0,0.0,27378,2677.2000000000003,0
1729750080000,2679.8,2682.8,2679.4,2682.8,91,73193159.99999999,0.0,27416,2680.0,0
1729750140000,2682.6000000000004,2683.0000000000005,2680.6000000000004,2682.4000000000005,79,63566640.0,0.0,27423,2682.8,0
1729750200000,2682.4,2682.4,2680.0,2681.0,69,55495740.0,0.0,27434,2682.4,0
1729750260000,2681.2,2685.6,2681.0,2684.8,108,86956260.00000001,0.0,27429,2681.0,0
1729750320000,2684.6,2684.6,2680.0,2680.2,129,103792620.0,0.0,27459,2684.8,0
1729750380000,2680.6000000000004,2681.2000000000003,2679.8,2680.8,55,44231040.0,0.0,27489,2680.2000000000003,0
1729750440000,2681.2,2682.4,2680.0,2681.2,62,49863480.0,0.0,27504,2680.8,0
1729750500000,2680.6000000000004,2681.6000000000004,2680.2000000000003,2680.2000000000003,34,27344760.000000004,0.0,27517,2681.2000000000003,0
1729750560000,2680.0000000000005,2680.6000000000004,2679.6000000000004,2679.8,28,22512420.000000004,0.0,27526,2680.2000000000003,0
1729750620000,2679.6000000000004,2681.0000000000005,2679.6000000000004,2680.2000000000003,31,24928260.000000004,0.0,27523,2679.8,0
1729750680000,2680.6000000000004,2681.0000000000005,2679.6000000000004,2680.4000000000005,54,43422060.00000001,0.0,27536,2680.2000000000003,0
1729750740000,2680.8,2682.2000000000003,2680.2000000000003,2681.4,69,55510560.0,0.0,27556,2680.4,0
1729750800000,2681.4,2683.4,2681.4,2683.2000000000003,39,31386240.0,0.0,27563,2681.4,0
1729750860000,2683.6000000000004,2686.0000000000005,2683.6000000000004,2683.6000000000004,100,80548740.0,0.0,27582,2683.2000000000003,0
1729750920000,2684.4,2685.4,2684.0,2685.0,35,28189860.0,0.0,27588,2683.6,0
1729750980000,2685.0000000000005,2685.4000000000005,2683.6000000000004,2684.8,30,24162120.0,0.0,27592,2685.0000000000005,0
1729751040000,2684.8,2684.8,2682.8,2684.0,46,37034340.00000001,0.0,27600,2684.8,0
1729751100000,2684.4,2687.2,2684.0,2686.0,89,71719920.0,0.0,27620,2684.0,0
1729751160000,2686.0,2686.0,2684.4,2685.4,85,68478360.0,0.0,27651,2686.0,0
1729751220000,2685.2000000000003,2685.4000000000005,2682.6000000000004,2685.4000000000005,62,49918440.0,0.0,27677,2685.4000000000005,0
1729751280000,2685.6,2685.6,2684.0,2684.8,44,35440980.0,0.0,27684,2685.4,0
1729751340000,2684.6000000000004,2684.6000000000004,2682.8,2683.2000000000003,19,15295500.000000002,0.0,27693,2684.8,0
1729751400000,2683.6,2683.6,2682.4,2682.4,17,13683780.000000002,0.0,27694,2683.2000000000003,0
1729751460000,2682.6,2684.0,2682.0,2683.8,47,37831740.0,0.0,27714,2682.4,0
1729751520000,2684.2,2685.2,2683.0,2683.2,88,70856880.0,0.0,27752,2683.8,0
1729751580000,2682.6000000000004,2682.6000000000004,2681.6000000000004,2681.8,26,20920560.0,0.0,27765,2683.2000000000003,0
1729751640000,2681.6000000000004,2683.0000000000005,2681.2000000000003,2682.8,28,22531080.000000004,0.0,27777,2681.8,0
1729751700000,2682.4,2683.4,2681.2000000000003,2681.4,41,32994300.000000004,0.0,27796,2682.8,0
1729751760000,2682.2000000000003,2682.2000000000003,2680.6000000000004,2681.2000000000003,61,49068420.00000001,0.0,27816,2681.4000000000005,0
1729751820000,2681.2,2683.0,2680.0,2683.0,34,27351540.000000004,0.0,27830,2681.2,0
1729751880000,2682.6,2684.6,2682.0,2684.0,64,51527520.00000001,0.0,27856,2683.0,0
1729751940000,2683.2,2685.4,2683.0,2685.2,40,32210580.0,0.0,27872,2684.0,0
1729752000000,2685.2000000000003,2686.0,2682.8,2684.0,118,95046000.00000001,0.0,27945,2685.2000000000003,0
1729752060000,2683.6000000000004,2685.2000000000003,2683.6000000000004,2684.0000000000005,77,62011560.0,0.0,27994,2684.0000000000005,0
1729752120000,2683.6,2684.6,2683.4,2684.6,38,30598860.0,0.0,28011,2684.0,0
1729752180000,2684.4,2685.0000000000005,2683.2000000000003,2683.4,31,24960960.0,0.0,28028,2684.6000000000004,0
1729752240000,2683.6000000000004,2686.4000000000005,2683.6000000000004,2686.4000000000005,61,49134840.0,0.0,28052,2683.4000000000005,0
1729752300000,2686.4,2686.8,2685.4,2685.6,107,86223660.0,0.0,28114,2686.4,0
1729752360000,2685.6,2686.6,2685.0,2685.0,85,68487300.0,0.0,28167,2685.6,0
1729752420000,2685.2,2687.6,2685.0,2686.6,84,67699680.0,0.0,28196,2685.0,0
1729752480000,2686.8,2687.2000000000003,2686.4,2687.2000000000003,65,52395300.0,0.0,28227,2686.6,0
1729752540000,2687.0,2688.0,2684.8,2685.2000000000003,121,97513800.00000001,0.0,28295,2687.2000000000003,0
1729752600000,2685.6000000000004,2686.8,2684.8,2686.8,76,61235220.0,0.0,28343,2685.2000000000003,0
1729752660000,2687.0000000000005,2687.6000000000004,2686.2000000000003,2687.4,110,88668360.0,0.0,28419,2686.8,0
1729752720000,2687.2,2687.4,2686.0,2686.4,90,72545940.0,0.0,28469,2687.4,0
1729752780000,2686.4,2687.0,2686.0,2686.2,44,35461080.00000001,0.0,28489,2686.4,0
1729752840000,2686.0,2687.0,2686.0,2686.8,71,57219720.0,0.0,28518,2686.2,0
1729752900000,2687.2000000000003,2687.6000000000004,2686.8,2687.0,106,85449300.0,0.0,28579,2686.8,0
1729752960000,2687.4,2688.0000000000005,2686.2000000000003,2686.2000000000003,115,92709480.0,0.0,28647,2687.0000000000005,0
1729753020000,2686.4,2686.4,2685.8,2686.0,71,57214140.00000001,0.0,28679,2686.2000000000003,0
1729753080000,2686.2,2686.2,2685.0,2685.4,80,64452420.0,0.0,28701,2686.0,0
1729753140000,2685.6000000000004,2686.0000000000005,2684.6000000000004,2685.0000000000005,156,125665320.00000001,0.0,28751,2685.4000000000005,0
1729753200000,2684.8,2686.4,2684.0,2684.6,233,187717020.00000003,2683.6000000000004,28846,2685.0,0
1729819800000,2685.8,2685.8,2685.8,2685.8,45,36258300.0,0.0,28823,2684.6000000000004,0
1729819860000,2688.8,2689.8,2687.2000000000003,2687.6000000000004,390,314568240.0,0.0,28561,2685.8,0
1729819920000,2687.4,2690.8,2686.4,2687.0,361,291120780.0,0.0,28372,2687.6,0
1729819980000,2686.6,2689.8,2685.4,2689.6,190,153182100.0,0.0,28264,2687.0,0
1729820040000,2689.8,2695.8,2689.8,2693.2000000000003,252,203659260.00000003,0.0,28130,2689.6000000000004,0
1729820100000,2692.4,2694.8,2692.2000000000003,2693.0000000000005,130,105048900.0,0.0,28066,2693.2000000000003,0
1729820160000,2693.4,2694.0,2689.8,2693.4,239,193004880.00000003,0.0,27934,2693.0,0
1729820220000,2693.4,2695.4,2690.2000000000003,2690.2000000000003,172,138950400.0,0.0,27862,2693.4,0
1729820280000,2690.8,2692.8,2688.6000000000004,2689.8,129,104104020.0,0.0,27790,2690.2000000000003,0
1729820340000,2689.8,2689.8,2687.8,2688.6000000000004,79,63726120.0,0.0,27738,2689.8,0
1729820400000,2688.8,2692.0,2688.8,2690.8,127,102507660.00000001,0.0,27671,2688.6000000000004,0
1729820460000,2691.6,2693.6,2690.0,2690.6,153,123564780.0,0.0,27614,2690.8,0
1729820520000,2691.0000000000005,2691.4000000000005,2689.6000000000004,2690.0000000000005,102,82332300.00000001,0.0,27562,2690.6000000000004,0
1729820580000,2689.6000000000004,2689.6000000000004,2686.6000000000004,2687.2000000000003,225,181410360.0,0.0,27526,2690.0000000000005,0
1729820640000,2687.4,2687.8,2686.0,2686.2,87,70125660.00000001,0.0,27492,2687.2,0
1729820700000,2686.2000000000003,2689.2000000000003,2685.2000000000003,2685.2000000000003,121,97542120.00000001,0.0,27429,2686.2000000000003,0
1729820760000,2685.6000000000004,2685.8,2683.8,2685.2000000000003,123,99071040.00000001,0.0,27376,2685.2000000000003,0
1729820820000,2685.2000000000003,2688.4,2685.2000000000003,2687.2000000000003,62,49978800.0,0.0,27348,2685.2000000000003,0
1729820880000,2686.8,2687.2000000000003,2684.4,2684.8,110,88634640.0,0.0,27316,2687.2000000000003,0
1729820940000,2684.2,2686.4,2682.0,2682.4,126,101440080.00000001,0.0,27266,2684.8,0
1729821000000,2682.4,2683.2000000000003,2681.4,2682.2000000000003,159,127942740.00000001,0.0,27212,2682.4,0
1729821060000,2682.2000000000003,2682.2000000000003,2678.6000000000004,2679.4000000000005,237,190566120.0,0.0,27118,2682.2000000000003,0
1729821120000,2679.4,2681.0,2679.0,2679.6,117,94060140.00000001,0.0,27084,2679.4,0
1729821180000,2679.4,2680.0,2678.4,2678.6,114,91632660.0,0.0,27018,2679.6,0
1729821240000,2678.8,2680.6,2678.0,2678.2,91,73141019.99999999,0.0,26998,2678.6,0
1729821300000,2678.2000000000003,2678.6,2676.4,2678.4,93,74695200.00000001,0.0,26969,2678.2000000000003,0
1729821360000,2678.6,2680.6,2677.0,2677.6,192,154256940.00000003,0.0,26973,2678.4,0
1729821420000,2677.6000000000004,2680.0000000000005,2677.2000000000003,2680.0000000000005,64,51437160.00000001,0.0,26958,2677.6000000000004,0
1729821480000,2680.0000000000005,2680.6000000000004,2679.6000000000004,2680.4000000000005,50,40201440.0,0.0,26947,2680.0000000000005,0
1729821540000,2680.2,2680.8,2679.0,2680.2,51,41002020.0,0.0,26931,2680.4,0
1729821600000,2680.2000000000003,2682.4,2680.2000000000003,2680.8,69,55506480.0,0.0,26910,2680.2000000000003,0
1729821660000,2681.0,2682.4,2680.0,2681.6,76,61123740.00000001,0.0,26893,2680.8,0
1729821720000,2681.6000000000004,2682.0000000000005,2679.2000000000003,2680.2000000000003,92,73989780.00000001,0.0,26875,2681.6000000000004,0
1729821780000,2679.8,2680.8,2679.0,2680.0,68,54667500.00000001,0.0,26870,2680.2,0
1729821840000,2679.6000000000004,2680.0000000000005,2678.6000000000004,2679.2000000000003,56,45012600.00000001,0.0,26854,2680.0000000000005,0
1729821900000,2679.0000000000005,2680.4000000000005,2678.6000000000004,2679.0000000000005,60,48229920.0,0.0,26841,2679.2000000000003,0
1729821960000,2679.2000000000003,2679.2000000000003,2676.2000000000003,2677.2000000000003,90,72299160.0,0.0,26819,2679.0000000000005,0
1729822020000,2676.6,2677.0,2673.4,2675.6,201,161285220.0,0.0,26792,2677.2000000000003,0
1729822080000,2675.4,2677.2000000000003,2674.8,2676.2000000000003,217,174188820.0,0.0,26822,2675.6000000000004,0
1729822140000,2676.2,2678.0,2676.0,2678.0,67,53811300.0,0.0,26818,2676.2,0
1729822200000,2678.2000000000003,2679.4000000000005,2677.6000000000004,2679.2000000000003,55,44196240.0,0.0,26809,2678.0000000000005,0
1729822260000,2679.4,2683.2000000000003,2679.4,2683.2000000000003,133,106992060.00000001,0.0,26775,2679.2000000000003,0
1729822320000,2683.0000000000005,2684.8,2681.2000000000003,2681.2000000000003,200,160980360.0,0.0,26743,2683.2000000000003,0
1729822380000,2681.4,2682.4,2679.4,2679.8,132,106168140.00000001,0.0,26735,2681.2000000000003,0
1729822440000,2679.8,2685.6,2679.4,2684.0,111,89341980.00000001,0.0,26716,2679.8,0
1729822500000,2684.4,2688.4,2684.4,2688.4,119,95888040.0,0.0,26688,2684.0,0
1729822560000,2688.4,2695.8,2687.8,2692.4,388,313340400.00000006,0.0,26652,2688.4,0
1729822620000,2691.6,2694.4,2690.4,2693.0,347,280257600.0,0.0,26611,2692.4,0
1729822680000,2693.2,2694.4,2691.0,2691.4,154,124393800.0,0.0,26598,2693.0,0
1729822740000,2692.0,2692.6,2690.4,2691.8,93,75098340.0,0.0,26596,2691.4,0
1729822800000,2692.2000000000003,2692.2000000000003,2688.2000000000003,2689.6000000000004,105,84722460.0,0.0,26564,2691.8,0
1729822860000,2689.8,2689.8,2687.2000000000003,2687.8,93,75020760.0,0.0,26561,2689.6000000000004,0
1729822920000,2688.0000000000005,2690.2000000000003,2686.2000000000003,2688.6000000000004,102,82256220.0,0.0,26544,2687.8,0
1729822980000,2688.4,2688.4,2686.2000000000003,2687.0000000000005,59,47567220.0,0.0,26545,2688.6000000000004,0
1729823040000,2687.4000000000005,2689.0000000000005,2685.6000000000004,2685.6000000000004,101,81439560.00000001,0.0,26517,2687.0000000000005,0
1729823100000,2685.4,2686.8,2685.2000000000003,2685.2000000000003,62,49957740.0,0.0,26499,2685.6000000000004,0
1729823160000,2685.2000000000003,2686.4,2685.2000000000003,2685.2000000000003,28,22559220.000000004,0.0,26492,2685.2000000000003,0
1729823220000,2685.6000000000004,2685.6000000000004,2681.6000000000004,2683.0000000000005,112,90148080.0,0.0,26482,2685.2000000000003,0
1729823280000,2683.0,2686.0,2683.0,2686.0,81,65241059.99999999,0.0,26484,2683.0,0
1729823340000,2685.6,2686.0,2684.4,2685.0,49,39470940.0,0.0,26473,2686.0,0
1729823400000,2685.8,2685.8,2684.2000000000003,2685.4,50,40275180.0,0.0,26466,2685.0000000000005,0
1729823460000,2685.2,2687.6,2685.0,2685.6,129,103957920.00000001,0.0,26470,2685.4,0
1729823520000,2686.2000000000003,2686.4,2683.2000000000003,2685.8,102,82158120.00000001,0.0,26470,2685.6000000000004,0
1729823580000,2685.2000000000003,2686.6000000000004,2684.2000000000003,2684.4,90,72496260.0,0.0,26472,2685.8,0
1729823640000,2684.8,2684.8,2682.2000000000003,2682.6000000000004,63,50709720.00000001,0.0,26472,2684.4,0
1729823700000,2682.2,2682.4,2681.0,2681.6,58,46658400.00000001,0.0,26466,2682.6,0
1729823760000,2681.6000000000004,2682.0000000000005,2680.6000000000004,2681.4000000000005,80,64350120.0,0.0,26460,2681.6000000000004,0
1729823820000,2681.2000000000003,2682.8,2680.6000000000004,2681.4000000000005,86,69191880.0,0.0,26450,2681.4000000000005,0
1729823880000,2681.2000000000003,2681.4000000000005,2679.6000000000004,2679.8,74,59500080.00000001,0.0,26465,2681.4000000000005,0
1729823940000,2680.2000000000003,2681.0,2678.4,2678.8,76,61097400.0,0.0,26477,2679.8,0
1729824000000,2678.6000000000004,2681.0000000000005,2678.6000000000004,2680.4000000000005,47,37787160.0,0.0,26478,2678.8,0
1729824060000,2680.6,2681.6,2680.4,2681.0,44,35390460.00000001,0.0,26472,2680.4,0
1729824120000,2681.0,2682.4,2680.0,2682.4,59,47456820.0,0.0,26480,2681.0,0
1729824180000,2682.4000000000005,2682.4000000000005,2679.6000000000004,2681.6000000000004,63,50676300.00000001,0.0,26487,2682.4000000000005,0
1729824240000,2680.8,2682.8,2680.8,2682.2000000000003,47,37818960.0,0.0,26494,2681.6000000000004,0
1729824300000,2682.0,2684.8,2681.8,2683.0,101,81320700.0,0.0,26487,2682.2000000000003,0
1729824360000,2683.4000000000005,2684.6000000000004,2682.6000000000004,2684.4000000000005,50,40255740.0,0.0,26485,2683.0000000000005,0
1729824420000,2685.0,2685.8,2683.0,2683.8,63,50744880.00000001,0.0,26488,2684.4,0
1729824480000,2684.4,2685.2000000000003,2682.4,2685.2000000000003,46,37036080.0,0.0,26488,2683.8,0
1729824540000,2684.6000000000004,2685.4,2684.2000000000003,2684.6000000000004,30,24163260.0,0.0,26490,2685.2000000000003,0
1729824600000,2684.6000000000004,2685.4,2683.2000000000003,2685.0000000000005,57,45901920.0,0.0,26511,2684.6000000000004,0
1729824660000,2685.4,2687.8,2685.0,2686.2,170,137020800.0,0.0,26522,2685.0,0
1729824720000,2687.0,2688.0,2685.4,2685.8,61,49162620.0,0.0,26533,2686.2000000000003,0
1729824780000,2686.0,2687.8,2686.0,2686.4,57,45946800.0,0.0,26532,2685.8,0
1729824840000,2686.4,2687.6,2685.4,2687.4,74,59640540.00000001,0.0,26539,2686.4,0
1729824900000,2688.0,2689.6,2687.4,2687.6,101,81459900.00000001,0.0,26537,2687.4,0
1729824960000,2688.2000000000003,2689.4,2687.8,2689.2000000000003,55,44364060.0,0.0,26548,2687.6000000000004,0
1729825020000,2689.4,2691.8,2689.4,2690.6,122,98470380.0,0.0,26567,2689.2000000000003,0
1729825080000,2690.6000000000004,2691.4000000000005,2688.6000000000004,2691.2000000000003,66,53263140.0,0.0,26578,2690.6000000000004,0
1729825140000,2691.0,2691.8,2690.0,2690.0,181,146089380.00000003,0.0,26683,2691.2,0
1729825200000,2689.4,2689.8,2687.4,2689.2000000000003,149,120172140.00000001,0.0,26681,2690.0,0
1729825260000,2689.2000000000003,2689.2000000000003,2687.2000000000003,2687.8,86,69346620.0,0.0,26701,2689.2000000000003,0
1729825320000,2688.4,2689.4,2687.2000000000003,2689.0000000000005,80,64526700.0,0.0,26720,2687.8,0
1729825380000,2689.2000000000003,2689.6000000000004,2688.2000000000003,2689.4,53,42755400.00000001,0.0,26736,2689.0000000000005,0
1729825440000,2689.4,2690.8,2687.2000000000003,2687.2000000000003,106,85505760.00000001,0.0,26759,2689.4,0
1729825500000,2687.2000000000003,2691.8,2687.2000000000003,2691.0000000000005,87,70216620.0,0.0,26785,2687.2000000000003,0
1729825560000,2690.8,2694.8,2689.8,2694.2000000000003,183,147847620.00000003,0.0,26814,2691.0,0
1729825620000,2694.0000000000005,2694.0000000000005,2691.2000000000003,2692.4,106,85628880.00000001,0.0,26828,2694.2000000000003,0
1729825680000,2692.6,2693.4,2691.4,2693.4,54,43616040.0,0.0,26847,2692.4,0
1729825740000,2693.6000000000004,2693.6000000000004,2689.6000000000004,2691.2000000000003,121,97679280.00000001,0.0,26882,2693.4000000000005,0
1729825800000,2691.2000000000003,2693.8,2691.2000000000003,2692.8,57,46051200.0,0.0,26899,2691.2000000000003,0
1729825860000,2693.0000000000005,2693.2000000000003,2691.2000000000003,2691.8,71,57346080.0,0.0,26914,2692.8,0
1729825920000,2692.2000000000003,2694.2000000000003,2690.6000000000004,2693.2000000000003,69,55742940.00000001,0.0,26936,2691.8,0
1729825980000,2693.6,2693.6,2689.0,2689.8,122,98481600.0,0.0,26956,2693.2,0
1729826040000,2690.0,2690.8,2689.4,2690.8,75,60532260.0,0.0,26953,2689.8,0
1729826100000,2690.8,2691.8,2688.4,2688.4,82,66180480.00000001,0.0,26960,2690.8,0
1729826160000,2688.4,2688.4,2685.8,2686.4,164,132183600.00000001,0.0,26999,2688.4,0
1729826220000,2686.2,2686.8,2685.0,2685.8,79,63658020.0,0.0,27013,2686.4,0
1729826280000,2686.0000000000005,2687.8,2685.2000000000003,2686.4,63,50779680.00000001,0.0,27024,2685.8,0
1729826340000,2686.6000000000004,2689.4000000000005,2686.6000000000004,2689.4000000000005,49,39508020.00000001,0.0,27029,2686.4000000000005,0
1729826400000,2689.2000000000003,2694.4000000000005,2688.6000000000004,2694.0000000000005,139,112247760.0,0.0,27058,2689.4000000000005,0
1729826460000,2694.2000000000003,2699.0000000000005,2694.2000000000003,2698.2000000000003,318,257313960.00000003,0.0,27113,2694.0000000000005,0
1729826520000,2698.4,2698.4,2692.0,2694.2,203,164096340.00000003,0.0,27175,2698.2,0
1729826580000,2693.8,2694.6,2691.0,2693.2,100,80774580.0,0.0,27207,2694.2,0
1729826640000,2692.2000000000003,2693.0000000000005,2691.6000000000004,2692.6000000000004,45,36345360.0,0.0,27226,2693.2000000000003,0
1729826700000,2693.4,2695.4,2693.4,2694.2000000000003,96,77608080.00000001,0.0,27253,2692.6,0
1729826760000,2694.0000000000005,2696.6000000000004,2692.6000000000004,2695.6000000000004,92,74369400.00000001,0.0,27266,2694.2000000000003,0
1729826820000,2695.4,2701.0,2695.0,2700.6,189,153018960.0,0.0,27292,2695.6,0
1729826880000,2700.4,2700.4,2697.8,2699.0,94,76124580.0,0.0,27317,2700.6000000000004,0
1729826940000,2698.4,2701.2000000000003,2697.2000000000003,2700.8,104,84223380.0,0.0,27357,2699.0000000000005,0
1729827000000,2700.8,2704.8,2699.6000000000004,2704.2000000000003,235,190542840.0,0.0,27410,2700.8,0
1729832460000,2703.4,2709.6,2703.4,2706.0,509,413401380.0,0.0,27525,2704.2000000000003,0
1729832520000,2705.8,2706.6,2702.4,2705.0,224,181761300.00000003,0.0,27591,2706.0,0
1729832580000,2705.0000000000005,2708.0000000000005,2701.6000000000004,2708.0000000000005,165,133888380.0,0.0,27645,2705.0000000000005,0
1729832640000,2708.0,2710.8,2707.0,2710.8,205,166587120.0,0.0,27697,2708.0,0
1729832700000,2710.8,2712.6,2701.4,2703.0,278,225856020.0,0.0,27807,2710.8,0
1729832760000,2703.2000000000003,2707.0000000000005,2703.2000000000003,2705.2000000000003,235,190728120.0,0.0,27909,2703.0000000000005,0
1729832820000,2705.0,2710.2000000000003,2704.8,2706.0,198,160821900.0,0.0,27994,2705.2000000000003,0
1729832880000,2706.2,2708.8,2703.0,2703.4,160,129871560.0,0.0,28067,2706.0,0
1729832940000,2703.2,2703.4,2698.0,2701.4,261,211420080.00000003,0.0,28139,2703.4,0
1729833000000,2702.0000000000005,2704.0000000000005,2701.2000000000003,2703.2000000000003,94,76215840.0,0.0,28172,2701.4,0
1729833060000,2703.0,2706.8,2702.8,2706.8,167,135548459.99999997,0.0,28226,2703.2000000000003,0
1729833120000,2707.0,2707.8,2704.4,2705.4,158,128265540.00000001,0.0,28287,2706.8,0
1729833180000,2705.8,2708.6000000000004,2705.8,2706.4,99,80411040.0,0.0,28310,2705.4,0
1729833240000,2706.0,2706.0,2703.4,2705.0,81,65717640.0,0.0,28347,2706.4,0
1729833300000,2705.0000000000005,2705.0000000000005,2701.6000000000004,2701.8,89,72166680.0,0.0,28362,2705.0000000000005,0
1729833360000,2701.8,2703.8,2700.4,2700.4,115,93205080.0,0.0,28418,2701.8,0
1729833420000,2701.0,2703.6,2700.0,2701.4,94,76183920.0,0.0,28462,2700.4,0
1729833480000,2701.6,2702.6,2700.0,2702.2,48,38895000.00000001,0.0,28477,2701.4,0
1729833540000,2702.6,2702.6,2698.0,2699.6,76,61548420.0,0.0,28495,2702.2,0
1729833600000,2698.8,2699.6000000000004,2696.6000000000004,2697.4000000000005,91,73659840.0,0.0,28528,2699.6000000000004,0
1729833660000,2697.4,2699.4,2697.4,2698.2000000000003,93,75289680.0,0.0,28541,2697.4,0
1729833720000,2698.2000000000003,2699.6000000000004,2696.8,2699.2000000000003,61,49376880.00000001,0.0,28559,2698.2000000000003,0
1729833780000,2699.2,2701.8,2699.0,2701.6,49,39700260.0,0.0,28572,2699.2,0
1729833840000,2701.2000000000003,2701.8,2699.4,2700.8,32,25924980.000000004,0.0,28584,2701.6,0
1729833900000,2700.4,2701.0,2699.0,2699.0,28,22678860.0,0.0,28596,2700.8,0
1729833960000,2698.6000000000004,2703.0000000000005,2698.6000000000004,2702.6000000000004,75,60776280.0,0.0,28625,2699.0000000000005,0
1729834020000,2702.8,2705.0,2701.8,2703.0,54,43793580.00000001,0.0,28641,2702.6000000000004,0
1729834080000,2702.8,2704.2000000000003,2702.2000000000003,2703.0000000000005,49,39739020.0,0.0,28666,2703.0000000000005,0
1729834140000,2703.6000000000004,2704.8,2700.6000000000004,2701.6000000000004,59,47829480.00000001,0.0,28685,2703.0000000000005,0
1729834200000,2701.2000000000003,2701.6000000000004,2699.2000000000003,2699.8,58,46984860.00000001,0.0,28704,2701.6000000000004,0
1729834260000,2699.8,2703.4,2699.8,2700.2000000000003,89,72139080.00000001,0.0,28727,2699.8,0
1729834320000,2699.6000000000004,2700.8,2698.2000000000003,2698.4,103,83414640.0,0.0,28750,2700.2000000000003,0
1729834380000,2698.8,2699.2,2696.0,2696.6,97,78487200.00000001,0.0,28754,2698.4,0
1729834440000,2696.2000000000003,2696.6000000000004,2693.8,2696.4,151,122073660.00000001,0.0,28778,2696.6000000000004,0
1729834500000,2695.8,2696.0,2694.4,2696.0,39,31534500.000000004,0.0,28797,2696.4,0
1729834560000,2696.0,2696.0,2693.8,2693.8,43,34762560.0,0.0,28809,2696.0,0
1729834620000,2693.6000000000004,2694.0000000000005,2692.6000000000004,2693.8,75,60603300.0,0.0,28821,2693.8,0
1729834680000,2693.8,2693.8,2692.2000000000003,2693.4,60,48470580.0,0.0,28843,2693.8,0
1729834740000,2693.4,2694.4,2692.4,2692.4,71,57373260.00000001,0.0,28867,2693.4,0
1729834800000,2692.4,2693.0,2690.0,2691.6,155,125150460.0,0.0,28910,2692.4,0
1729834860000,2691.6,2694.4,2691.4,2694.0,80,64633620.0,0.0,28940,2691.6,0
1729834920000,2694.2000000000003,2694.2000000000003,2690.6000000000004,2691.6000000000004,64,51693600.00000001,0.0,28977,2694.0000000000005,0
1729834980000,2691.8,2693.2000000000003,2691.8,2692.4,43,34732140.0,0.0,28987,2691.6000000000004,0
1729835040000,2691.8,2694.0,2691.8,2693.0,54,43628460.0,0.0,29006,2692.4,0
1729835100000,2693.0,2694.6,2693.0,2693.0,30,24244200.0,0.0,29012,2693.0,0
1729835160000,2693.2000000000003,2693.2000000000003,2690.2000000000003,2690.2000000000003,88,71055840.0,0.0,29057,2693.0000000000005,0
1729835220000,2690.2,2691.2,2689.0,2690.6,85,68592540.0,0.0,29078,2690.2,0
1729835280000,2690.0000000000005,2692.8,2688.6000000000004,2692.2000000000003,66,53274720.00000001,0.0,29093,2690.6000000000004,0
1729835340000,2692.4000000000005,2693.6000000000004,2691.6000000000004,2692.8,55,44429340.0,0.0,29103,2692.2000000000003,0
1729835400000,2692.2000000000003,2693.0000000000005,2690.6000000000004,2691.2000000000003,86,69445440.0,0.0,29144,2692.8,0
1729835460000,2692.2000000000003,2692.6,2691.4,2691.8,27,21804600.0,0.0,29149,2691.2000000000003,0
1729835520000,2692.2000000000003,2694.2000000000003,2692.2000000000003,2693.6000000000004,82,66258840.00000001,0.0,29177,2691.8,0
1729835580000,2693.4000000000005,2693.4000000000005,2691.6000000000004,2693.4000000000005,90,72697680.0,0.0,29221,2693.6000000000004,0
1729835640000,2693.2000000000003,2693.2000000000003,2691.2000000000003,2691.2000000000003,22,17766300.0,0.0,29231,2693.4,0
1729835700000,2691.2000000000003,2693.6000000000004,2691.2000000000003,2692.8,49,39582780.0,0.0,29246,2691.2000000000003,0
1729835760000,2693.2000000000003,2693.2000000000003,2692.2000000000003,2692.6000000000004,18,14540460.000000002,0.0,29246,2692.8,0
1729835820000,2692.2000000000003,2692.4000000000005,2691.6000000000004,2692.2000000000003,28,22613280.0,0.0,29253,2692.6000000000004,0
1729835880000,2692.2000000000003,2693.4,2691.2000000000003,2692.8,33,26654520.000000004,0.0,29246,2692.2000000000003,0
1729835940000,2693.8,2694.6,2692.0,2692.0,72,58179780.0,0.0,29268,2692.8,0
1729836000000,2693.0000000000005,2693.8,2691.6000000000004,2692.8,47,37963260.0,0.0,29278,2692.0000000000005,0
1729836060000,2693.0,2693.0,2691.0,2691.0,47,37954980.0,0.0,29293,2692.8,0
1729836120000,2691.0,2691.0,2686.8,2687.6000000000004,102,82267200.0,0.0,29327,2691.0,0
1729836180000,2687.6,2687.8,2682.4,2683.4,202,162717720.00000003,0.0,29384,2687.6,0
1729836240000,2683.4,2685.6000000000004,2683.2000000000003,2683.4,110,88587840.0,0.0,29422,2683.4,0
1729836300000,2684.8,2684.8,2681.8,2683.0,94,75666720.0,0.0,29442,2683.4,0
1729836360000,2682.8,2686.0000000000005,2682.6000000000004,2685.2000000000003,73,58791900.0,0.0,29452,2683.0000000000005,0
1729836420000,2685.4,2685.8,2683.8,2684.6000000000004,57,45908940.0,0.0,29464,2685.2000000000003,0
1729836480000,2685.0000000000005,2686.4,2684.2000000000003,2684.8,46,37057500.00000001,0.0,29475,2684.6000000000004,0
1729836540000,2684.6,2686.4,2684.4,2686.4,45,36254100.0,0.0,29489,2684.8,0
1729836600000,2686.4,2687.6000000000004,2684.8,2685.8,56,45132300.00000001,0.0,29515,2686.4,0
1729836660000,2686.2,2687.0,2685.0,2686.4,53,42707520.00000001,0.0,29533,2685.8,0
1729836720000,2686.4000000000005,2686.8,2684.6000000000004,2684.8,43,34649340.0,0.0,29542,2686.4000000000005,0
1729836780000,2684.6000000000004,2685.6000000000004,2683.2000000000003,2685.0000000000005,71,57181320.00000001,0.0,29567,2684.8,0
1729836840000,2686.0000000000005,2687.8,2685.6000000000004,2686.8,95,76572960.0,0.0,29607,2685.0000000000005,0
1729836900000,2687.0000000000005,2687.0000000000005,2684.6000000000004,2685.6000000000004,79,63653100.0,0.0,29621,2686.8,0
1729836960000,2685.6,2686.6,2684.4,2685.8,53,42697020.00000001,0.0,29632,2685.6,0
1729837020000,2686.2000000000003,2686.4,2683.8,2683.8,52,41883900.0,0.0,29652,2685.8,0
1729837080000,2684.6,2686.2000000000003,2684.4,2685.8,27,21749940.0,0.0,29658,2683.8,0
1729837140000,2685.8,2685.8,2684.0,2684.4,89,71686080.0,0.0,29683,2685.8,0
1729837200000,2685.4,2685.8,2683.2000000000003,2683.8,64,51534900.0,0.0,29705,2684.4,0
1729837260000,2683.2000000000003,2684.8,2683.2000000000003,2684.2000000000003,42,33819900.0,0.0,29716,2683.8,0
1729837320000,2684.8,2685.2000000000003,2684.2000000000003,2685.0000000000005,38,30606360.0,0.0,29719,2684.2000000000003,0
1729837380000,2685.4000000000005,2685.6000000000004,2681.6000000000004,2682.8,99,79687980.0,0.0,29724,2685.0000000000005,0
1729837440000,2683.4,2683.8,2682.8,2683.0,16,12879300.000000002,0.0,29728,2682.8,0
1729837500000,2683.0000000000005,2684.0000000000005,2682.6000000000004,2683.6000000000004,41,33002520.000000004,0.0,29736,2683.0000000000005,0
1729837560000,2683.2000000000003,2683.2000000000003,2681.6000000000004,2682.8,35,28163100.0,0.0,29739,2683.6000000000004,0
1729837620000,2682.6000000000004,2684.0000000000005,2682.6000000000004,2682.8,29,23343540.000000004,0.0,29749,2682.8,0
1729837680000,2682.6000000000004,2683.0000000000005,2680.6000000000004,2682.4000000000005,76,61138380.00000001,0.0,29756,2682.8,0
1729837740000,2683.0,2686.0,2682.4,2686.0,82,66036660.00000001,0.0,29761,2682.4,0
1729837800000,2685.2,2686.4,2685.0,2685.4,68,54788340.00000001,0.0,29781,2686.0,0
1729837860000,2685.0000000000005,2686.0000000000005,2684.6000000000004,2686.0000000000005,53,42693720.00000001,0.0,29797,2685.4000000000005,0
1729837920000,2686.4,2687.6000000000004,2685.8,2687.4,74,59645220.0,0.0,29817,2686.0,0
1729837980000,2687.0,2689.4,2687.0,2688.4,98,79041780.0,0.0,29853,2687.4,0
1729838040000,2688.8,2689.8,2688.0,2688.0,63,50822160.00000001,0.0,29874,2688.4,0
1729838100000,2688.6000000000004,2690.4000000000005,2688.6000000000004,2690.4000000000005,50,40343520.0,0.0,29888,2688.0000000000005,0
1729838160000,2689.6000000000004,2689.6000000000004,2687.6000000000004,2687.6000000000004,63,50813400.00000001,0.0,29924,2690.4000000000005,0
1729838220000,2687.6000000000004,2689.6000000000004,2687.2000000000003,2687.2000000000003,85,68556540.0,0.0,29955,2687.6000000000004,0
1729838280000,2686.8,2688.0000000000005,2686.2000000000003,2687.8,71,57236160.00000001,0.0,29960,2687.2000000000003,0
1729838340000,2687.0,2687.4,2685.8,2685.8,40,32237340.0,0.0,29958,2687.8,0
1729838400000,2685.8,2686.6000000000004,2685.6000000000004,2686.2000000000003,51,41097360.0,0.0,29968,2685.8,0
1729838460000,2686.2000000000003,2688.2000000000003,2686.2000000000003,2687.8,64,51597240.0,0.0,29966,2686.2000000000003,0
1729838520000,2687.8,2688.0,2686.0,2687.0,60,48361260.0,0.0,29956,2687.8,0
1729838580000,2686.6000000000004,2687.2000000000003,2685.8,2685.8,21,16924980.000000004,0.0,29949,2687.0,0
1729838640000,2686.6000000000004,2687.0000000000005,2684.6000000000004,2684.6000000000004,56,45122340.00000001,0.0,29965,2685.8,0
1729838700000,2684.8,2686.4000000000005,2684.6000000000004,2685.8,85,68475780.0,0.0,29970,2684.6000000000004,0
1729838760000,2686.0,2686.2000000000003,2684.8,2684.8,53,42700560.00000001,0.0,29963,2685.8,0
1729838820000,2685.2000000000003,2686.4,2685.2000000000003,2686.4,58,46736220.00000001,0.0,29955,2684.8,0
1729838880000,2686.4,2686.6000000000004,2685.2000000000003,2685.4,65,52372920.0,0.0,29959,2686.4,0
1729838940000,2685.8,2687.0000000000005,2685.6000000000004,2686.6000000000004,83,66889380.00000001,0.0,29968,2685.4000000000005,0
1729839000000,2686.6000000000004,2686.6000000000004,2685.2000000000003,2686.2000000000003,96,77349240.00000001,0.0,29975,2686.6000000000004,0
1729839060000,2686.2,2687.4,2686.0,2687.0,115,92682360.0,0.0,29962,2686.2,0
1729839120000,2686.8,2688.8,2686.0,2688.4,160,128985960.0,0.0,29938,2687.0,0
1729839180000,2688.0,2688.6,2686.0,2687.0,251,202336680.00000003,0.0,29893,2688.4,0
1729839240000,2687.0,2687.6,2686.0,2686.2,258,207933300.0,0.0,29835,2687.0,0
1729839300000,2686.8,2687.8,2685.8,2687.6000000000004,154,124121160.0,0.0,29802,2686.2000000000003,0
1729839360000,2687.8,2688.4,2686.0,2687.4,349,281363340.0,0.0,29846,2687.6,0
1729839420000,2688.0,2689.6,2686.0,2687.0,428,345044100.00000006,0.0,29916,2687.4,0
1729839480000,2686.6000000000004,2688.0000000000005,2685.6000000000004,2685.6000000000004,417,336074460.0,0.0,29898,2687.0000000000005,0
1729839540000,2686.0,2687.6,2685.4,2687.2000000000003,208,167632380.0,0.0,29918,2685.6,0
1729839600000,2687.2000000000003,2688.0,2686.4,2686.4,139,112052580.0,2686.2000000000003,29995,2687.2000000000003,0
1730079000000,2684.4,2684.4,2684.4,2684.4,48,38655360.00000001,0.0,29966,2686.4,0
1730079060000,2683.4000000000005,2686.0000000000005,2678.6000000000004,2679.8,690,555063420.0,0.0,29484,2684.4000000000005,0
1730079120000,2679.4,2681.2000000000003,2677.4,2678.8,396,318256380.0,0.0,29257,2679.8,0
1730079180000,2678.8,2678.8,2672.0,2676.8,356,285676320.0,0.0,29101,2678.8,0
1730079240000,2677.2,2677.2,2674.0,2677.0,234,187824660.00000003,0.0,28976,2676.8,0
1730079300000,2676.6000000000004,2676.8,2671.8,2672.0,194,155640960.00000003,0.0,28855,2677.0,0
1730079360000,2671.8,2671.8,2664.2000000000003,2667.0000000000005,335,268086180.0,0.0,28680,2672.0000000000005,0
1730079420000,2666.4,2666.4,2662.0,2662.8,257,205413780.0,0.0,28559,2667.0,0
1730079480000,2662.6000000000004,2665.8,2659.6000000000004,2665.8,250,199709580.0,0.0,28437,2662.8,0
1730079540000,2666.0,2666.6,2664.4,2664.6,208,166313520.0,0.0,28287,2665.8,0
1730079600000,2664.8,2665.8,2661.8,2662.0,189,151046400.00000003,0.0,28199,2664.6000000000004,0
1730079660000,2662.6,2665.0,2662.0,2664.4,137,109476420.00000001,0.0,28116,2662.0,0
1730079720000,2664.4,2665.0,2663.0,2665.0,273,218174160.0,0.0,27927,2664.4,0
1730079780000,2664.2,2667.6,2664.0,2667.0,294,235098540.00000003,0.0,27721,2665.0,0
1730079840000,2667.2,2667.4,2665.0,2667.0,219,175155720.00000003,0.0,27607,2667.0,0
1730079900000,2666.6000000000004,2667.0,2663.8,2663.8,106,84764700.00000001,0.0,27549,2667.0,0
1730079960000,2663.6000000000004,2667.0,2662.8,2667.0,129,103121160.0,0.0,27502,2663.8,0
1730080020000,2667.0,2667.4,2664.4,2664.4,74,59179860.0,0.0,27462,2667.0,0
1730080080000,2664.8,2667.2000000000003,2664.4,2664.4,92,73571160.0,0.0,27421,2664.4,0
1730080140000,2664.4,2666.0,2663.0,2666.0,125,99905700.0,0.0,27374,2664.4,0
1730080200000,2665.8,2665.8,2663.6000000000004,2664.0000000000005,75,59953080.0,0.0,27328,2666.0000000000005,0
1730080260000,2664.2000000000003,2664.2000000000003,2661.2000000000003,2662.0000000000005,116,92654040.00000001,0.0,27273,2664.0000000000005,0
1730080320000,2661.6000000000004,2662.6000000000004,2660.8,2662.0,78,62282460.00000001,0.0,27236,2662.0,0
1730080380000,2662.6000000000004,2663.0000000000005,2661.2000000000003,2662.6000000000004,74,59101920.00000001,0.0,27211,2662.0000000000005,0
1730080440000,2663.0,2666.4,2663.0,2666.2,248,198302220.0,0.0,27073,2662.6,0
1730080500000,2666.4,2669.6,2665.4,2669.4,174,139257720.00000003,0.0,27003,2666.2000000000003,0
1730080560000,2669.4,2670.4,2667.8,2670.4,181,144938760.00000003,0.0,26903,2669.4,0
1730080620000,2670.6000000000004,2674.6000000000004,2670.6000000000004,2674.0000000000005,191,153165540.0,0.0,26833,2670.4000000000005,0
1730080680000,2673.6,2673.8,2672.0,2672.4,163,130708080.0,0.0,26719,2674.0,0
1730080740000,2672.4,2673.0000000000005,2671.2000000000003,2673.0000000000005,79,63326460.0,0.0,26683,2672.4,0
1730080800000,2673.0000000000005,2673.6000000000004,2671.2000000000003,2671.8,81,64939800.0,0.0,26644,2673.0000000000005,0
1730080860000,2671.6000000000004,2674.0000000000005,2671.6000000000004,2672.4000000000005,94,75371520.0,0.0,26605,2671.8,0
1730080920000,2672.4,2673.2000000000003,2671.4,2672.6,86,68943840.0,0.0,26572,2672.4,0
1730080980000,2672.2000000000003,2678.0000000000005,2671.6000000000004,2678.0000000000005,264,211980660.00000003,0.0,26425,2672.6000000000004,0
1730081040000,2677.8,2681.2,2676.0,2676.0,235,188843220.0,0.0,26339,2678.0,0
1730081100000,2676.2000000000003,2679.0000000000005,2676.2000000000003,2678.2000000000003,116,93170520.00000001,0.0,26303,2676.0000000000005,0
1730081160000,2678.4,2679.4,2677.4,2678.0,120,96424920.0,0.0,26290,2678.2000000000003,0
1730081220000,2677.8,2678.6000000000004,2676.6000000000004,2677.6000000000004,93,74701980.0,0.0,26262,2678.0000000000005,0
1730081280000,2677.2000000000003,2682.6000000000004,2677.2000000000003,2680.6000000000004,125,100528980.0,0.0,26223,2677.6000000000004,0
1730081340000,2680.6000000000004,2685.2000000000003,2680.6000000000004,2684.2000000000003,156,125593980.00000001,0.0,26170,2680.6000000000004,0
1730081400000,2684.2000000000003,2685.6000000000004,2683.2000000000003,2684.8,188,151397400.00000003,0.0,26081,2684.2000000000003,0
1730081460000,2684.4,2684.6,2682.4,2683.2000000000003,137,110288340.00000001,0.0,26059,2684.8,0
1730081520000,2683.2,2684.6,2681.0,2684.6,141,113467020.00000001,0.0,26024,2683.2,0
1730081580000,2684.2000000000003,2684.2000000000003,2680.8,2680.8,125,100589220.0,0.0,26014,2684.6000000000004,0
1730081640000,2680.6000000000004,2683.2000000000003,2680.6000000000004,2683.2000000000003,110,88483920.0,0.0,25996,2680.8,0
1730081700000,2683.0000000000005,2688.2000000000003,2682.6000000000004,2687.6000000000004,267,215211300.00000003,0.0,25919,2683.2000000000003,0
1730081760000,2688.2,2689.8,2686.0,2686.2,209,168520080.0,0.0,25883,2687.6,0
1730081820000,2686.2000000000003,2687.8,2684.8,2685.4,137,110414220.0,0.0,25849,2686.2000000000003,0
1730081880000,2685.0,2687.0,2682.4,2684.4,128,103086000.0,0.0,25831,2685.4,0
1730081940000,2685.0,2685.0,2681.8,2682.4,110,88536660.0,0.0,25814,2684.4,0
1730082000000,2682.4,2684.6,2681.4,2683.6,72,57952200.0,0.0,25807,2682.4,0
1730082060000,2683.8,2686.0,2682.0,2682.6,177,142529340.0,0.0,25736,2683.6,0
1730082120000,2682.2000000000003,2687.0000000000005,2682.2000000000003,2685.2000000000003,121,97446360.00000001,0.0,25676,2682.6000000000004,0
1730082180000,2685.6000000000004,2687.2000000000003,2685.6000000000004,2687.0000000000005,73,58836540.00000001,0.0,25651,2685.2000000000003,0
1730082240000,2686.0000000000005,2687.8,2685.6000000000004,2685.8,52,41908860.0,0.0,25645,2687.0000000000005,0
1730082300000,2685.8,2685.8,2682.6000000000004,2683.4000000000005,65,52337520.0,0.0,25624,2685.8,0
1730082360000,2682.8,2683.0,2680.8,2681.4,91,73213800.0,0.0,25608,2683.4,0
1730082420000,2681.4,2681.6000000000004,2678.2000000000003,2678.4,95,76359540.0,0.0,25583,2681.4,0
1730082480000,2678.4,2680.2000000000003,2677.8,2680.0,108,86800740.00000001,0.0,25575,2678.4,0
1730082540000,2680.0000000000005,2680.0000000000005,2677.6000000000004,2678.8,83,66704460.00000001,0.0,25550,2680.0000000000005,0
1730082600000,2679.0,2680.4,2678.0,2679.8,92,73947420.00000001,0.0,25517,2678.8,0
1730082660000,2680.0000000000005,2680.4000000000005,2678.6000000000004,2678.8,58,46621980.00000001,0.0,25506,2679.8,0
1730082720000,2678.8,2679.0000000000005,2677.6000000000004,2678.0000000000005,56,44994420.00000001,0.0,25498,2678.8,0
1730082780000,2678.8,2681.0000000000005,2678.6000000000004,2679.2000000000003,99,79588320.00000001,0.0,25476,2678.0000000000005,0
1730082840000,2679.0,2680.6,2678.0,2679.8,94,75559680.00000001,0.0,25456,2679.2,0
1730082900000,2679.8,2680.8,2678.0,2680.8,43,34562520.0,0.0,25438,2679.8,0
1730082960000,2680.8,2681.4,2677.8,2678.8,54,43398720.0,0.0,25427,2680.8,0
1730083020000,2678.6000000000004,2680.6000000000004,2678.6000000000004,2679.0000000000005,30,24115020.0,0.0,25426,2678.8,0
1730083080000,2679.0,2679.0,2676.8,2677.6000000000004,46,36954240.00000001,0.0,25424,2679.0,0
1730083140000,2678.2000000000003,2680.2000000000003,2676.8,2680.0,71,57055680.0,0.0,25397,2677.6000000000004,0
1730083200000,2680.0000000000005,2680.6000000000004,2679.2000000000003,2679.8,55,44220900.0,0.0,25387,2680.0000000000005,0
1730083260000,2679.8,2679.8,2676.8,2677.0,63,50612700.00000001,0.0,25366,2679.8,0
1730083320000,2677.6,2677.6,2675.4,2677.0,51,40944780.00000001,0.0,25350,2677.0,0
1730083380000,2676.2000000000003,2678.6000000000004,2676.2000000000003,2678.6000000000004,73,58640400.00000001,0.0,25335,2677.0000000000005,0
1730083440000,2678.6,2678.6,2676.0,2676.8,48,38553420.00000001,0.0,25334,2678.6,0
1730083500000,2675.6,2677.0,2674.4,2676.4,102,81869880.00000001,0.0,25312,2676.8,0
1730083560000,2676.4000000000005,2677.4000000000005,2675.6000000000004,2676.0000000000005,43,34526100.0,0.0,25314,2676.4000000000005,0
1730083620000,2676.0,2678.8,2675.4,2678.2000000000003,62,49797240.0,0.0,25311,2676.0,0
1730083680000,2678.6000000000004,2679.6000000000004,2678.6000000000004,2679.0000000000005,41,32953440.000000007,0.0,25314,2678.2000000000003,0
1730083740000,2678.2000000000003,2678.6000000000004,2677.2000000000003,2677.2000000000003,85,68285700.0,0.0,25306,2679.0000000000005,0
1730083800000,2677.2,2678.8,2677.0,2678.8,33,26510040.0,0.0,25304,2677.2,0
1730083860000,2679.0,2679.0,2676.0,2676.0,83,66651000.00000001,0.0,25285,2678.8,0
1730083920000,2675.6000000000004,2675.6000000000004,2673.6000000000004,2674.4000000000005,94,75420060.0,0.0,25278,2676.0000000000005,0
1730083980000,2674.0,2675.0,2673.4,2675.0,23,18452460.000000004,0.0,25277,2674.4,0
1730084040000,2675.0,2676.8,2675.0,2676.8,34,27292380.000000004,0.0,25270,2675.0,0
1730084100000,2676.8,2681.0000000000005,2676.6000000000004,2679.2000000000003,109,87604200.0,0.0,25249,2676.8,0
1730084160000,2679.4,2681.6,2679.4,2681.4,108,86856600.0,0.0,25231,2679.2000000000003,0
1730084220000,2681.0000000000005,2681.8,2679.6000000000004,2680.2000000000003,29,23319480.000000004,0.0,25237,2681.4000000000005,0
1730084280000,2680.2000000000003,2681.2000000000003,2679.8,2680.6000000000004,19,15279360.000000002,0.0,25245,2680.2000000000003,0
1730084340000,2680.0000000000005,2681.6000000000004,2679.6000000000004,2681.6000000000004,49,39410400.0,0.0,25255,2680.6000000000004,0
1730084400000,2681.8,2681.8,2679.6000000000004,2680.4000000000005,23,18495540.000000004,0.0,25257,2681.6000000000004,0
1730084460000,2679.6,2680.6,2679.4,2680.0,29,23315100.000000004,0.0,25263,2680.4,0
1730084520000,2680.0000000000005,2680.2000000000003,2676.6000000000004,2676.8,67,53818980.00000001,0.0,25275,2680.0000000000005,0
1730084580000,2676.8,2678.6000000000004,2676.2000000000003,2676.2000000000003,77,61858920.0,0.0,25259,2676.8,0
1730084640000,2676.8,2678.8,2676.0,2678.0,39,31327860.0,0.0,25260,2676.2,0
1730084700000,2677.8,2679.4000000000005,2676.6000000000004,2678.4000000000005,49,39362700.0,0.0,25263,2678.0000000000005,0
1730084760000,2678.4000000000005,2679.2000000000003,2677.6000000000004,2678.4000000000005,32,25712820.000000004,0.0,25268,2678.4000000000005,0
1730084820000,2677.6000000000004,2678.8,2677.2000000000003,2678.2000000000003,38,30528180.0,0.0,25263,2678.4,0
1730084880000,2678.4,2679.0,2677.4,2677.8,37,29731140.0,0.0,25274,2678.2000000000003,0
1730084940000,2678.0,2678.2,2676.0,2677.6,76,61035660.00000001,0.0,25272,2677.8,0
1730085000000,2677.6,2678.2000000000003,2676.4,2677.2000000000003,45,36143940.0,0.0,25274,2677.6,0
1730085060000,2676.8,2678.2000000000003,2676.6000000000004,2676.8,37,29718000.000000004,0.0,25282,2677.2000000000003,0
1730085120000,2676.6,2677.8,2675.0,2675.0,56,44956800.00000001,0.0,25273,2676.8,0
1730085180000,2675.2000000000003,2675.2000000000003,2671.2000000000003,2671.8,111,89030280.00000001,0.0,25255,2675.0000000000005,0
1730085240000,2671.6000000000004,2672.4000000000005,2669.6000000000004,2671.6000000000004,107,85740720.0,0.0,25239,2671.8,0
1730085300000,2672.8,2672.8,2670.6000000000004,2670.6000000000004,70,56113500.0,0.0,25218,2671.6000000000004,0
1730085360000,2670.4000000000005,2671.0000000000005,2669.6000000000004,2671.0000000000005,71,56878380.00000001,0.0,25190,2670.6000000000004,0
1730085420000,2671.0000000000005,2672.2000000000003,2670.2000000000003,2670.2000000000003,62,49687320.00000001,0.0,25189,2671.0000000000005,0
1730085480000,2670.2,2671.8,2669.0,2669.0,75,60079740.0,0.0,25199,2670.2,0
1730085540000,2669.0,2670.6000000000004,2668.8,2670.6000000000004,45,36039780.0,0.0,25206,2669.0,0
1730085600000,2670.6,2671.8,2670.0,2671.2,52,41670840.00000001,0.0,25199,2670.6,0
1730085660000,2671.0,2672.4,2670.4,2671.4,49,39268800.0,0.0,25194,2671.2000000000003,0
1730085720000,2672.0,2673.6,2671.4,2672.4,55,44101800.0,0.0,25202,2671.4,0
1730085780000,2673.2000000000003,2674.2000000000003,2672.6000000000004,2672.8,90,72174060.0,0.0,25213,2672.4000000000005,0
1730085840000,2672.8,2674.2000000000003,2672.6000000000004,2673.6000000000004,42,33684060.00000001,0.0,25228,2672.8,0
1730085900000,2673.6,2673.6,2672.4,2673.0,30,24056700.0,0.0,25231,2673.6,0
1730085960000,2672.8,2675.4,2672.8,2673.8,27,21660600.0,0.0,25227,2673.0,0
1730086020000,2673.6000000000004,2674.0,2672.8,2673.6000000000004,27,21655260.000000004,0.0,25220,2673.8,0
1730086080000,2673.4,2674.6,2673.4,2674.4,18,14439660.000000002,0.0,25217,2673.6,0
1730086140000,2674.2000000000003,2676.8,2673.4,2676.8,34,27286980.000000004,0.0,25218,2674.4,0
1730086200000,2677.0000000000005,2677.6000000000004,2675.6000000000004,2677.0000000000005,39,31314840.000000004,0.0,25217,2676.8,0
1730091660000,2676.0,2677.6,2674.4,2674.4,125,100348260.0,0.0,25201,2677.0,0
1730091720000,2674.0000000000005,2676.6000000000004,2673.2000000000003,2674.0000000000005,48,38516760.00000001,0.0,25202,2674.4,0
1730091780000,2673.8,2674.8,2671.2000000000003,2673.0000000000005,109,87410460.0,0.0,25188,2674.0000000000005,0
1730091840000,2673.2000000000003,2673.8,2672.2000000000003,2672.4,22,17641740.000000004,0.0,25184,2673.0000000000005,0
1730091900000,2672.4,2675.0,2672.4,2673.8,29,23262300.000000004,0.0,25185,2672.4,0
1730091960000,2674.6,2674.6,2672.4,2674.0,40,32081100.0,0.0,25183,2673.8,0
1730092020000,2673.6,2674.2000000000003,2672.4,2673.4,33,26467260.0,0.0,25193,2674.0,0
1730092080000,2673.6,2674.4,2672.0,2672.2,33,26462880.000000004,0.0,25191,2673.4,0
1730092140000,2672.8,2674.6000000000004,2671.8,2674.6000000000004,50,40095540.0,0.0,25197,2672.2000000000003,0
1730092200000,2674.8,2675.8,2673.6000000000004,2673.8,44,35305440.0,0.0,25202,2674.6000000000004,0
1730092260000,2672.4,2675.2000000000003,2672.4,2674.0,47,37705680.0,0.0,25199,2673.8,0
1730092320000,2673.4,2676.2000000000003,2673.4,2675.2000000000003,62,49751640.0,0.0,25185,2674.0,0
1730092380000,2674.2000000000003,2676.2000000000003,2674.2000000000003,2675.8,34,27289980.0,0.0,25187,2675.2000000000003,0
1730092440000,2675.8,2676.6,2675.4,2676.0,62,49772280.0,0.0,25176,2675.8,0
1730092500000,2676.0,2678.4,2675.4,2678.4,57,45780420.0,0.0,25183,2676.0,0
1730092560000,2678.0,2678.0,2676.0,2676.2,27,21682320.0,0.0,25182,2678.4,0
1730092620000,2676.4000000000005,2677.4000000000005,2675.6000000000004,2675.8,29,23285760.000000004,0.0,25178,2676.2000000000003,0
1730092680000,2676.2,2678.2,2676.0,2676.6,37,29715960.0,0.0,25179,2675.8,0
1730092740000,2676.6,2677.8,2676.4,2677.4,26,20882880.0,0.0,25186,2676.6,0
1730092800000,2677.0000000000005,2677.0000000000005,2675.2000000000003,2676.0000000000005,25,20070600.0,0.0,25187,2677.4,0
1730092860000,2676.4,2678.6,2676.4,2677.6,69,55420800.0,0.0,25211,2676.0,0
1730092920000,2677.8,2678.0000000000005,2677.2000000000003,2677.4,18,14459220.0,0.0,25207,2677.6000000000004,0
1730092980000,2677.4,2678.2000000000003,2675.8,2678.0,35,28110720.0,0.0,25204,2677.4,0
1730093040000,2678.4,2679.2,2678.0,2678.2,33,26518860.000000004,0.0,25210,2678.0,0
1730093100000,2678.2000000000003,2679.6000000000004,2678.2000000000003,2679.2000000000003,17,13663680.000000002,0.0,25211,2678.2000000000003,0
1730093160000,2679.0000000000005,2679.0000000000005,2677.6000000000004,2679.0000000000005,42,33746760.0,0.0,25217,2679.2000000000003,0
1730093220000,2679.4,2679.4,2677.8,2677.8,25,20086620.0,0.0,25219,2679.0,0
1730093280000,2678.2000000000003,2679.8,2678.2000000000003,2679.0000000000005,49,39384120.00000001,0.0,25214,2677.8,0
1730093340000,2679.0000000000005,2679.0000000000005,2677.6000000000004,2678.4000000000005,56,44998980.0,0.0,25247,2679.0000000000005,0
1730093400000,2678.4,2678.6000000000004,2677.2000000000003,2677.8,57,45788580.00000001,0.0,25271,2678.4,0
1730093460000,2677.8,2679.8,2677.6000000000004,2679.8,53,42587040.00000001,0.0,25277,2677.8,0
1730093520000,2679.6000000000004,2680.6000000000004,2678.2000000000003,2678.2000000000003,38,30547440.000000004,0.0,25287,2679.8,0
1730093580000,2678.2000000000003,2679.8,2677.2000000000003,2679.8,32,25715700.000000004,0.0,25303,2678.2000000000003,0
1730093640000,2679.4,2679.8,2679.0,2679.2,24,19292160.000000004,0.0,25304,2679.8,0
1730093700000,2679.0,2680.0,2678.4,2678.6,33,26523000.0,0.0,25306,2679.2000000000003,0
1730093760000,2679.2000000000003,2680.0000000000005,2677.6000000000004,2678.4000000000005,29,23302140.000000004,0.0,25310,2678.6000000000004,0
1730093820000,2678.8,2680.4,2678.8,2680.4,40,32155500.0,0.0,25320,2678.4,0
1730093880000,2680.6000000000004,2686.8,2680.6000000000004,2686.8,169,136084860.00000003,0.0,25307,2680.4000000000005,0
1730093940000,2687.0,2690.0,2686.0,2686.0,283,228199620.0,0.0,25323,2686.8,0
1730094000000,2685.8,2686.2,2683.0,2683.0,94,75713580.0,0.0,25334,2686.0,0
1730094060000,2683.0,2683.2000000000003,2680.8,2682.6000000000004,90,72414480.0,0.0,25356,2683.0,0
1730094120000,2683.0000000000005,2683.6000000000004,2681.2000000000003,2681.4,68,54724920.00000001,0.0,25384,2682.6000000000004,0
1730094180000,2681.4,2681.8,2680.4,2681.2000000000003,56,45043740.0,0.0,25390,2681.4,0
1730094240000,2681.0,2681.0,2678.4,2680.0,77,61896780.0,0.0,25397,2681.2000000000003,0
1730094300000,2680.2000000000003,2680.8,2679.2000000000003,2679.2000000000003,32,25725120.0,0.0,25403,2680.0000000000005,0
1730094360000,2678.4,2679.4,2678.4,2679.0,36,28930260.000000004,0.0,25403,2679.2000000000003,0
1730094420000,2680.0,2680.2000000000003,2678.4,2678.8,35,28135200.0,0.0,25396,2679.0,0
1730094480000,2679.4,2680.8,2679.2000000000003,2679.2000000000003,30,24119040.0,0.0,25399,2678.8,0
1730094540000,2679.6,2680.8,2679.4,2680.2000000000003,26,20907120.0,0.0,25397,2679.2000000000003,0
1730094600000,2680.0000000000005,2680.8,2677.6000000000004,2677.6000000000004,60,48226320.0,0.0,25421,2680.2000000000003,0
1730094660000,2678.0000000000005,2679.0000000000005,2677.2000000000003,2679.0000000000005,40,32135400.0,0.0,25418,2677.6000000000004,0
1730094720000,2679.0,2681.4,2679.0,2680.2,51,41008320.00000001,0.0,25414,2679.0,0
1730094780000,2680.8,2681.0000000000005,2679.2000000000003,2680.4,25,20103480.0,0.0,25416,2680.2000000000003,0
1730094840000,2680.4000000000005,2681.6000000000004,2679.6000000000004,2680.0000000000005,39,31363920.000000004,0.0,25424,2680.4000000000005,0
1730094900000,2680.0,2681.2,2680.0,2681.0,22,17692620.0,0.0,25429,2680.0,0
1730094960000,2681.0,2681.0,2680.0,2680.4,13,10453680.0,0.0,25427,2681.0,0
1730095020000,2680.6000000000004,2683.0000000000005,2680.6000000000004,2683.0000000000005,56,45062640.00000001,0.0,25435,2680.4000000000005,0
1730095080000,2683.6000000000004,2683.6000000000004,2681.6000000000004,2682.8,58,46679100.00000001,0.0,25450,2683.0000000000005,0
1730095140000,2683.0,2683.0,2681.4,2681.6,22,17702220.0,0.0,25454,2682.8,0
1730095200000,2681.6000000000004,2682.0000000000005,2679.2000000000003,2680.0000000000005,76,61106280.00000001,0.0,25449,2681.6000000000004,0
1730095260000,2679.8,2681.2000000000003,2678.6000000000004,2678.6000000000004,50,40196880.0,0.0,25459,2680.0000000000005,0
1730095320000,2679.0000000000005,2680.6000000000004,2677.2000000000003,2677.4,51,40986540.0,0.0,25470,2678.6000000000004,0
1730095380000,2677.6000000000004,2677.8,2675.8,2677.4,87,69861240.00000001,0.0,25484,2677.4,0
1730095440000,2677.0000000000005,2679.4,2676.2000000000003,2678.0000000000005,89,71507400.0,0.0,25510,2677.4,0
1730095500000,2677.8,2680.8,2677.6000000000004,2679.8,70,56266740.0,0.0,25524,2678.0000000000005,0
1730095560000,2680.0,2680.8,2679.4,2680.8,36,28944300.000000004,0.0,25537,2679.8,0
1730095620000,2680.0,2681.6,2680.0,2680.4,47,37798200.0,0.0,25548,2680.8,0
1730095680000,2681.0,2682.0,2681.0,2681.0,32,25740540.0,0.0,25554,2680.4,0
1730095740000,2680.6000000000004,2683.2000000000003,2680.6000000000004,2681.0000000000005,66,53106960.00000001,0.0,25559,2681.0000000000005,0
1730095800000,2681.0000000000005,2681.8,2680.2000000000003,2681.0000000000005,62,49865940.00000001,0.0,25593,2681.0000000000005,0
1730095860000,2681.0,2681.8,2680.4,2681.2000000000003,22,17695140.000000004,0.0,25600,2681.0,0
1730095920000,2681.2,2682.4,2681.0,2681.8,31,24940620.0,0.0,25610,2681.2,0
1730095980000,2681.8,2683.0000000000005,2681.6000000000004,2682.8,25,20117700.0,0.0,25612,2681.8,0
1730096040000,2683.0,2684.8,2681.8,2684.4,70,56348640.0,0.0,25621,2682.8,0
1730096100000,2684.0000000000005,2685.0000000000005,2683.6000000000004,2684.2000000000003,101,81330360.00000001,0.0,25662,2684.4000000000005,0
1730096160000,2683.6000000000004,2685.8,2683.6000000000004,2684.2000000000003,79,63637200.00000001,0.0,25666,2684.2000000000003,0
1730096220000,2684.2,2686.0,2684.0,2685.0,37,29800800.0,0.0,25662,2684.2,0
1730096280000,2684.8,2685.0000000000005,2683.2000000000003,2684.6000000000004,38,30601080.0,0.0,25671,2685.0000000000005,0
1730096340000,2684.8,2685.2000000000003,2683.6000000000004,2683.8,21,16912080.0,0.0,25678,2684.6000000000004,0
1730096400000,2683.4,2684.8,2682.0,2684.0,56,45079320.00000001,0.0,25696,2683.8,0
1730096460000,2684.2,2684.4,2683.0,2683.4,48,38644080.00000001,0.0,25698,2684.0,0
1730096520000,2683.2,2683.4,2681.0,2681.6,54,43449600.00000001,0.0,25702,2683.4,0
1730096580000,2681.4,2683.4,2681.4,2682.0,43,34606380.0,0.0,25702,2681.6,0
1730096640000,2682.6000000000004,2683.0000000000005,2681.6000000000004,2683.0000000000005,34,27360360.0,0.0,25710,2682.0000000000005,0
1730096700000,2682.2,2684.4,2682.0,2684.4,62,49904220.0,0.0,25705,2683.0,0
1730096760000,2683.8,2684.6000000000004,2683.2000000000003,2683.6000000000004,28,22545360.000000004,0.0,25702,2684.4,0
1730096820000,2683.6,2684.0,2682.4,2684.0,33,26565840.000000004,0.0,25700,2683.6,0
1730096880000,2684.0,2686.4,2683.8,2686.4,85,68478960.0,0.0,25695,2684.0,0
1730096940000,2686.2,2686.6,2685.0,2685.4,52,41896080.0,0.0,25697,2686.4,0
1730097000000,2685.2000000000003,2686.2000000000003,2683.2000000000003,2683.2000000000003,71,57183300.0,0.0,25713,2685.4,0
1730097060000,2683.6,2683.6,2681.4,2682.6,123,98978340.0,0.0,25745,2683.2000000000003,0
1730097120000,2681.8,2682.2000000000003,2680.8,2681.0,50,40224060.0,0.0,25759,2682.6000000000004,0
1730097180000,2680.8,2680.8,2679.2000000000003,2680.8,71,57086820.00000001,0.0,25765,2681.0000000000005,0
1730097240000,2680.2000000000003,2680.8,2679.6000000000004,2680.6000000000004,21,16884840.0,0.0,25771,2680.8,0
1730097300000,2680.6000000000004,2681.2000000000003,2679.8,2679.8,48,38600880.00000001,0.0,25788,2680.6000000000004,0
1730097360000,2680.4,2681.2000000000003,2679.4,2680.2000000000003,37,29750640.0,0.0,25797,2679.8,0
1730097420000,2680.0000000000005,2681.4000000000005,2679.6000000000004,2681.4000000000005,59,47449560.0,0.0,25825,2680.2000000000003,0
1730097480000,2681.0,2682.0,2680.4,2680.6,67,53895000.0,0.0,25834,2681.4,0
1730097540000,2680.4,2681.6000000000004,2680.2000000000003,2680.4,113,90884280.00000001,0.0,25890,2680.6000000000004,0
1730097600000,2680.4000000000005,2680.8,2679.6000000000004,2680.2000000000003,59,47440980.0,0.0,25915,2680.4000000000005,0
1730097660000,2680.2000000000003,2681.0,2679.8,2680.6000000000004,57,45837480.00000001,0.0,25950,2680.2000000000003,0
1730097720000,2680.6,2681.0,2680.0,2681.0,40,32168040.0,0.0,25975,2680.6,0
1730097780000,2681.0,2682.0,2681.0,2681.4,82,65959320.00000001,0.0,26027,2681.0,0
1730097840000,2681.4,2682.8,2681.4,2682.2000000000003,73,58742340.00000001,0.0,26050,2681.4,0
1730097900000,2682.0000000000005,2682.6000000000004,2681.6000000000004,2681.8,36,28966860.0,0.0,26066,2682.2000000000003,0
1730097960000,2682.2000000000003,2683.8,2682.2000000000003,2683.8,60,48294660.0,0.0,26098,2681.8,0
1730098020000,2683.8,2684.4,2683.2000000000003,2683.4,73,58774380.0,0.0,26123,2683.8,0
1730098080000,2683.6000000000004,2685.0000000000005,2682.6000000000004,2684.4000000000005,71,57172200.0,0.0,26134,2683.4000000000005,0
1730098140000,2684.6,2686.0,2684.4,2685.6,81,65255879.99999999,0.0,26144,2684.4,0
1730098200000,2686.0,2686.8,2685.4,2686.8,95,76548660.0,0.0,26173,2685.6,0
1730098260000,2686.8,2686.8,2685.4,2686.0,85,68493000.0,0.0,26204,2686.8,0
1730098320000,2686.0,2686.2000000000003,2684.8,2686.2000000000003,143,115202640.0,0.0,26247,2686.0,0
1730098380000,2686.2000000000003,2687.8,2685.8,2687.0,103,83019780.00000001,0.0,26248,2686.2000000000003,0
1730098440000,2687.4,2689.0,2687.0,2688.6,87,70157820.00000001,0.0,26248,2687.0,0
1730098500000,2689.0000000000005,2690.2000000000003,2688.6000000000004,2690.2000000000003,138,111338040.0,0.0,26294,2688.6000000000004,0
1730098560000,2689.4,2690.8,2687.2000000000003,2687.8,125,100841940.0,0.0,26360,2690.2000000000003,0
1730098620000,2688.0,2689.4,2688.0,2689.0,81,65335680.0,0.0,26385,2687.8,0
1730098680000,2689.2000000000003,2690.2000000000003,2688.2000000000003,2689.8,105,84710460.0,0.0,26435,2689.0000000000005,0
1730098740000,2689.4,2690.8,2688.8,2690.0,177,142821240.0,0.0,26457,2689.8,0
1730098800000,2689.8,2692.0,2689.4,2691.0,172,138842579.99999997,2684.0,26523,2690.0,0
1730165400000,2698.6000000000004,2698.6000000000004,2698.6000000000004,2698.6000000000004,43,34811940.0,0.0,26504,2691.0000000000005,0
1730165460000,2698.6,2702.4,2697.4,2700.8,499,404163000.00000006,0.0,26244,2698.6,0
1730165520000,2700.6000000000004,2702.0000000000005,2693.2000000000003,2695.6000000000004,376,304285260.00000006,0.0,26047,2700.8,0
1730165580000,2695.2000000000003,2698.0,2693.8,2697.0,217,175460040.00000003,0.0,25950,2695.6000000000004,0
1730165640000,2697.2000000000003,2699.2000000000003,2695.4,2699.2000000000003,147,118954980.0,0.0,25903,2697.0,0
1730165700000,2698.8,2703.2000000000003,2698.4,2702.2000000000003,260,210684240.0,0.0,25875,2699.2000000000003,0
1730165760000,2702.6000000000004,2707.0000000000005,2702.6000000000004,2705.4000000000005,221,179336940.0,0.0,25801,2702.2000000000003,0
1730165820000,2705.4,2706.0000000000005,2703.2000000000003,2706.0000000000005,206,167137080.0,0.0,25744,2705.4,0
1730165880000,2706.0,2716.0,2706.0,2714.2,484,393884580.00000006,0.0,25606,2706.0,0
1730165940000,2713.8,2721.4,2713.0,2718.6,561,457322100.0,0.0,25432,2714.2,0
1730166000000,2718.8,2719.8,2713.6000000000004,2717.2000000000003,438,357080880.0,0.0,25274,2718.6000000000004,0
1730166060000,2716.6000000000004,2716.8,2710.2000000000003,2710.2000000000003,325,264564540.0,0.0,25165,2717.2000000000003,0
1730166120000,2710.2000000000003,2714.0000000000005,2710.2000000000003,2712.2000000000003,259,210752460.00000003,0.0,25133,2710.2000000000003,0
1730166180000,2712.2000000000003,2712.2000000000003,2707.4,2707.4,246,199969320.0,0.0,25092,2712.2000000000003,0
1730166240000,2707.0,2709.2000000000003,2705.4,2709.2000000000003,212,172174860.00000003,0.0,25072,2707.4,0
1730166300000,2709.2000000000003,2709.6000000000004,2702.6000000000004,2702.8,217,176162220.0,0.0,25047,2709.2000000000003,0
1730166360000,2702.4,2705.0000000000005,2700.2000000000003,2704.4,364,295076280.0,0.0,25080,2702.8,0
1730166420000,2705.2,2705.4,2699.0,2699.2,169,136971300.00000003,0.0,25057,2704.4,0
1730166480000,2700.0,2702.0,2698.8,2699.8,232,187953360.00000003,0.0,25044,2699.2000000000003,0
1730166540000,2699.8,2700.6,2696.4,2698.0,131,106033860.00000001,0.0,25045,2699.8,0
1730166600000,2698.2000000000003,2702.2000000000003,2696.4,2699.8,141,114214920.00000001,0.0,25046,2698.0,0
1730166660000,2699.6000000000004,2699.6000000000004,2696.6000000000004,2697.4000000000005,125,101161200.0,0.0,25031,2699.8,0
1730166720000,2698.8,2700.6,2698.0,2698.4,203,164386260.0,0.0,25065,2697.4,0
1730166780000,2698.4000000000005,2698.4000000000005,2693.6000000000004,2695.4000000000005,179,144746880.00000003,0.0,25058,2698.4000000000005,0
1730166840000,2696.4,2700.0,2696.4,2698.4,96,77715660.00000001,0.0,25064,2695.4,0
1730166900000,2698.2000000000003,2700.2000000000003,2696.8,2698.8,116,93898620.00000001,0.0,25054,2698.4,0
1730166960000,2699.2,2699.2,2696.0,2697.6,66,53409180.00000001,0.0,25067,2698.8,0
1730167020000,2697.6000000000004,2697.6000000000004,2693.8,2695.8,120,97034760.0,0.0,25077,2697.6000000000004,0
1730167080000,2696.2,2698.4,2696.0,2697.8,128,103569720.0,0.0,25092,2695.8,0
1730167140000,2698.2000000000003,2700.2000000000003,2698.2000000000003,2699.8,105,85034580.0,0.0,25086,2697.8,0
1730167200000,2700.0,2700.4,2698.4,2699.8,79,63977220.00000001,0.0,25091,2699.8,0
1730167260000,2699.2000000000003,2700.6,2698.4,2699.6,104,84220680.0,0.0,25078,2699.8,0
1730167320000,2699.4,2702.2,2699.0,2700.6,102,82654500.0,0.0,25067,2699.6,0
1730167380000,2700.6000000000004,2701.2000000000003,2698.8,2699.2000000000003,96,77754060.00000001,0.0,25071,2700.6000000000004,0
1730167440000,2699.2000000000003,2699.2000000000003,2694.8,2696.2000000000003,197,159401100.00000003,0.0,25093,2699.2000000000003,0
1730167500000,2696.2000000000003,2696.2000000000003,2695.2000000000003,2696.0000000000005,49,39627180.0,0.0,25083,2696.2000000000003,0
1730167560000,2695.8,2696.4,2692.2000000000003,2692.2000000000003,114,92144760.00000001,0.0,25054,2696.0000000000005,0
1730167620000,2692.6,2694.4,2691.4,2693.2000000000003,131,105836280.00000001,0.0,25089,2692.2000000000003,0
1730167680000,2693.2000000000003,2694.4,2691.4,2694.2000000000003,107,86437440.0,0.0,25094,2693.2000000000003,0
1730167740000,2694.4,2696.6,2694.4,2695.0,85,68738400.0,0.0,25086,2694.2000000000003,0
1730167800000,2695.8,2696.0000000000005,2691.6000000000004,2692.8,73,58991700.0,0.0,25089,2695.0000000000005,0
1730167860000,2693.2000000000003,2693.2000000000003,2691.2000000000003,2691.6000000000004,60,48454860.0,0.0,25099,2692.8,0
1730167920000,2691.6000000000004,2691.6000000000004,2689.2000000000003,2690.0000000000005,125,100890540.0,0.0,25122,2691.6000000000004,0
1730167980000,2690.6,2692.2000000000003,2690.4,2691.6,147,118683540.00000001,0.0,25157,2690.0,0
1730168040000,2691.0000000000005,2692.4000000000005,2689.6000000000004,2692.4000000000005,78,62965320.00000001,0.0,25164,2691.6000000000004,0
1730168100000,2693.0,2695.0,2692.4,2693.6,105,84844800.0,0.0,25161,2692.4,0
1730168160000,2693.6,2694.2,2692.0,2692.2,68,54937920.00000001,0.0,25152,2693.6,0
1730168220000,2691.8,2694.0,2690.8,2693.8,75,60582420.0,0.0,25160,2692.2000000000003,0
1730168280000,2693.4,2693.8,2692.4,2693.8,60,48475140.0,0.0,25152,2693.8,0
1730168340000,2693.8,2693.8,2692.2000000000003,2692.6000000000004,62,50094720.00000001,0.0,25144,2693.8,0
1730168400000,2693.2000000000003,2694.0000000000005,2691.2000000000003,2693.8,52,42000120.0,0.0,25147,2692.6000000000004,0
1730168460000,2692.0,2695.4,2692.0,2695.4,91,73558440.0,0.0,25156,2693.8,0
1730168520000,2695.8,2697.8,2695.0,2696.8,120,97077480.0,0.0,25156,2695.4,0
1730168580000,2696.4,2699.2000000000003,2696.2000000000003,2698.6000000000004,94,76080600.0,0.0,25163,2696.8,0
1730168640000,2698.6000000000004,2699.6000000000004,2697.8,2697.8,97,78527400.00000001,0.0,25176,2698.6000000000004,0
1730168700000,2698.2,2700.0,2698.0,2699.2,47,38058660.0,0.0,25165,2697.8,0
1730168760000,2699.2000000000003,2699.6,2698.4,2698.6,44,35624340.0,0.0,25166,2699.2000000000003,0
1730168820000,2698.6000000000004,2702.8,2698.6000000000004,2702.0000000000005,91,73759140.0,0.0,25157,2698.6000000000004,0
1730168880000,2702.4,2702.8,2700.4,2701.4,43,34849799.99999999,0.0,25152,2702.0,0
1730168940000,2701.4,2703.0,2701.0,2701.6,59,47823240.0,0.0,25156,2701.4,0
1730169000000,2701.2000000000003,2701.8,2699.6000000000004,2701.4000000000005,52,42134880.0,0.0,25154,2701.6000000000004,0
1730169060000,2701.6000000000004,2701.8,2699.8,2700.6000000000004,53,42944580.00000001,0.0,25152,2701.4,0
1730169120000,2700.8,2701.2000000000003,2699.2000000000003,2701.2000000000003,88,71286420.0,0.0,25184,2700.6000000000004,0
1730169180000,2701.2000000000003,2701.4,2699.8,2699.8,40,32405760.0,0.0,25185,2701.2000000000003,0
1730169240000,2699.6,2699.8,2698.0,2699.4,57,46152420.0,0.0,25185,2699.8,0
1730169300000,2699.2000000000003,2699.2000000000003,2697.8,2698.0,22,17810160.0,0.0,25187,2699.4,0
1730169360000,2699.2000000000003,2699.4,2698.2000000000003,2698.8,36,29145840.0,0.0,25194,2698.0000000000005,0
1730169420000,2698.4,2701.4,2698.4,2701.0,40,32404380.0,0.0,25210,2698.8,0
1730169480000,2701.2000000000003,2702.4000000000005,2699.6000000000004,2700.2000000000003,45,36467460.0,0.0,25225,2701.0000000000005,0
1730169540000,2700.6,2700.6,2699.4,2699.4,18,14579460.0,0.0,25230,2700.2000000000003,0
1730169600000,2699.8,2700.8,2699.2000000000003,2700.2000000000003,39,31589700.0,0.0,25240,2699.4,0
1730169660000,2699.6000000000004,2702.0000000000005,2699.6000000000004,2701.6000000000004,27,21876540.000000004,0.0,25246,2700.2000000000003,0
1730169720000,2701.0000000000005,2701.6000000000004,2698.2000000000003,2698.6000000000004,54,43740120.00000001,0.0,25261,2701.6000000000004,0
1730169780000,2699.0,2701.4,2699.0,2700.6,28,22682520.000000004,0.0,25271,2698.6,0
1730169840000,2701.2000000000003,2701.4,2700.4,2700.8,23,18636600.000000004,0.0,25282,2700.6,0
1730169900000,2700.8,2701.6,2700.0,2701.6,29,23495040.000000004,0.0,25279,2700.8,0
1730169960000,2701.0,2702.2,2701.0,2701.2,37,29987820.000000004,0.0,25276,2701.6,0
1730170020000,2701.0,2701.2,2700.0,2700.4,37,29976420.000000004,0.0,25279,2701.2,0
1730170080000,2700.0,2701.8,2700.0,2701.2,47,38084820.00000001,0.0,25288,2700.4,0
1730170140000,2701.2,2702.2,2701.0,2701.6,71,57539580.0,0.0,25313,2701.2,0
1730170200000,2701.6000000000004,2702.2000000000003,2701.2000000000003,2702.2000000000003,30,24316200.0,0.0,25314,2701.6000000000004,0
1730170260000,2702.0000000000005,2702.0000000000005,2698.2000000000003,2698.8,115,93150780.0,0.0,25337,2702.2000000000003,0
1730170320000,2698.4,2698.6000000000004,2696.2000000000003,2696.6000000000004,114,92249340.0,0.0,25389,2698.8,0
1730170380000,2696.2000000000003,2696.8,2695.4,2696.4,38,30736740.0,0.0,25392,2696.6,0
1730170440000,2696.6000000000004,2697.0,2694.8,2696.8,100,80870220.0,0.0,25385,2696.4,0
1730170500000,2696.6,2697.6,2696.4,2697.2000000000003,59,47739240.00000001,0.0,25384,2696.8,0
1730170560000,2697.2000000000003,2697.2000000000003,2695.6000000000004,2695.8,55,44491320.0,0.0,25375,2697.2000000000003,0
1730170620000,2696.0,2697.0,2696.0,2697.0,35,28313820.0,0.0,25371,2695.8,0
1730170680000,2697.0,2697.0,2695.4,2695.6,59,47725140.00000001,0.0,25367,2697.0,0
1730170740000,2695.4,2695.8,2694.4,2695.2000000000003,45,36384120.0,0.0,25369,2695.6,0
1730170800000,2694.8,2695.2000000000003,2694.2000000000003,2695.0000000000005,53,42849900.00000001,0.0,25377,2695.2000000000003,0
1730170860000,2694.6,2695.8,2694.4,2695.2000000000003,77,62257620.0,0.0,25395,2695.0,0
1730170920000,2695.8,2696.2000000000003,2694.2000000000003,2696.2000000000003,41,33155160.000000007,0.0,25398,2695.2000000000003,0
1730170980000,2695.4,2695.6,2693.0,2693.4,63,50920380.00000001,0.0,25397,2696.2,0
1730171040000,2693.8,2694.4,2693.2000000000003,2693.8,44,35558520.00000001,0.0,25387,2693.4,0
1730171100000,2693.4,2694.2000000000003,2693.2000000000003,2693.2000000000003,37,29901900.0,0.0,25388,2693.8,0
1730171160000,2693.0,2693.0,2691.0,2691.0,73,58956780.00000001,0.0,25395,2693.2,0
1730171220000,2690.8,2692.6000000000004,2690.6000000000004,2692.4000000000005,69,55722120.0,0.0,25396,2691.0000000000005,0
1730171280000,2691.8,2693.0,2691.8,2692.0,41,33116880.000000004,0.0,25397,2692.4,0
1730171340000,2692.0,2693.2,2692.0,2692.8,27,21809640.0,0.0,25405,2692.0,0
1730171400000,2692.6,2693.8,2692.4,2693.8,26,21006300.0,0.0,25406,2692.8,0
1730171460000,2693.0,2694.2,2693.0,2693.8,38,30708600.000000004,0.0,25411,2693.8,0
1730171520000,2693.8,2694.2,2693.0,2693.8,54,43635180.0,0.0,25406,2693.8,0
1730171580000,2694.4,2694.4,2692.4,2692.8,25,20198940.0,0.0,25409,2693.8,0
1730171640000,2693.4,2693.6,2692.4,2693.6,26,21005940.0,0.0,25410,2692.8,0
1730171700000,2693.2000000000003,2693.8,2692.2000000000003,2692.4,48,38777820.00000001,0.0,25430,2693.6000000000004,0
1730171760000,2692.8,2692.8,2689.2000000000003,2689.2000000000003,123,99283140.0,0.0,25425,2692.4,0
1730171820000,2689.2000000000003,2691.8,2688.8,2691.8,54,43576980.00000001,0.0,25441,2689.2000000000003,0
1730171880000,2691.0,2691.0,2688.0,2688.0,67,54056400.0,0.0,25458,2691.8,0
1730171940000,2688.0000000000005,2688.6000000000004,2685.2000000000003,2685.2000000000003,132,106405980.00000001,0.0,25494,2688.0000000000005,0
1730172000000,2685.0,2686.0,2684.0,2685.0,121,97458240.00000001,0.0,25533,2685.2,0
1730172060000,2684.4,2685.0,2682.0,2682.0,106,85340940.00000001,0.0,25541,2685.0,0
1730172120000,2682.0,2683.8,2680.0,2683.2,163,131143980.00000001,0.0,25605,2682.0,0
1730172180000,2683.2000000000003,2684.6000000000004,2682.8,2684.2000000000003,38,30592620.000000004,0.0,25618,2683.2000000000003,0
1730172240000,2684.0,2685.8,2683.4,2685.6,108,86989560.0,0.0,25639,2684.2000000000003,0
1730172300000,2685.2000000000003,2686.0000000000005,2684.2000000000003,2685.4,102,82173420.00000001,0.0,25637,2685.6000000000004,0
1730172360000,2684.4,2686.6,2684.4,2686.0,107,86207820.0,0.0,25641,2685.4,0
1730172420000,2685.0000000000005,2685.8,2682.2000000000003,2682.8,140,112742220.0,0.0,25671,2686.0000000000005,0
1730172480000,2682.4,2682.4,2678.0,2679.8,167,134270100.0,0.0,25663,2682.8,0
1730172540000,2679.0,2679.4,2676.4,2678.4,228,183143700.0,0.0,25658,2679.8,0
1730172600000,2678.4,2679.0,2676.4,2676.4,123,98813340.0,0.0,25698,2678.4,0
1730178060000,2676.2000000000003,2676.2000000000003,2671.2000000000003,2675.6000000000004,407,326494380.0,0.0,25728,2676.4,0
1730178120000,2676.6000000000004,2677.2000000000003,2674.2000000000003,2675.8,217,174206220.00000003,0.0,25841,2675.6000000000004,0
1730178180000,2675.8,2678.6000000000004,2675.6000000000004,2676.8,152,122074680.00000001,0.0,25895,2675.8,0
1730178240000,2677.6000000000004,2678.2000000000003,2674.6000000000004,2676.2000000000003,85,68254440.0,0.0,25919,2676.8,0
1730178300000,2675.4000000000005,2676.4000000000005,2673.6000000000004,2673.6000000000004,64,51359340.00000001,0.0,25937,2676.2000000000003,0
1730178360000,2673.6,2673.8,2672.0,2673.6,104,83396580.0,0.0,25965,2673.6,0
1730178420000,2674.0,2674.0,2669.4,2669.6,156,125018160.0,0.0,26008,2673.6,0
1730178480000,2670.0,2673.4,2670.0,2671.4,137,109812660.0,0.0,26058,2669.6,0
1730178540000,2671.6000000000004,2674.2000000000003,2670.2000000000003,2674.0000000000005,98,78576600.0,0.0,26061,2671.4,0
1730178600000,2674.4,2675.0,2673.8,2675.0,72,57768000.00000001,0.0,26092,2674.0,0
1730178660000,2674.8,2675.0000000000005,2672.6000000000004,2673.0000000000005,83,66572340.0,0.0,26118,2675.0000000000005,0
1730178720000,2673.6000000000004,2675.6000000000004,2673.2000000000003,2674.8,59,47336340.0,0.0,26133,2673.0000000000005,0
1730178780000,2675.4,2675.4,2672.4,2672.8,53,42512340.00000001,0.0,26133,2674.8,0
1730178840000,2673.2000000000003,2674.8,2673.2000000000003,2674.4,50,40110120.0,0.0,26149,2672.8,0
1730178900000,2673.6000000000004,2673.6000000000004,2671.2000000000003,2671.2000000000003,39,31270440.000000004,0.0,26158,2674.4,0
1730178960000,2671.4,2674.0,2671.4,2673.6,64,51315060.0,0.0,26170,2671.2000000000003,0
1730179020000,2674.0,2675.6,2674.0,2674.2,81,64999439.99999999,0.0,26213,2673.6,0
1730179080000,2674.0000000000005,2676.4,2673.2000000000003,2674.8,67,53761380.0,0.0,26248,2674.2000000000003,0
1730179140000,2674.4000000000005,2674.6000000000004,2672.6000000000004,2673.0000000000005,85,68182140.0,0.0,26266,2674.8,0
1730179200000,2673.6000000000004,2674.0,2671.8,2674.0,55,44102880.0,0.0,26276,2673.0,0
1730179260000,2673.2000000000003,2675.2000000000003,2673.2000000000003,2673.8,48,38511540.00000001,0.0,26290,2674.0000000000005,0
1730179320000,2674.0,2674.6,2672.4,2673.6,24,19249860.000000004,0.0,26289,2673.8,0
1730179380000,2673.4000000000005,2675.8,2672.6000000000004,2675.8,35,28080000.0,0.0,26291,2673.6000000000004,0
1730179440000,2675.2000000000003,2676.0000000000005,2673.6000000000004,2674.6000000000004,30,24072480.0,0.0,26290,2675.8,0
1730179500000,2674.6,2675.2,2674.0,2674.8,18,14443980.000000002,0.0,26290,2674.6,0
1730179560000,2674.2000000000003,2674.6,2673.4,2673.8,38,30483360.0,0.0,26310,2674.8,0
1730179620000,2673.4,2675.0,2672.8,2673.4,53,42513000.00000001,0.0,26328,2673.8,0
1730179680000,2673.2000000000003,2673.2000000000003,2671.2000000000003,2672.0000000000005,72,57716880.00000001,0.0,26364,2673.4,0
1730179740000,2672.4,2674.2000000000003,2672.2000000000003,2672.8,38,30474180.0,0.0,26384,2672.0000000000005,0
1730179800000,2672.2,2674.0,2672.0,2674.0,33,26461860.0,0.0,26391,2672.8,0
1730179860000,2674.0000000000005,2675.8,2673.6000000000004,2675.0000000000005,65,52158660.0,0.0,26408,2674.0000000000005,0
1730179920000,2675.4,2676.0,2675.0,2675.0,36,28893960.0,0.0,26422,2675.0,0
1730179980000,2675.6000000000004,2675.6000000000004,2674.6000000000004,2674.6000000000004,29,23272380.000000004,0.0,26426,2675.0000000000005,0
1730180040000,2675.2000000000003,2675.4,2674.4,2675.0,17,13641360.000000002,0.0,26428,2674.6,0
1730180100000,2675.0000000000005,2675.0000000000005,2674.2000000000003,2674.6000000000004,25,20059920.0,0.0,26434,2675.0000000000005,0
1730180160000,2675.0,2677.4,2675.0,2677.2,59,47369760.00000001,0.0,26448,2674.6,0
1730180220000,2677.0000000000005,2677.4,2676.2000000000003,2677.0000000000005,42,33728040.0,0.0,26469,2677.2000000000003,0
1730180280000,2676.8,2677.0,2675.4,2676.6,40,32115300.0,0.0,26485,2677.0,0
1730180340000,2676.4,2676.8,2675.4,2675.4,23,18465480.000000004,0.0,26495,2676.6,0
1730180400000,2676.0,2676.0,2675.4,2675.4,16,12843780.000000002,0.0,26502,2675.4,0
1730180460000,2675.2000000000003,2675.4,2674.2000000000003,2674.4,45,36111480.0,0.0,26517,2675.4,0
1730180520000,2674.4,2675.2000000000003,2673.8,2675.2000000000003,58,46532220.00000001,0.0,26543,2674.4,0
1730180580000,2675.6,2676.6,2675.0,2675.0,37,29703840.0,0.0,26560,2675.2,0
1730180640000,2675.6000000000004,2676.0000000000005,2674.6000000000004,2674.6000000000004,13,10433880.0,0.0,26568,2675.0000000000005,0
1730180700000,2675.2000000000003,2676.4,2675.2000000000003,2675.2000000000003,34,27295080.0,0.0,26585,2674.6000000000004,0
1730180760000,2675.6,2676.4,2674.4,2674.4,52,41736540.0,0.0,26596,2675.2000000000003,0
1730180820000,2675.0,2676.6,2675.0,2676.4,33,26490360.0,0.0,26608,2674.4,0
1730180880000,2676.4,2678.0,2675.4,2675.4,75,60230580.0,0.0,26626,2676.4,0
1730180940000,2675.6000000000004,2675.6000000000004,2672.8,2672.8,81,64992659.99999999,0.0,26643,2675.4,0
1730181000000,2673.0,2674.6,2673.0,2673.6,67,53741040.0,0.0,26662,2672.8,0
1730181060000,2673.2000000000003,2674.2000000000003,2672.6000000000004,2672.8,62,49723680.0,0.0,26680,2673.6000000000004,0
1730181120000,2672.6,2672.8,2671.0,2672.4,74,59317920.00000001,0.0,26713,2672.8,0
1730181180000,2672.2,2673.4,2671.0,2671.0,93,74564520.0,0.0,26766,2672.4,0
1730181240000,2671.4,2672.4,2669.0,2671.8,117,93739080.00000001,0.0,26800,2671.0,0
1730181300000,2671.8,2673.4000000000005,2671.6000000000004,2673.4000000000005,42,33670560.0,0.0,26822,2671.8,0
1730181360000,2673.6000000000004,2676.0000000000005,2673.2000000000003,2675.4,101,81046320.00000001,0.0,26855,2673.4,0
1730181420000,2675.6000000000004,2677.2000000000003,2675.6000000000004,2675.8,61,48979260.0,0.0,26883,2675.4000000000005,0
1730181480000,2676.6,2676.6,2674.0,2675.0,63,50564040.00000001,0.0,26912,2675.8,0
1730181540000,2674.8,2679.8,2674.8,2677.4,66,53006580.00000001,0.0,26948,2675.0,0
1730181600000,2677.0,2677.0,2674.4,2674.4,39,31307880.000000004,0.0,26961,2677.4,0
1730181660000,2674.4,2676.4,2674.2000000000003,2676.2000000000003,27,21670980.0,0.0,26978,2674.4,0
1730181720000,2676.0,2677.0,2673.0,2673.0,57,45744180.00000001,0.0,27014,2676.2,0
1730181780000,2673.6000000000004,2675.6000000000004,2672.8,2673.6000000000004,50,40115580.0,0.0,27032,2673.0,0
1730181840000,2673.8,2674.0000000000005,2671.2000000000003,2672.0000000000005,51,40885620.00000001,0.0,27048,2673.6000000000004,0
1730181900000,2671.8,2672.2000000000003,2668.8,2671.2000000000003,166,132990840.00000001,0.0,27111,2672.0,0
1730181960000,2671.8,2673.2,2671.0,2672.2,85,68144040.0,0.0,27126,2671.2,0
1730182020000,2672.2000000000003,2673.2000000000003,2670.8,2673.2000000000003,67,53702700.0,0.0,27141,2672.2000000000003,0
1730182080000,2673.0,2674.4,2671.4,2671.4,64,51330600.00000001,0.0,27171,2673.2000000000003,0
1730182140000,2671.4,2674.8,2671.4,2674.2000000000003,40,32079840.0,0.0,27187,2671.4,0
1730182200000,2674.4,2675.0,2673.4,2673.4,33,26475120.000000004,0.0,27195,2674.2000000000003,0
1730182260000,2672.8,2673.4000000000005,2672.6000000000004,2672.8,29,23254020.000000004,0.0,27201,2673.4000000000005,0
1730182320000,2672.6000000000004,2672.8,2669.6000000000004,2669.8,173,138635640.0,0.0,27256,2672.8,0
1730182380000,2670.2000000000003,2672.8,2670.2000000000003,2671.4,46,36865800.00000001,0.0,27282,2669.8,0
1730182440000,2672.8,2674.0,2672.8,2673.2000000000003,41,32883120.000000007,0.0,27297,2671.4,0
1730182500000,2672.8,2672.8,2672.4,2672.6,45,36080520.0,0.0,27323,2673.2000000000003,0
1730182560000,2672.6,2676.6,2672.4,2675.0,135,108324420.0,0.0,27356,2672.6,0
1730182620000,2674.8,2676.8,2674.8,2676.2000000000003,77,61814340.0,0.0,27376,2675.0,0
1730182680000,2675.6000000000004,2675.6000000000004,2673.8,2674.8,66,52962660.0,0.0,27395,2676.2000000000003,0
1730182740000,2674.6,2674.8,2674.0,2674.8,28,22463760.0,0.0,27401,2674.8,0
1730182800000,2675.0,2678.2,2675.0,2678.0,103,82719240.0,0.0,27440,2674.8,0
1730182860000,2677.6000000000004,2678.4000000000005,2676.6000000000004,2678.4000000000005,54,43375860.00000001,0.0,27458,2678.0000000000005,0
1730182920000,2678.0,2678.0,2677.0,2677.4,42,33738960.0,0.0,27467,2678.4,0
1730182980000,2676.8,2677.8,2676.8,2677.2000000000003,85,68271540.0,0.0,27514,2677.4,0
1730183040000,2677.6000000000004,2678.0000000000005,2677.2000000000003,2677.4,15,12049140.0,0.0,27514,2677.2000000000003,0
1730183100000,2677.2000000000003,2678.6000000000004,2677.2000000000003,2678.6000000000004,46,36956580.00000001,0.0,27524,2677.4,0
1730183160000,2678.4,2678.6,2675.4,2675.6,47,37738200.00000001,0.0,27544,2678.6,0
1730183220000,2676.4,2676.6,2675.0,2676.6,43,34516260.0,0.0,27556,2675.6,0
1730183280000,2676.4,2677.6000000000004,2675.8,2676.0,32,25698180.000000004,0.0,27565,2676.6000000000004,0
1730183340000,2675.4,2677.2000000000003,2674.8,2677.0,30,24082380.0,0.0,27578,2676.0,0
1730183400000,2677.6000000000004,2677.6000000000004,2675.8,2675.8,31,24892440.0,0.0,27589,2677.0,0
1730183460000,2675.6000000000004,2677.0000000000005,2675.2000000000003,2676.4,76,61015560.00000001,0.0,27607,2675.8,0
1730183520000,2676.0000000000005,2676.0000000000005,2674.6000000000004,2675.8,35,28090020.0,0.0,27622,2676.4000000000005,0
1730183580000,2675.4,2677.4,2675.0,2676.6,45,36129180.0,0.0,27639,2675.8,0
1730183640000,2676.4,2676.6000000000004,2675.2000000000003,2676.0000000000005,35,28099500.0,0.0,27646,2676.6000000000004,0
1730183700000,2675.6000000000004,2678.0000000000005,2675.6000000000004,2678.0000000000005,41,32930520.000000007,0.0,27665,2676.0000000000005,0
1730183760000,2677.6,2679.6,2677.4,2677.8,29,23301780.000000004,0.0,27681,2678.0,0
1730183820000,2677.8,2677.8,2676.4,2677.2000000000003,24,19276200.000000004,0.0,27695,2677.8,0
1730183880000,2677.0,2677.6,2677.0,2677.2,14,11244960.000000002,0.0,27703,2677.2,0
1730183940000,2677.2000000000003,2677.8,2676.8,2676.8,26,20881440.000000004,0.0,27716,2677.2000000000003,0
1730184000000,2676.6000000000004,2676.8,2674.2000000000003,2674.2000000000003,48,38529360.00000001,0.0,27742,2676.8,0
1730184060000,2674.8,2675.4,2673.0,2674.0,64,51343200.00000001,0.0,27775,2674.2,0
1730184120000,2674.4000000000005,2675.8,2673.6000000000004,2674.0000000000005,43,34506300.0,0.0,27795,2674.0000000000005,0
1730184180000,2673.6,2674.2000000000003,2672.4,2672.8,64,51331800.0,0.0,27834,2674.0,0
1730184240000,2672.4,2672.8,2671.2000000000003,2672.2000000000003,56,44895060.0,0.0,27859,2672.8,0
1730184300000,2672.6,2672.6,2671.0,2671.8,48,38471820.00000001,0.0,27881,2672.2,0
1730184360000,2671.8,2673.4000000000005,2671.6000000000004,2672.2000000000003,84,67354860.0,0.0,27909,2671.8,0
1730184420000,2672.4,2673.0000000000005,2668.2000000000003,2670.2000000000003,210,168241200.0,0.0,27963,2672.2000000000003,0
1730184480000,2670.2000000000003,2671.6,2669.4,2671.6,93,74501580.00000001,0.0,28008,2670.2000000000003,0
1730184540000,2671.8,2672.4,2670.8,2672.0,66,52903140.00000001,0.0,28029,2671.6000000000004,0
1730184600000,2672.0,2672.0,2669.0,2669.8,108,86527800.0,0.0,28049,2672.0,0
1730184660000,2669.8,2671.4,2667.0,2667.4,151,120905640.00000001,0.0,28074,2669.8,0
1730184720000,2667.0,2669.6,2667.0,2669.2,126,100879380.00000001,0.0,28111,2667.4,0
1730184780000,2669.2,2670.4,2668.0,2669.4,164,131314140.00000001,0.0,28122,2669.2,0
1730184840000,2669.4,2669.8,2667.2000000000003,2668.8,136,108876120.00000001,0.0,28167,2669.4,0
1730184900000,2668.8,2669.8,2668.6000000000004,2669.0000000000005,72,57652080.00000001,0.0,28196,2668.8,0
1730184960000,2669.0,2673.0,2669.0,2671.6,185,148266780.0,0.0,28280,2669.0,0
1730185020000,2672.0,2672.8,2671.4,2672.2000000000003,105,84174960.0,0.0,28328,2671.6,0
1730185080000,2672.0,2674.0,2672.0,2673.8,131,105057780.00000001,0.0,28369,2672.2,0
1730185140000,2674.0000000000005,2674.4000000000005,2673.6000000000004,2674.4000000000005,132,105887640.00000001,0.0,28411,2673.8,0
1730185200000,2674.4,2675.0,2673.0,2674.6,259,207800520.0,2672.8,28546,2674.4,0
1730251800000,2669.8,2669.8,2669.8,2669.8,71,56866740.00000001,0.0,28517,2674.6000000000004,0
1730251860000,2670.0,2677.4,2670.0,2677.0,661,530290740.00000006,0.0,28242,2669.8,0
1730251920000,2677.4,2679.0000000000005,2675.2000000000003,2678.2000000000003,344,276263940.0,0.0,28028,2677.0000000000005,0
1730251980000,2677.8,2682.0,2676.4,2676.4,228,183270720.0,0.0,27866,2678.2000000000003,0
1730252040000,2676.8,2680.6000000000004,2675.2000000000003,2679.0000000000005,279,224174640.00000003,0.0,27654,2676.4,0
1730252100000,2679.2000000000003,2679.4,2675.2000000000003,2677.2000000000003,153,122881260.0,0.0,27566,2679.0000000000005,0
1730252160000,2677.2000000000003,2677.6,2672.4,2673.8,191,153253080.00000003,0.0,27440,2677.2000000000003,0
1730252220000,2673.8,2675.2,2672.0,2672.0,265,212590740.0,0.0,27271,2673.8,0
1730252280000,2671.8,2671.8,2667.8,2670.2000000000003,260,208245120.0,0.0,27125,2672.0,0
1730252340000,2670.8,2674.6000000000004,2669.6000000000004,2670.4000000000005,150,120240900.0,0.0,27060,2670.2000000000003,0
1730252400000,2670.2000000000003,2670.8,2666.2000000000003,2670.8,178,142485240.0,0.0,26970,2670.4,0
1730252460000,2670.8,2672.6000000000004,2669.6000000000004,2671.8,215,172260840.0,0.0,26855,2670.8,0
1730252520000,2672.2000000000003,2673.0000000000005,2670.6000000000004,2672.6000000000004,113,90567720.00000001,0.0,26784,2671.8,0
1730252580000,2671.0,2671.8,2668.8,2670.0,156,124969920.00000001,0.0,26703,2672.6000000000004,0
1730252640000,2670.6,2670.8,2668.0,2670.0,164,131342580.00000003,0.0,26615,2670.0,0
1730252700000,2669.6000000000004,2670.4,2666.8,2667.4,88,70446840.00000001,0.0,26550,2670.0,0
1730252760000,2667.6,2668.2000000000003,2665.4,2667.8,168,134418180.0,0.0,26453,2667.4,0
1730252820000,2667.4,2667.4,2665.0,2666.2,109,87180240.0,0.0,26389,2667.8,0
1730252880000,2666.4,2668.6,2666.4,2668.4,105,84031080.0,0.0,26326,2666.2000000000003,0
1730252940000,2667.6,2668.6,2667.0,2668.0,60,48021360.0,0.0,26304,2668.4,0
1730253000000,2667.6000000000004,2667.8,2665.6000000000004,2667.0000000000005,64,51202020.00000001,0.0,26272,2668.0000000000005,0
1730253060000,2666.6000000000004,2667.4,2663.2000000000003,2665.4,100,79957020.0,0.0,26219,2667.0000000000005,0
1730253120000,2665.4,2668.4,2665.4,2668.2000000000003,141,112815000.0,0.0,26131,2665.4,0
1730253180000,2667.4,2669.4,2666.2000000000003,2668.0000000000005,173,138448980.0,0.0,26042,2668.2000000000003,0
1730253240000,2667.6,2670.8,2667.4,2670.2000000000003,68,54453840.00000001,0.0,26009,2668.0,0
1730253300000,2670.8,2671.6000000000004,2669.8,2671.6000000000004,93,74514300.0,0.0,25958,2670.2000000000003,0
1730253360000,2671.6000000000004,2671.6000000000004,2668.6000000000004,2668.6000000000004,53,42451680.00000001,0.0,25940,2671.6000000000004,0
1730253420000,2668.8,2671.0,2668.4,2670.0,112,89699760.00000001,0.0,25880,2668.6,0
1730253480000,2670.4,2670.4,2667.4,2669.8,109,87276720.0,0.0,25823,2670.0,0
1730253540000,2669.2000000000003,2671.2000000000003,2668.4,2671.0,101,80912820.00000001,0.0,25768,2669.8,0
1730253600000,2670.8,2671.8,2670.2000000000003,2671.6000000000004,76,60901200.0,0.0,25731,2671.0000000000005,0
1730253660000,2670.2,2671.0,2669.0,2670.8,95,76098060.0,0.0,25685,2671.6,0
1730253720000,2670.2000000000003,2672.6000000000004,2670.2000000000003,2671.4,100,80141940.0,0.0,25627,2670.8,0
1730253780000,2670.8,2672.6000000000004,2670.8,2671.8,113,90573720.0,0.0,25583,2671.4,0
1730253840000,2671.6,2671.8,2670.0,2671.4,67,53688420.0,0.0,25543,2671.8,0
1730253900000,2670.4000000000005,2670.4000000000005,2668.6000000000004,2670.0000000000005,64,51259200.0,0.0,25526,2671.4000000000005,0
1730253960000,2670.0,2670.6000000000004,2668.8,2668.8,48,38445540.00000001,0.0,25501,2670.0,0
1730254020000,2668.8,2668.8,2667.0,2667.2,78,62426040.00000001,0.0,25469,2668.8,0
1730254080000,2666.8,2669.0000000000005,2666.6000000000004,2668.2000000000003,94,75234600.0,0.0,25461,2667.2000000000003,0
1730254140000,2668.0000000000005,2668.2000000000003,2666.6000000000004,2667.2000000000003,72,57621000.0,0.0,25434,2668.2000000000003,0
1730254200000,2667.8,2670.0,2667.8,2669.6000000000004,85,68058000.0,0.0,25399,2667.2000000000003,0
1730254260000,2670.0000000000005,2671.4000000000005,2669.6000000000004,2669.6000000000004,120,96146160.0,0.0,25411,2669.6000000000004,0
1730254320000,2670.4,2670.4,2667.8,2667.8,73,58452900.00000001,0.0,25411,2669.6000000000004,0
1730254380000,2667.6000000000004,2669.0000000000005,2667.6000000000004,2669.0000000000005,63,50432880.00000001,0.0,25373,2667.8,0
1730254440000,2668.6,2668.8,2667.0,2668.4,61,48822420.0,0.0,25358,2669.0,0
1730254500000,2668.4000000000005,2668.6000000000004,2666.6000000000004,2668.2000000000003,61,48820500.00000001,0.0,25329,2668.4000000000005,0
1730254560000,2668.2000000000003,2668.2000000000003,2665.4,2666.4,81,64792559.99999999,0.0,25313,2668.2000000000003,0
1730254620000,2666.8,2667.4,2666.0,2666.2,45,36000600.0,0.0,25290,2666.4,0
1730254680000,2666.2000000000003,2666.2000000000003,2664.6000000000004,2664.8,62,49575900.0,0.0,25280,2666.2000000000003,0
1730254740000,2665.4,2666.4,2664.8,2664.8,47,37588920.0,0.0,25253,2664.8,0
1730254800000,2665.2000000000003,2665.8,2664.4,2665.4,101,80753160.00000001,0.0,25203,2664.8,0
1730254860000,2665.2,2667.0,2665.0,2665.6,47,37593180.0,0.0,25188,2665.4,0
1730254920000,2665.6,2667.2000000000003,2664.4,2664.6,71,56779560.0,0.0,25164,2665.6,0
1730254980000,2664.8,2666.0000000000005,2663.2000000000003,2665.4,78,62344260.0,0.0,25141,2664.6000000000004,0
1730255040000,2665.2000000000003,2665.4000000000005,2663.6000000000004,2664.8,61,48757260.00000001,0.0,25111,2665.4000000000005,0
1730255100000,2664.2000000000003,2664.8,2662.4,2663.2000000000003,59,47143080.00000001,0.0,25092,2664.8,0
1730255160000,2663.6000000000004,2664.0000000000005,2662.2000000000003,2663.4,62,49535460.0,0.0,25082,2663.2000000000003,0
1730255220000,2664.0000000000005,2665.6000000000004,2663.2000000000003,2663.8,64,51156660.0,0.0,25049,2663.4,0
1730255280000,2663.8,2664.6,2660.0,2661.4,145,115812900.0,0.0,24986,2663.8,0
1730255340000,2661.4,2662.0,2658.4,2659.0,173,138055860.0,0.0,24986,2661.4,0
1730255400000,2658.6000000000004,2660.2000000000003,2658.6000000000004,2660.0000000000005,159,126858180.0,0.0,24955,2659.0000000000005,0
1730255460000,2659.4,2660.2,2659.0,2660.2,103,82177920.0,0.0,24933,2660.0,0
1730255520000,2660.2000000000003,2660.8,2658.6000000000004,2659.8,76,60645300.00000001,0.0,24922,2660.2000000000003,0
1730255580000,2659.6,2659.8,2655.4,2656.4,116,92478300.00000001,0.0,24892,2659.8,0
1730255640000,2656.8,2659.0000000000005,2656.6000000000004,2657.2000000000003,119,94879320.0,0.0,24839,2656.4000000000005,0
1730255700000,2656.8,2656.8,2653.0,2655.4,168,133792920.0,0.0,24835,2657.2,0
1730255760000,2655.2000000000003,2656.0,2654.4,2654.8,71,56554980.00000001,0.0,24828,2655.4,0
1730255820000,2654.4000000000005,2655.2000000000003,2653.6000000000004,2654.4000000000005,61,48573780.00000001,0.0,24810,2654.8,0
1730255880000,2653.6000000000004,2654.6000000000004,2652.6000000000004,2653.0000000000005,125,99499800.0,0.0,24785,2654.4000000000005,0
1730255940000,2652.4,2653.8,2652.0,2653.8,130,103463160.0,0.0,24769,2653.0,0
1730256000000,2653.8,2656.2000000000003,2653.6000000000004,2655.2000000000003,194,154519260.00000003,0.0,24764,2653.8,0
1730256060000,2654.6000000000004,2655.6000000000004,2653.6000000000004,2654.4000000000005,95,75652800.0,0.0,24731,2655.2000000000003,0
1730256120000,2654.0,2656.0,2654.0,2655.8,78,62135040.00000001,0.0,24728,2654.4,0
1730256180000,2655.6000000000004,2656.6000000000004,2654.8,2655.4,95,75688260.0,0.0,24720,2655.8,0
1730256240000,2655.4,2657.0,2655.4,2656.6,66,52597800.00000001,0.0,24715,2655.4,0
1730256300000,2656.6000000000004,2656.6000000000004,2654.8,2654.8,62,49401060.0,0.0,24720,2656.6000000000004,0
1730256360000,2655.2000000000003,2657.0000000000005,2655.2000000000003,2656.0000000000005,97,77288820.00000001,0.0,24688,2654.8,0
1730256420000,2656.2,2656.6,2655.0,2655.4,46,36651720.0,0.0,24678,2656.0,0
1730256480000,2655.0,2656.2000000000003,2654.8,2655.6000000000004,45,35847840.0,0.0,24675,2655.4,0
1730256540000,2656.0,2656.4,2654.4,2656.2000000000003,68,54172080.00000001,0.0,24668,2655.6,0
1730256600000,2656.0,2656.8,2655.8,2656.4,58,46221240.00000001,0.0,24675,2656.2000000000003,0
1730256660000,2656.2000000000003,2658.0,2655.8,2657.8,75,59786700.0,0.0,24665,2656.4,0
1730256720000,2657.8,2659.2000000000003,2657.8,2658.8,39,31105260.000000004,0.0,24663,2657.8,0
1730256780000,2658.8,2659.8,2658.6000000000004,2658.6000000000004,65,51858600.0,0.0,24651,2658.8,0
1730256840000,2658.6000000000004,2659.2000000000003,2658.2000000000003,2659.2000000000003,37,29512080.0,0.0,24654,2658.6000000000004,0
1730256900000,2659.4,2659.8,2658.4,2658.4,25,19943040.0,0.0,24661,2659.2000000000003,0
1730256960000,2658.6,2659.0,2658.0,2658.2,47,37484700.0,0.0,24672,2658.4,0
1730257020000,2658.8,2660.6000000000004,2658.6000000000004,2660.2000000000003,23,18350280.0,0.0,24670,2658.2000000000003,0
1730257080000,2659.8,2660.8,2659.0,2659.8,36,28727640.0,0.0,24665,2660.2,0
1730257140000,2660.4,2660.4,2659.0,2659.6,23,18351660.0,0.0,24664,2659.8,0
1730257200000,2659.0,2659.6,2658.0,2659.6,45,35894400.0,0.0,24663,2659.6,0
1730257260000,2659.4,2659.4,2657.2000000000003,2657.8,41,32697720.000000007,0.0,24670,2659.6000000000004,0
1730257320000,2657.6,2658.0,2657.0,2657.6,36,28702740.000000004,0.0,24678,2657.8,0
1730257380000,2657.6000000000004,2660.4,2657.2000000000003,2660.4,91,72595260.0,0.0,24677,2657.6000000000004,0
1730257440000,2661.0,2661.0,2659.4,2659.4,92,73430280.0,0.0,24695,2660.4,0
1730257500000,2658.4,2659.4,2656.0,2656.8,77,61388460.0,0.0,24691,2659.4,0
1730257560000,2656.6,2657.6,2655.4,2657.4,87,69335940.00000001,0.0,24701,2656.8,0
1730257620000,2657.4,2657.6,2656.0,2657.6,50,39856320.0,0.0,24694,2657.4,0
1730257680000,2657.6000000000004,2658.2000000000003,2656.6000000000004,2656.8,52,41453280.00000001,0.0,24702,2657.6000000000004,0
1730257740000,2656.4000000000005,2657.2000000000003,2655.6000000000004,2656.6000000000004,68,54186060.00000001,0.0,24718,2656.8,0
1730257800000,2655.8,2656.6000000000004,2655.2000000000003,2655.4,34,27090720.000000004,0.0,24716,2656.6000000000004,0
1730257860000,2656.0,2656.8,2655.0,2655.6,63,50197080.00000001,0.0,24721,2655.4,0
1730257920000,2655.8,2656.0000000000005,2654.2000000000003,2654.6000000000004,36,28674000.0,0.0,24720,2655.6000000000004,0
1730257980000,2654.6000000000004,2655.6000000000004,2653.8,2654.6000000000004,58,46189560.00000001,0.0,24726,2654.6000000000004,0
1730258040000,2654.8,2655.6,2654.4,2655.2000000000003,45,35843280.0,0.0,24736,2654.6,0
1730258100000,2655.4,2655.4,2653.8,2654.6000000000004,43,34244580.0,0.0,24730,2655.2000000000003,0
1730258160000,2654.6,2654.8,2654.0,2654.0,19,15130260.000000002,0.0,24726,2654.6,0
1730258220000,2654.0,2654.0,2652.0,2652.8,120,95508180.0,0.0,24740,2654.0,0
1730258280000,2653.0000000000005,2653.6000000000004,2652.6000000000004,2653.4000000000005,35,27857520.0,0.0,24752,2652.8,0
1730258340000,2653.4000000000005,2653.4000000000005,2650.6000000000004,2652.4000000000005,72,57280920.00000001,0.0,24763,2653.4000000000005,0
1730258400000,2652.4,2652.4,2649.0,2649.6,74,58839060.0,0.0,24780,2652.4,0
1730258460000,2649.6000000000004,2650.2000000000003,2648.6000000000004,2649.0000000000005,69,54841380.00000001,0.0,24787,2649.6000000000004,0
1730258520000,2649.0000000000005,2649.6000000000004,2646.2000000000003,2647.2000000000003,136,108033720.00000001,0.0,24805,2649.0000000000005,0
1730258580000,2647.4,2647.8,2646.2000000000003,2647.2000000000003,69,54787080.00000001,0.0,24808,2647.2000000000003,0
1730258640000,2647.2000000000003,2647.6000000000004,2645.2000000000003,2645.8,118,93690360.00000001,0.0,24834,2647.2000000000003,0
1730258700000,2645.8,2645.8,2640.0,2640.8,180,142709040.0,0.0,24863,2645.8,0
1730258760000,2641.0,2644.0,2641.0,2642.4,134,106219200.0,0.0,24873,2640.8,0
1730258820000,2642.0000000000005,2642.8,2638.2000000000003,2639.8,104,82373520.0,0.0,24892,2642.4,0
1730258880000,2639.8,2639.8,2636.6000000000004,2637.8,100,79134300.0,0.0,24905,2639.8,0
1730258940000,2638.4,2638.8,2635.4,2637.0,74,58542600.00000001,0.0,24909,2637.8,0
1730259000000,2637.4,2637.4,2634.4,2634.8,97,76697880.00000001,0.0,24918,2637.0,0
1730264460000,2632.2000000000003,2636.8,2632.2000000000003,2635.2000000000003,333,263179740.00000003,0.0,24982,2634.8,0
1730264520000,2635.8,2636.6000000000004,2633.8,2633.8,126,99623760.00000001,0.0,24961,2635.2000000000003,0
1730264580000,2634.0,2637.4,2634.0,2636.4,106,83832000.00000001,0.0,24946,2633.8,0
1730264640000,2637.0000000000005,2637.8,2635.2000000000003,2635.8,107,84614760.0,0.0,24925,2636.4,0
1730264700000,2635.8,2635.8,2631.8,2631.8,143,112960980.0,0.0,24934,2635.8,0
1730264760000,2632.6000000000004,2636.2000000000003,2632.6000000000004,2634.2000000000003,162,128019959.99999999,0.0,24929,2631.8,0
1730264820000,2634.4,2635.8,2631.4,2633.0,114,90078480.0,0.0,24933,2634.2000000000003,0
1730264880000,2632.4,2636.4,2631.0,2636.0,233,184078080.0,0.0,24964,2633.0,0
1730264940000,2636.8,2637.0,2634.4,2634.4,91,71958300.0,0.0,24948,2636.0,0
1730265000000,2634.2,2636.2,2634.0,2634.8,92,72726360.00000001,0.0,24951,2634.4,0
1730265060000,2634.8,2639.0,2634.8,2638.6000000000004,127,100487100.00000001,0.0,24967,2634.8,0
1730265120000,2639.0,2639.0,2637.0,2637.2,81,64098479.99999999,0.0,24970,2638.6,0
1730265180000,2637.6000000000004,2637.6000000000004,2635.2000000000003,2635.8,113,89375400.0,0.0,24982,2637.2000000000003,0
1730265240000,2635.8,2637.2000000000003,2635.2000000000003,2635.2000000000003,68,53773440.00000001,0.0,24995,2635.8,0
1730265300000,2635.0,2635.4,2633.8,2634.6000000000004,97,76665720.0,0.0,25010,2635.2000000000003,0
1730265360000,2634.6,2635.6,2634.0,2634.4,89,70349940.0,0.0,25013,2634.6,0
1730265420000,2634.2000000000003,2636.6,2633.4,2635.8,114,90128340.00000001,0.0,25015,2634.4,0
1730265480000,2635.8,2636.0000000000005,2633.2000000000003,2634.0000000000005,126,99585180.00000001,0.0,25041,2635.8,0
1730265540000,2633.0,2634.0,2632.4,2632.6,101,79778520.0,0.0,25053,2634.0,0
1730265600000,2633.0000000000005,2634.4,2632.2000000000003,2632.4,100,78996720.0,0.0,25067,2632.6000000000004,0
1730265660000,2632.4,2634.0,2631.4,2632.2000000000003,125,98728260.0,0.0,25056,2632.4,0
1730265720000,2631.4,2633.6000000000004,2631.2000000000003,2632.6000000000004,103,81334800.00000001,0.0,25038,2632.2000000000003,0
1730265780000,2632.6000000000004,2635.6000000000004,2632.2000000000003,2635.2000000000003,110,86933700.0,0.0,25054,2632.6000000000004,0
1730265840000,2635.6,2635.6,2633.0,2633.8,65,51373500.0,0.0,25060,2635.2,0
1730265900000,2633.4,2635.2000000000003,2633.2000000000003,2634.0000000000005,55,43468860.0,0.0,25061,2633.8,0
1730265960000,2633.8,2634.4,2633.2000000000003,2634.0000000000005,31,24494640.0,0.0,25064,2634.0000000000005,0
1730266020000,2634.2000000000003,2635.4,2633.4,2633.4,82,64810920.00000001,0.0,25076,2634.0,0
1730266080000,2633.6000000000004,2634.4,2632.2000000000003,2633.4,108,85323120.0,0.0,25096,2633.4,0
1730266140000,2633.4,2637.2000000000003,2633.4,2636.8,89,70368720.0,0.0,25116,2633.4,0
1730266200000,2636.6000000000004,2637.0000000000005,2635.2000000000003,2635.8,50,39539880.0,0.0,25122,2636.8,0
1730266260000,2634.4,2636.0,2634.4,2635.4,68,53755140.00000001,0.0,25133,2635.8,0
1730266320000,2636.0,2636.8,2634.8,2635.2000000000003,76,60094800.00000001,0.0,25149,2635.4,0
1730266380000,2635.2,2636.8,2635.0,2636.6,35,27674520.0,0.0,25153,2635.2,0
1730266440000,2637.2,2637.4,2636.0,2636.0,70,55373220.0,0.0,25157,2636.6,0
1730266500000,2636.2000000000003,2637.4,2635.4,2635.4,42,33218160.000000004,0.0,25154,2636.0,0
1730266560000,2635.4,2636.4,2633.8,2634.4,63,49802760.00000001,0.0,25159,2635.4,0
1730266620000,2634.6,2636.6,2633.4,2636.4,69,54554940.0,0.0,25174,2634.4,0
1730266680000,2636.4000000000005,2636.4000000000005,2633.6000000000004,2634.8,51,40312380.00000001,0.0,25180,2636.4000000000005,0
1730266740000,2634.8,2635.4,2633.8,2635.4,35,27664260.0,0.0,25186,2634.8,0
1730266800000,2635.6000000000004,2635.6000000000004,2633.6000000000004,2633.6000000000004,30,23710140.0,0.0,25185,2635.4000000000005,0
1730266860000,2634.0,2635.6,2634.0,2635.6,39,30826680.000000004,0.0,25187,2633.6,0
1730266920000,2635.2000000000003,2636.8,2634.6000000000004,2636.2000000000003,66,52191900.00000001,0.0,25202,2635.6000000000004,0
1730266980000,2636.2,2637.2,2636.0,2636.0,47,37176900.0,0.0,25210,2636.2,0
1730267040000,2635.8,2636.6,2634.4,2635.0,45,35582160.0,0.0,25225,2636.0,0
1730267100000,2635.0,2635.4,2633.8,2635.2000000000003,50,39518760.0,0.0,25227,2635.0,0
1730267160000,2635.2000000000003,2635.2000000000003,2632.6000000000004,2635.0000000000005,58,45831600.00000001,0.0,25250,2635.2000000000003,0
1730267220000,2635.0000000000005,2636.0000000000005,2633.6000000000004,2633.8,45,35572560.0,0.0,25257,2635.0000000000005,0
1730267280000,2633.8,2634.4,2632.4,2633.0,43,33971640.0,0.0,25274,2633.8,0
1730267340000,2633.2000000000003,2634.8,2632.4,2633.6,35,27650520.0,0.0,25279,2633.0,0
1730267400000,2633.0000000000005,2634.4000000000005,2632.6000000000004,2633.6000000000004,22,17382660.0,0.0,25284,2633.6000000000004,0
1730267460000,2634.2000000000003,2634.6000000000004,2632.6000000000004,2634.6000000000004,55,43453560.0,0.0,25304,2633.6000000000004,0
1730267520000,2634.8,2636.4,2634.2000000000003,2635.4,72,56926080.0,0.0,25340,2634.6000000000004,0
1730267580000,2635.6000000000004,2637.0000000000005,2635.2000000000003,2636.2000000000003,25,19771620.0,0.0,25353,2635.4,0
1730267640000,2636.2000000000003,2638.2000000000003,2636.2000000000003,2638.0000000000005,56,44308080.00000001,0.0,25373,2636.2000000000003,0
1730267700000,2638.2,2641.2,2638.0,2640.6,102,80781360.0,0.0,25381,2638.0,0
1730267760000,2641.2000000000003,2641.8,2639.4,2640.4,121,95845680.00000001,0.0,25421,2640.6,0
1730267820000,2640.4,2640.4,2638.0,2638.0,61,48296100.00000001,0.0,25439,2640.4,0
1730267880000,2637.8,2638.8,2637.6000000000004,2638.4000000000005,50,39572520.0,0.0,25459,2638.0000000000005,0
1730267940000,2638.6,2638.6,2637.0,2637.8,41,32444280.000000004,0.0,25471,2638.4,0
1730268000000,2638.0,2638.6,2636.4,2637.8,62,49055880.0,0.0,25483,2637.8,0
1730268060000,2638.4,2640.0,2637.0,2639.6,106,83910300.00000001,0.0,25528,2637.8,0
1730268120000,2640.0000000000005,2640.0000000000005,2637.2000000000003,2637.8,119,94198620.0,0.0,25553,2639.6000000000004,0
1730268180000,2637.6000000000004,2637.6000000000004,2632.8,2633.8,91,71933460.0,0.0,25574,2637.8,0
1730268240000,2633.8,2635.2000000000003,2633.4,2635.2000000000003,77,60854940.0,0.0,25613,2633.8,0
1730268300000,2635.2000000000003,2635.6000000000004,2632.6000000000004,2633.2000000000003,81,64004340.0,0.0,25651,2635.2000000000003,0
1730268360000,2633.4,2633.4,2632.0,2633.4,67,52917300.00000001,0.0,25672,2633.2,0
1730268420000,2633.4,2635.8,2633.4,2635.0,99,78257220.0,0.0,25716,2633.4,0
1730268480000,2634.2,2634.4,2633.0,2633.6,57,45038160.0,0.0,25763,2635.0,0
1730268540000,2633.4,2634.0,2632.0,2632.6,34,26853120.000000004,0.0,25780,2633.6,0
1730268600000,2631.8,2633.0,2631.4,2632.0,57,45007680.00000001,0.0,25806,2632.6,0
1730268660000,2632.0,2632.0,2628.8,2628.8,93,73392480.0,0.0,25862,2632.0,0
1730268720000,2629.2000000000003,2630.8,2628.8,2630.8,100,78888540.0,0.0,25909,2628.8,0
1730268780000,2631.0,2634.0,2631.0,2634.0,94,74244720.00000001,0.0,25949,2630.8,0
1730268840000,2634.6000000000004,2634.8,2632.6000000000004,2634.4000000000005,83,65586060.0,0.0,25994,2634.0000000000005,0
1730268900000,2634.2000000000003,2635.6,2633.4,2634.2000000000003,82,64815360.00000001,0.0,25992,2634.4,0
1730268960000,2634.2000000000003,2636.4,2634.2000000000003,2635.0000000000005,64,50596620.00000001,0.0,26021,2634.2000000000003,0
1730269020000,2634.8,2635.0,2633.0,2635.0,44,34772220.0,0.0,26048,2635.0,0
1730269080000,2634.4,2635.2000000000003,2633.8,2634.4,27,21339360.000000004,0.0,26069,2635.0,0
1730269140000,2635.0,2636.0,2635.0,2635.8,28,22139820.000000004,0.0,26086,2634.4,0
1730269200000,2636.0,2638.0,2636.0,2638.0,62,49054140.0,0.0,26110,2635.8,0
1730269260000,2637.8,2637.8,2636.0,2636.2,61,48257280.00000001,0.0,26142,2638.0,0
1730269320000,2637.8,2637.8,2635.4,2635.4,43,34011420.0,0.0,26166,2636.2000000000003,0
1730269380000,2636.0,2636.8,2635.4,2635.6,32,25305420.0,0.0,26178,2635.4,0
1730269440000,2635.4,2637.0,2635.4,2635.8,52,41126880.0,0.0,26199,2635.6,0
1730269500000,2635.8,2635.8,2635.2000000000003,2635.2000000000003,43,33998160.0,0.0,26201,2635.8,0
1730269560000,2635.6,2637.0,2635.0,2637.0,71,56146980.0,0.0,26233,2635.2,0
1730269620000,2636.4000000000005,2639.0000000000005,2635.6000000000004,2635.8,84,66470700.0,0.0,26274,2637.0000000000005,0
1730269680000,2636.0,2637.0,2636.0,2636.2,29,22935960.000000004,0.0,26285,2635.8,0
1730269740000,2636.2000000000003,2639.4000000000005,2635.6000000000004,2639.2000000000003,57,45094860.0,0.0,26319,2636.2000000000003,0
1730269800000,2639.6000000000004,2643.0000000000005,2639.6000000000004,2641.6000000000004,240,190155600.0,0.0,26429,2639.2000000000003,0
1730269860000,2641.6,2642.4,2640.0,2641.2,108,85576860.0,0.0,26483,2641.6,0
1730269920000,2640.6000000000004,2641.0000000000005,2638.2000000000003,2639.2000000000003,102,80774400.00000001,0.0,26533,2641.2000000000003,0
1730269980000,2639.4,2642.0000000000005,2639.2000000000003,2639.6000000000004,82,64962060.00000001,0.0,26565,2639.2000000000003,0
1730270040000,2639.6000000000004,2641.0000000000005,2639.2000000000003,2640.2000000000003,49,38807700.0,0.0,26584,2639.6000000000004,0
1730270100000,2640.8,2640.8,2639.2000000000003,2640.8,48,38015160.00000001,0.0,26601,2640.2000000000003,0
1730270160000,2641.0,2641.0,2640.0,2640.6,62,49114020.0,0.0,26622,2640.8,0
1730270220000,2640.4,2641.0,2639.4,2639.8,28,22177200.000000004,0.0,26643,2640.6,0
1730270280000,2640.2000000000003,2642.2000000000003,2639.8,2641.6000000000004,64,50715180.00000001,0.0,26668,2639.8,0
1730270340000,2641.6000000000004,2645.4000000000005,2641.6000000000004,2644.0000000000005,175,138773820.0,0.0,26729,2641.6000000000004,0
1730270400000,2644.2000000000003,2646.0,2642.8,2643.4,102,80922120.0,0.0,26764,2644.0,0
1730270460000,2643.8,2645.2000000000003,2643.8,2645.0,56,44427240.0,0.0,26787,2643.4,0
1730270520000,2645.2,2646.8,2645.0,2646.2,67,53184180.0,0.0,26807,2645.0,0
1730270580000,2646.8,2647.8,2645.6000000000004,2647.8,83,65898720.0,0.0,26839,2646.2000000000003,0
1730270640000,2647.8,2648.0000000000005,2646.6000000000004,2648.0000000000005,96,76242240.00000001,0.0,26864,2647.8,0
1730270700000,2647.4,2649.8,2647.4,2648.8,104,82637580.0,0.0,26890,2648.0,0
1730270760000,2648.8,2648.8,2644.0,2644.0,124,98458560.0,0.0,26923,2648.8,0
1730270820000,2644.2000000000003,2644.8,2642.6000000000004,2643.6000000000004,123,97555920.00000001,0.0,26960,2644.0000000000005,0
1730270880000,2644.0,2644.2,2641.0,2641.0,81,64207499.99999999,0.0,26980,2643.6,0
1730270940000,2640.8,2642.4,2640.0,2640.2,77,61011240.0,0.0,27016,2641.0,0
1730271000000,2640.4,2640.6000000000004,2638.2000000000003,2639.8,85,67303740.0,0.0,27038,2640.2000000000003,0
1730271060000,2639.6000000000004,2641.0000000000005,2638.6000000000004,2639.4000000000005,79,62561640.0,0.0,27074,2639.8,0
1730271120000,2640.0,2640.6,2639.0,2639.6,72,57017340.0,0.0,27114,2639.4,0
1730271180000,2640.2000000000003,2642.2000000000003,2640.2000000000003,2641.8,117,92708880.0,0.0,27169,2639.6000000000004,0
1730271240000,2641.8,2642.0,2641.0,2642.0,71,56266680.00000001,0.0,27205,2641.8,0
1730271300000,2642.0,2642.6000000000004,2640.8,2640.8,96,76079640.00000001,0.0,27250,2642.0,0
1730271360000,2641.2,2641.6,2640.0,2640.2,102,80813100.0,0.0,27284,2640.8,0
1730271420000,2640.2000000000003,2640.4,2639.4,2640.0,90,71274600.0,0.0,27306,2640.2000000000003,0
1730271480000,2639.8,2640.8,2639.6000000000004,2640.4000000000005,97,76832340.00000001,0.0,27352,2640.0000000000005,0
1730271540000,2640.4,2641.6000000000004,2640.2000000000003,2641.4,94,74478060.0,0.0,27380,2640.4,0
1730271600000,2641.2000000000003,2641.2000000000003,2639.2000000000003,2640.0000000000005,163,129105540.00000001,2639.2000000000003,27449,2641.4,0
1730338200000,2643.6000000000004,2643.6000000000004,2643.6000000000004,2643.6000000000004,37,29343960.0,0.0,27424,2640.0000000000005,0
1730338260000,2645.0,2646.8,2639.8,2642.0,552,437863860.00000006,0.0,27124,2643.6000000000004,0
1730338320000,2641.2000000000003,2642.0000000000005,2636.6000000000004,2641.2000000000003,344,272438580.0,0.0,26899,2642.0000000000005,0
1730338380000,2640.2000000000003,2643.0,2638.8,2640.8,192,152120460.00000003,0.0,26818,2641.2000000000003,0
1730338440000,2640.4,2642.0000000000005,2639.2000000000003,2641.0000000000005,157,124378800.0,0.0,26723,2640.8,0
1730338500000,2640.8,2640.8,2635.6000000000004,2638.0000000000005,162,128210160.0,0.0,26645,2641.0000000000005,0
1730338560000,2639.0,2640.4,2636.8,2637.0,182,144085200.0,0.0,26569,2638.0,0
1730338620000,2637.2000000000003,2638.0000000000005,2635.2000000000003,2636.8,195,154243320.0,0.0,26466,2637.0000000000005,0
1730338680000,2637.0000000000005,2638.6000000000004,2634.6000000000004,2636.0000000000005,118,93328740.00000001,0.0,26418,2636.8,0
1730338740000,2636.2000000000003,2636.2000000000003,2633.6000000000004,2636.0000000000005,153,120942540.00000001,0.0,26340,2636.0000000000005,0
1730338800000,2636.0,2639.2,2635.0,2636.0,131,103633020.00000001,0.0,26293,2636.0,0
1730338860000,2636.2,2636.2,2632.0,2632.6,137,108259920.00000001,0.0,26235,2636.0,0
1730338920000,2632.6000000000004,2634.2000000000003,2632.2000000000003,2632.8,84,66356520.00000001,0.0,26202,2632.6000000000004,0
1730338980000,2632.2,2633.6,2631.0,2632.0,112,88429920.00000001,0.0,26141,2632.8,0
1730339040000,2632.0,2635.8,2632.0,2635.2,142,112238580.0,0.0,26093,2632.0,0
1730339100000,2635.8,2635.8,2632.6000000000004,2633.4000000000005,89,70340580.0,0.0,26053,2635.2000000000003,0
1730339160000,2633.0,2633.8,2631.8,2632.6000000000004,113,89251260.00000001,0.0,26019,2633.4,0
1730339220000,2632.4,2634.4,2632.4,2632.8,104,82159560.0,0.0,25993,2632.6,0
1730339280000,2632.4,2634.8,2632.4,2633.6,98,77432400.00000001,0.0,25975,2632.8,0
1730339340000,2634.0000000000005,2634.4000000000005,2631.6000000000004,2633.8,133,105053160.0,0.0,25907,2633.6000000000004,0
1730339400000,2633.8,2635.4,2632.8,2633.2000000000003,145,114572520.0,0.0,25869,2633.8,0
1730339460000,2632.0000000000005,2632.4,2629.2000000000003,2629.2000000000003,201,158659500.0,0.0,25777,2633.2000000000003,0
1730339520000,2629.0,2629.0,2624.4,2625.6,199,156816600.0,0.0,25710,2629.2000000000003,0
1730339580000,2625.2000000000003,2625.8,2621.8,2623.4,188,147998040.0,0.0,25646,2625.6000000000004,0
1730339640000,2623.8,2626.8,2623.8,2625.6000000000004,227,178796160.00000003,0.0,25565,2623.4,0
1730339700000,2625.8,2626.4,2622.8,2624.8,171,134644620.0,0.0,25487,2625.6000000000004,0
1730339760000,2623.4,2624.4,2619.8,2621.4,183,143930580.0,0.0,25431,2624.8,0
1730339820000,2620.8,2622.2000000000003,2619.2000000000003,2619.2000000000003,117,91997100.00000001,0.0,25410,2621.4,0
1730339880000,2620.0,2622.0,2618.0,2621.8,145,113965320.0,0.0,25399,2619.2,0
1730339940000,2621.8,2622.2,2619.0,2621.6,75,58966380.0,0.0,25394,2621.8,0
1730340000000,2622.8,2624.8,2622.6000000000004,2623.2000000000003,144,113338320.0,0.0,25356,2621.6000000000004,0
1730340060000,2623.2000000000003,2629.8,2623.2000000000003,2629.2000000000003,228,179732340.0,0.0,25289,2623.2000000000003,0
1730340120000,2629.2000000000003,2633.6000000000004,2629.2000000000003,2633.2000000000003,197,155563560.00000003,0.0,25261,2629.2000000000003,0
1730340180000,2633.2000000000003,2639.8,2633.2000000000003,2639.8,265,209674740.0,0.0,25224,2633.2000000000003,0
1730340240000,2639.8,2644.4000000000005,2638.6000000000004,2639.6000000000004,290,229755120.0,0.0,25167,2639.8,0
1730340300000,2640.0000000000005,2641.6000000000004,2636.6000000000004,2636.6000000000004,389,307959960.00000006,0.0,25090,2639.6000000000004,0
1730340360000,2636.2,2640.0,2634.0,2639.4,264,208830780.0,0.0,25067,2636.6,0
1730340420000,2639.6,2646.2000000000003,2639.4,2643.0,413,327508560.00000006,0.0,25018,2639.4,0
1730340480000,2642.6,2645.4,2640.4,2641.2000000000003,164,130018320.00000001,0.0,25018,2643.0,0
1730340540000,2640.4,2641.0000000000005,2636.2000000000003,2640.2000000000003,136,107645580.00000001,0.0,25034,2641.2000000000003,0
1730340600000,2639.8,2641.8,2637.6000000000004,2638.8,113,89473320.00000001,0.0,25035,2640.2000000000003,0
1730340660000,2638.8,2641.4,2635.4,2635.4,112,88656000.00000001,0.0,25052,2638.8,0
1730340720000,2635.6000000000004,2636.8,2634.8,2636.8,100,79080060.0,0.0,25064,2635.4,0
1730340780000,2636.4,2636.4,2632.0,2635.6,132,104301540.0,0.0,25066,2636.8,0
1730340840000,2635.2000000000003,2635.2000000000003,2632.6000000000004,2634.2000000000003,91,71908980.0,0.0,25073,2635.6000000000004,0
1730340900000,2633.6000000000004,2639.4000000000005,2633.6000000000004,2638.2000000000003,114,90177720.0,0.0,25070,2634.2000000000003,0
1730340960000,2637.8,2638.2000000000003,2635.4,2638.2000000000003,78,61703460.00000001,0.0,25064,2638.2000000000003,0
1730341020000,2638.6000000000004,2639.0000000000005,2634.6000000000004,2636.0000000000005,64,50624400.00000001,0.0,25058,2638.2000000000003,0
1730341080000,2637.0000000000005,2641.0000000000005,2636.2000000000003,2640.0000000000005,76,60169980.0,0.0,25068,2636.0000000000005,0
1730341140000,2640.0,2641.4,2638.8,2639.0,105,83164500.0,0.0,25085,2640.0,0
1730341200000,2638.8,2642.4,2637.4,2641.6,122,96643560.00000001,0.0,25120,2639.0,0
1730341260000,2640.6000000000004,2641.4,2637.2000000000003,2638.6000000000004,116,91854360.00000001,0.0,25161,2641.6000000000004,0
1730341320000,2638.2000000000003,2641.4,2637.2000000000003,2640.8,59,46714200.00000001,0.0,25167,2638.6000000000004,0
1730341380000,2640.2,2643.8,2639.0,2643.8,82,64977180.00000001,0.0,25182,2640.8,0
1730341440000,2643.4,2644.4,2641.8,2644.4,99,78503520.0,0.0,25191,2643.8,0
1730341500000,2644.2000000000003,2645.6000000000004,2640.2000000000003,2640.4,135,107064360.0,0.0,25193,2644.4,0
1730341560000,2641.0000000000005,2643.6000000000004,2639.6000000000004,2639.6000000000004,83,65778420.00000001,0.0,25201,2640.4000000000005,0
1730341620000,2639.6000000000004,2641.2000000000003,2638.8,2640.6000000000004,82,64949280.000000015,0.0,25234,2639.6000000000004,0
1730341680000,2640.8,2641.0000000000005,2638.2000000000003,2640.6000000000004,83,65721660.00000001,0.0,25245,2640.6000000000004,0
1730341740000,2639.4000000000005,2643.0000000000005,2638.6000000000004,2642.2000000000003,55,43578420.0,0.0,25249,2640.6000000000004,0
1730341800000,2641.6000000000004,2642.8,2639.2000000000003,2641.0000000000005,58,45950460.0,0.0,25266,2642.2000000000003,0
1730341860000,2640.0,2642.8,2640.0,2640.0,69,54678180.0,0.0,25270,2641.0,0
1730341920000,2640.6000000000004,2647.8,2640.6000000000004,2647.6000000000004,117,92828580.0,0.0,25296,2640.0000000000005,0
1730341980000,2647.4000000000005,2648.0000000000005,2645.6000000000004,2646.6000000000004,128,101641800.00000001,0.0,25316,2647.6000000000004,0
1730342040000,2646.6000000000004,2651.4000000000005,2646.6000000000004,2651.4000000000005,190,151034940.0,0.0,25292,2646.6000000000004,0
1730342100000,2651.2000000000003,2652.0,2649.4,2650.8,120,95427480.0,0.0,25290,2651.4,0
1730342160000,2650.4,2654.0,2650.4,2654.0,102,81171780.00000001,0.0,25297,2650.8,0
1730342220000,2654.0,2658.4,2653.8,2657.6000000000004,363,289309200.00000006,0.0,25242,2654.0,0
1730342280000,2657.8,2660.8,2655.0,2657.2,281,224075340.00000003,0.0,25270,2657.6,0
1730342340000,2656.8,2657.2000000000003,2653.6000000000004,2654.8,198,157708080.00000003,0.0,25280,2657.2000000000003,0
1730342400000,2655.2000000000003,2660.6000000000004,2652.8,2659.6000000000004,252,200837100.00000003,0.0,25252,2654.8,0
1730342460000,2659.6,2662.2,2658.0,2659.8,407,324705240.00000006,0.0,25227,2659.6,0
1730342520000,2660.0,2660.0,2655.0,2655.2,292,232760460.00000003,0.0,25269,2659.8,0
1730342580000,2655.2000000000003,2657.0,2651.4,2651.4,184,146476020.00000003,0.0,25328,2655.2000000000003,0
1730342640000,2652.0000000000005,2652.6000000000004,2650.2000000000003,2651.0000000000005,104,82717200.0,0.0,25345,2651.4,0
1730342700000,2650.6000000000004,2652.0000000000005,2648.2000000000003,2651.2000000000003,144,114482280.0,0.0,25372,2651.0000000000005,0
1730342760000,2651.8,2651.8,2647.2000000000003,2647.8,117,92969460.00000001,0.0,25372,2651.2000000000003,0
1730342820000,2647.6,2650.0,2646.0,2650.0,99,78638100.0,0.0,25376,2647.8,0
1730342880000,2650.0,2651.0,2648.0,2649.2,74,58813920.0,0.0,25394,2650.0,0
1730342940000,2649.6000000000004,2651.8,2647.6000000000004,2647.8,81,64391760.0,0.0,25401,2649.2000000000003,0
1730343000000,2647.4,2650.2000000000003,2644.8,2645.2000000000003,165,131100840.0,0.0,25416,2647.8,0
1730343060000,2645.8,2647.4,2645.0,2646.8,54,42868440.0,0.0,25428,2645.2,0
1730343120000,2647.2,2650.6,2647.0,2649.0,151,119998560.0,0.0,25444,2646.8,0
1730343180000,2648.0000000000005,2649.0000000000005,2646.2000000000003,2646.8,58,46064940.00000001,0.0,25450,2649.0000000000005,0
1730343240000,2647.2000000000003,2647.8,2644.6000000000004,2645.0000000000005,146,115869900.0,0.0,25419,2646.8,0
1730343300000,2644.8,2648.8,2643.6000000000004,2646.6000000000004,113,89689260.00000001,0.0,25418,2645.0000000000005,0
1730343360000,2646.6,2646.6,2644.4,2645.4,32,25396800.0,0.0,25417,2646.6,0
1730343420000,2646.2000000000003,2646.8,2643.4,2644.0,61,48403320.00000001,0.0,25434,2645.4,0
1730343480000,2644.0000000000005,2645.0000000000005,2642.2000000000003,2643.8,74,58688040.00000001,0.0,25451,2644.0000000000005,0
1730343540000,2643.2,2645.4,2643.0,2645.4,50,39662160.0,0.0,25450,2643.8,0
1730343600000,2645.6000000000004,2647.2000000000003,2644.2000000000003,2645.4,58,46036080.00000001,0.0,25459,2645.4,0
1730343660000,2645.4,2646.0,2644.0,2645.6,48,38089680.00000001,0.0,25475,2645.4,0
1730343720000,2645.4,2646.6000000000004,2644.8,2646.4,37,29367360.0,0.0,25482,2645.6000000000004,0
1730343780000,2646.4,2648.2,2645.0,2648.0,45,35728020.0,0.0,25485,2646.4,0
1730343840000,2648.0,2650.8,2648.0,2649.8,91,72338399.99999999,0.0,25468,2648.0,0
1730343900000,2650.2000000000003,2650.8,2647.8,2649.0,64,50863740.0,0.0,25485,2649.8,0
1730343960000,2648.8,2648.8,2647.0,2647.2,52,41304480.0,0.0,25496,2649.0,0
1730344020000,2647.4,2651.6,2647.4,2650.4,65,51679020.0,0.0,25513,2647.2000000000003,0
1730344080000,2649.8,2649.8,2647.2000000000003,2648.2000000000003,121,96144540.00000001,0.0,25560,2650.4,0
1730344140000,2648.2000000000003,2651.2000000000003,2648.2000000000003,2651.2000000000003,126,100140240.00000001,0.0,25559,2648.2000000000003,0
1730344200000,2651.4000000000005,2652.8,2650.6000000000004,2650.6000000000004,68,54094380.00000001,0.0,25567,2651.2000000000003,0
1730344260000,2651.0000000000005,2651.4,2645.2000000000003,2647.0000000000005,123,97727340.00000001,0.0,25619,2650.6000000000004,0
1730344320000,2647.8,2650.6,2647.0,2650.2,55,43701720.0,0.0,25627,2647.0,0
1730344380000,2650.2000000000003,2653.4,2650.2000000000003,2653.2000000000003,149,118542300.0,0.0,25636,2650.2000000000003,0
1730344440000,2653.0,2654.0,2651.4,2651.6,79,62870520.0,0.0,25647,2653.2000000000003,0
1730344500000,2651.6,2653.6,2651.0,2652.2,80,63670020.0,0.0,25656,2651.6,0
1730344560000,2652.0,2652.0,2650.0,2651.0,60,47719080.0,0.0,25679,2652.2,0
1730344620000,2651.0000000000005,2652.2000000000003,2647.2000000000003,2647.2000000000003,82,65194860.00000001,0.0,25684,2651.0000000000005,0
1730344680000,2647.4,2647.4,2644.8,2646.2000000000003,69,54768600.0,0.0,25714,2647.2000000000003,0
1730344740000,2645.6000000000004,2647.6000000000004,2643.6000000000004,2644.6000000000004,81,64273860.0,0.0,25737,2646.2000000000003,0
1730344800000,2644.0,2645.6,2643.4,2645.0,49,38876160.0,0.0,25740,2644.6,0
1730344860000,2644.8,2645.4,2641.0,2641.6,152,120510960.0,0.0,25795,2645.0,0
1730344920000,2641.4,2642.2000000000003,2639.2000000000003,2639.2000000000003,224,177435180.00000003,0.0,25803,2641.6000000000004,0
1730344980000,2639.2000000000003,2640.8,2638.8,2639.2000000000003,394,312027120.00000006,0.0,25869,2639.2000000000003,0
1730345040000,2639.0000000000005,2639.2000000000003,2635.6000000000004,2636.6000000000004,143,113133060.00000001,0.0,25905,2639.2000000000003,0
1730345100000,2636.8,2638.0000000000005,2636.6000000000004,2637.4000000000005,76,60126060.00000001,0.0,25935,2636.6000000000004,0
1730345160000,2637.0,2638.2,2634.0,2635.4,116,91722000.00000001,0.0,25966,2637.4,0
1730345220000,2635.2000000000003,2636.2000000000003,2634.6000000000004,2635.2000000000003,66,52182600.00000001,0.0,25981,2635.4000000000005,0
1730345280000,2635.2000000000003,2635.6000000000004,2633.6000000000004,2635.2000000000003,91,71924159.99999999,0.0,26002,2635.2000000000003,0
1730345340000,2635.6,2636.8,2634.4,2635.6,73,57716700.00000001,0.0,26028,2635.2000000000003,0
1730345400000,2636.0,2638.2,2635.0,2637.2,71,56160660.0,0.0,26037,2635.6,0
1730350860000,2638.6,2641.4,2634.4,2635.8,205,162242340.0,0.0,26078,2637.2000000000003,0
1730350920000,2635.8,2639.4,2635.8,2636.0,182,144021900.0,0.0,26155,2635.8,0
1730350980000,2636.4000000000005,2636.4000000000005,2632.6000000000004,2632.6000000000004,123,97207200.0,0.0,26208,2636.0000000000005,0
1730351040000,2632.6000000000004,2633.2000000000003,2631.2000000000003,2632.0000000000005,94,74223420.0,0.0,26237,2632.6000000000004,0
1730351100000,2631.6000000000004,2631.6000000000004,2627.8,2628.6000000000004,214,168763140.00000003,0.0,26294,2632.0,0
1730351160000,2628.8,2628.8,2627.2000000000003,2628.4,99,78045480.0,0.0,26326,2628.6000000000004,0
1730351220000,2628.4,2630.6,2628.4,2629.0,86,67842960.0,0.0,26323,2628.4,0
1730351280000,2629.0,2629.0,2626.8,2628.6000000000004,86,67796820.0,0.0,26331,2629.0,0
1730351340000,2628.6000000000004,2630.2000000000003,2628.6000000000004,2629.2000000000003,100,78881940.0,0.0,26357,2628.6000000000004,0
1730351400000,2629.0,2631.2,2629.0,2629.6,81,63901980.0,0.0,26390,2629.2,0
1730351460000,2629.8,2630.2,2628.0,2628.4,77,60724260.0,0.0,26417,2629.6,0
1730351520000,2628.8,2628.8,2625.2000000000003,2626.2000000000003,124,97710300.0,0.0,26476,2628.4,0
1730351580000,2626.2000000000003,2627.6,2625.4,2627.6,55,43340100.0,0.0,26493,2626.2000000000003,0
1730351640000,2627.6000000000004,2627.6000000000004,2625.2000000000003,2625.4,49,38601240.0,0.0,26502,2627.6000000000004,0
1730351700000,2625.8,2626.8,2624.0,2626.4,114,89779500.00000001,0.0,26521,2625.4,0
1730351760000,2625.6000000000004,2626.0000000000005,2624.6000000000004,2624.8,46,36228960.00000001,0.0,26533,2626.4000000000005,0
1730351820000,2625.2000000000003,2627.0,2624.8,2625.6000000000004,51,40175820.0,0.0,26555,2624.8,0
1730351880000,2625.0,2627.4,2625.0,2626.2,82,64599840.00000001,0.0,26578,2625.6,0
1730351940000,2626.8,2626.8,2624.6000000000004,2625.2000000000003,48,37808700.00000001,0.0,26590,2626.2000000000003,0
1730352000000,2625.2000000000003,2625.2000000000003,2623.4,2624.8,94,74005080.0,0.0,26629,2625.2000000000003,0
1730352060000,2624.6000000000004,2626.8,2624.6000000000004,2625.0000000000005,87,68531040.0,0.0,26660,2624.8,0
1730352120000,2625.0,2625.6,2624.4,2625.6,69,54339660.0,0.0,26697,2625.0,0
1730352180000,2625.8,2628.2000000000003,2625.4,2627.2000000000003,124,97709640.0,0.0,26758,2625.6,0
1730352240000,2627.0,2628.2,2626.0,2627.8,69,54379380.0,0.0,26766,2627.2,0
1730352300000,2627.8,2627.8,2626.0,2626.0,57,44925420.0,0.0,26783,2627.8,0
1730352360000,2626.2000000000003,2628.0000000000005,2625.6000000000004,2628.0000000000005,29,22853820.000000004,0.0,26797,2626.0000000000005,0
1730352420000,2628.4,2628.8,2627.2000000000003,2627.4,68,53617020.00000001,0.0,26799,2628.0000000000005,0
1730352480000,2627.8,2628.6,2627.0,2628.6,53,41780940.00000001,0.0,26827,2627.4,0
1730352540000,2628.8,2629.6,2628.4,2629.0,64,50475720.00000001,0.0,26853,2628.6,0
1730352600000,2628.6,2628.6,2626.0,2627.0,92,72515820.00000001,0.0,26896,2629.0,0
1730352660000,2627.4,2628.8,2627.4,2627.6,31,24439740.0,0.0,26907,2627.0,0
1730352720000,2627.4,2627.8,2626.4,2627.6,59,46499520.0,0.0,26938,2627.6,0
1730352780000,2627.6,2628.0,2627.0,2627.2,25,19706760.0,0.0,26946,2627.6,0
1730352840000,2627.2000000000003,2627.8,2626.2000000000003,2627.8,34,26796120.000000004,0.0,26953,2627.2000000000003,0
1730352900000,2628.0000000000005,2629.2000000000003,2627.2000000000003,2627.2000000000003,65,51252000.0,0.0,26972,2627.8,0
1730352960000,2627.6,2628.4,2627.0,2628.2,36,28378200.000000004,0.0,26981,2627.2,0
1730353020000,2628.4,2629.0,2627.0,2627.4,36,28381380.0,0.0,26979,2628.2,0
1730353080000,2627.0000000000005,2627.8,2626.2000000000003,2626.8,24,18914760.000000004,0.0,26985,2627.4,0
1730353140000,2626.8,2628.2000000000003,2626.4,2627.2000000000003,36,28374360.0,0.0,26984,2626.8,0
1730353200000,2627.2000000000003,2627.2000000000003,2625.4,2626.6,33,25997280.000000004,0.0,26995,2627.2000000000003,0
1730353260000,2626.6000000000004,2628.0000000000005,2626.2000000000003,2627.4,30,23643600.0,0.0,27010,2626.6000000000004,0
1730353320000,2627.4,2628.0,2626.4,2627.8,36,28373100.0,0.0,27016,2627.4,0
1730353380000,2627.8,2629.0,2627.4,2628.2000000000003,33,26020860.000000004,0.0,27025,2627.8,0
1730353440000,2628.6000000000004,2628.6000000000004,2626.6000000000004,2626.6000000000004,25,19703520.0,0.0,27037,2628.2000000000003,0
1730353500000,2627.0,2627.0,2626.0,2626.0,18,14183760.0,0.0,27040,2626.6,0
1730353560000,2626.2000000000003,2626.8,2625.8,2626.8,39,30727080.000000004,0.0,27051,2626.0,0
1730353620000,2627.0,2627.8,2626.8,2627.0,22,17340180.0,0.0,27053,2626.8,0
1730353680000,2626.4,2626.6,2624.0,2624.0,63,49617960.00000001,0.0,27071,2627.0,0
1730353740000,2623.8,2623.8,2620.8,2620.8,113,88902000.0,0.0,27105,2624.0,0
1730353800000,2620.8,2621.0000000000005,2619.6000000000004,2620.4000000000005,106,83325900.0,0.0,27168,2620.8,0
1730353860000,2620.8,2622.8,2620.4,2622.8,77,60560520.0,0.0,27184,2620.4,0
1730353920000,2622.4,2628.2000000000003,2622.4,2628.0,98,77193060.00000001,0.0,27201,2622.8,0
1730353980000,2628.4,2628.8,2626.8,2628.4,110,86727600.0,0.0,27219,2628.0,0
1730354040000,2628.4,2630.0,2627.4,2630.0,72,56784300.0,0.0,27242,2628.4,0
1730354100000,2630.2,2631.4,2629.0,2629.0,121,95490420.00000001,0.0,27285,2630.0,0
1730354160000,2629.8,2630.6,2627.0,2627.4,86,67841399.99999999,0.0,27326,2629.0,0
1730354220000,2627.0,2627.4,2625.4,2627.4,74,58302360.0,0.0,27358,2627.4,0
1730354280000,2627.8,2631.0,2627.8,2630.0,61,48126180.00000001,0.0,27382,2627.4,0
1730354340000,2629.8,2634.8,2629.8,2634.8,104,82129680.00000001,0.0,27405,2630.0,0
1730354400000,2634.0000000000005,2634.2000000000003,2631.6000000000004,2633.8,133,105054900.0,0.0,27426,2634.8,0
1730354460000,2633.8,2635.2,2633.0,2633.0,92,72702360.00000001,0.0,27450,2633.8,0
1730354520000,2633.2000000000003,2634.2000000000003,2631.4,2633.2000000000003,72,56870460.0,0.0,27459,2633.0,0
1730354580000,2634.2000000000003,2634.2000000000003,2632.6000000000004,2632.8,53,41871360.00000001,0.0,27483,2633.2000000000003,0
1730354640000,2633.4,2633.4,2631.4,2632.8,125,98708520.0,0.0,27547,2632.8,0
1730354700000,2632.4000000000005,2635.2000000000003,2630.6000000000004,2633.8,88,69504900.0,0.0,27580,2632.8,0
1730354760000,2633.4000000000005,2633.8,2631.6000000000004,2633.6000000000004,55,43442520.0,0.0,27598,2633.8,0
1730354820000,2633.8,2634.6000000000004,2631.6000000000004,2631.6000000000004,52,41085540.0,0.0,27609,2633.6000000000004,0
1730354880000,2631.4,2633.2,2631.0,2632.4,35,27637740.0,0.0,27626,2631.6,0
1730354940000,2632.6000000000004,2636.8,2632.6000000000004,2636.6000000000004,106,83790660.00000001,0.0,27655,2632.4000000000005,0
1730355000000,2636.4,2638.8,2636.4,2638.2000000000003,128,101283480.00000001,0.0,27717,2636.6,0
1730355060000,2638.8,2639.0,2636.8,2638.8,60,47485440.0,0.0,27746,2638.2000000000003,0
1730355120000,2639.0,2640.4,2637.8,2639.2000000000003,143,113223180.0,0.0,27818,2638.8,0
1730355180000,2638.8,2642.2000000000003,2638.8,2641.6000000000004,105,83193540.0,0.0,27862,2639.2000000000003,0
1730355240000,2641.6000000000004,2647.0000000000005,2641.6000000000004,2642.4000000000005,301,238817100.00000003,0.0,27987,2641.6000000000004,0
1730355300000,2642.6000000000004,2646.2000000000003,2642.6000000000004,2644.2000000000003,210,166631460.0,0.0,28020,2642.4000000000005,0
1730355360000,2643.8,2643.8,2640.2000000000003,2640.2000000000003,185,146617500.0,0.0,28148,2644.2000000000003,0
1730355420000,2640.0,2642.8,2639.8,2642.2000000000003,102,80824920.0,0.0,28198,2640.2000000000003,0
1730355480000,2642.2000000000003,2642.2000000000003,2639.2000000000003,2640.4,43,34062119.99999999,0.0,28216,2642.2000000000003,0
1730355540000,2640.6000000000004,2640.8,2637.8,2638.4,78,61749420.00000001,0.0,28238,2640.4,0
1730355600000,2638.2000000000003,2640.2000000000003,2637.8,2639.8,55,43542900.0,0.0,28261,2638.4,0
1730355660000,2640.4000000000005,2641.2000000000003,2639.6000000000004,2640.0000000000005,57,45153000.0,0.0,28291,2639.8,0
1730355720000,2640.0,2641.2,2639.0,2639.6,46,36436260.0,0.0,28313,2640.0,0
1730355780000,2639.8,2642.0,2639.8,2641.8,66,52296480.00000001,0.0,28329,2639.6000000000004,0
1730355840000,2642.2000000000003,2642.6000000000004,2641.8,2642.0,27,21401460.000000004,0.0,28339,2641.8,0
1730355900000,2642.2000000000003,2644.0000000000005,2642.2000000000003,2643.6000000000004,40,31720140.0,0.0,28356,2642.0000000000005,0
1730355960000,2643.6000000000004,2643.8,2641.6000000000004,2643.2000000000003,48,38050920.00000001,0.0,28385,2643.6000000000004,0
1730356020000,2643.0000000000005,2643.6000000000004,2641.2000000000003,2641.8,51,40434000.0,0.0,28396,2643.2000000000003,0
1730356080000,2642.2000000000003,2643.6,2641.4,2643.2000000000003,90,71339520.0,0.0,28395,2641.8,0
1730356140000,2643.0,2646.0,2643.0,2645.6,69,54749940.0,0.0,28415,2643.2,0
1730356200000,2646.0000000000005,2646.0000000000005,2642.2000000000003,2642.2000000000003,53,42042600.00000001,0.0,28436,2645.6000000000004,0
1730356260000,2642.2000000000003,2643.2000000000003,2639.2000000000003,2639.6000000000004,67,53078940.0,0.0,28464,2642.2000000000003,0
1730356320000,2639.6000000000004,2641.0000000000005,2639.2000000000003,2640.0000000000005,54,42766680.00000001,0.0,28491,2639.6000000000004,0
1730356380000,2641.4,2641.4,2636.0,2636.4,127,100503120.0,0.0,28539,2640.0,0
1730356440000,2636.8,2638.4,2636.8,2637.8,76,60132840.0,0.0,28593,2636.4,0
1730356500000,2638.0,2638.8,2636.8,2637.8,110,87043980.0,0.0,28600,2637.8,0
1730356560000,2637.8,2642.0,2637.4,2642.0,77,60983220.0,0.0,28638,2637.8,0
1730356620000,2642.6,2644.8,2641.4,2644.0,111,88019580.00000001,0.0,28697,2642.0,0
1730356680000,2644.2,2644.8,2643.0,2644.0,135,107077980.0,0.0,28783,2644.0,0
1730356740000,2644.8,2644.8,2642.2000000000003,2642.6000000000004,205,162590340.0,0.0,28943,2644.0000000000005,0
1730356800000,2642.8,2644.2,2641.0,2641.0,175,138757200.0,0.0,29050,2642.6,0
1730356860000,2641.0,2641.8,2636.0,2637.0,327,258801240.00000003,0.0,29156,2641.0,0
1730356920000,2637.8,2639.6000000000004,2634.8,2635.4,99,78319620.0,0.0,29210,2637.0,0
1730356980000,2636.0,2637.8,2634.8,2637.8,113,89368380.00000001,0.0,29254,2635.4,0
1730357040000,2638.2000000000003,2638.8,2633.2000000000003,2633.8,102,80669100.0,0.0,29276,2637.8,0
1730357100000,2634.0,2635.8,2633.0,2635.0,89,70332900.00000001,0.0,29314,2633.8,0
1730357160000,2634.2000000000003,2636.4,2633.4,2636.4,93,73509000.0,0.0,29357,2635.0,0
1730357220000,2635.8,2636.0,2635.0,2635.2,70,55349160.0,0.0,29393,2636.4,0
1730357280000,2635.2000000000003,2635.2000000000003,2632.6000000000004,2633.4000000000005,63,49775820.0,0.0,29418,2635.2000000000003,0
1730357340000,2633.0,2635.0,2632.8,2634.6000000000004,39,30817620.0,0.0,29427,2633.4,0
1730357400000,2634.8,2638.0000000000005,2634.6000000000004,2637.2000000000003,64,50613720.0,0.0,29448,2634.6000000000004,0
1730357460000,2636.6000000000004,2637.4,2635.2000000000003,2635.8,44,34800060.0,0.0,29468,2637.2000000000003,0
1730357520000,2636.0,2638.2000000000003,2635.8,2638.0,60,47469960.0,0.0,29490,2635.8,0
1730357580000,2637.4,2638.4,2637.4,2638.4,28,22158360.000000004,0.0,29501,2638.0,0
1730357640000,2638.2000000000003,2638.4,2636.8,2637.0,47,37188780.0,0.0,29519,2638.4,0
1730357700000,2637.4,2638.2,2637.0,2637.4,48,37981320.00000001,0.0,29534,2637.0,0
1730357760000,2637.6000000000004,2638.2000000000003,2637.2000000000003,2637.6000000000004,63,49853040.00000001,0.0,29566,2637.4,0
1730357820000,2637.6000000000004,2640.0000000000005,2637.6000000000004,2640.0000000000005,68,53834580.00000001,0.0,29599,2637.6000000000004,0
1730357880000,2640.0,2640.6000000000004,2638.8,2639.6000000000004,232,183723180.00000003,0.0,29782,2640.0,0
1730357940000,2639.4,2639.6,2638.0,2638.2,124,98166960.0,0.0,29861,2639.6,0
1730358000000,2638.4,2639.4,2638.0,2639.0,136,107662320.00000001,2639.2000000000003,29942,2638.2,0
1730424600000,2636.0,2636.0,2636.0,2636.0,59,46657200.0,0.0,29924,2639.0,0
1730424660000,2636.0,2641.0,2634.4,2640.2000000000003,506,400440600.0,0.0,29614,2636.0,0
1730424720000,2640.2000000000003,2644.8,2640.2000000000003,2642.6000000000004,545,432049920.0,0.0,29289,2640.2000000000003,0
1730424780000,2643.6,2650.4,2643.0,2650.4,618,490778160.00000006,0.0,28961,2642.6,0
1730424840000,2650.4,2650.8,2647.2000000000003,2647.8,352,279743820.0,0.0,28784,2650.4,0
1730424900000,2647.4,2647.4,2644.2000000000003,2646.0000000000005,217,172224720.0,0.0,28687,2647.8,0
1730424960000,2645.6000000000004,2646.2000000000003,2643.2000000000003,2644.0000000000005,207,164239560.00000003,0.0,28593,2646.0000000000005,0
1730425020000,2643.8,2647.8,2643.2000000000003,2645.4,238,188888400.0,0.0,28491,2644.0000000000005,0
1730425080000,2645.2000000000003,2647.6000000000004,2642.2000000000003,2645.4,168,133298460.00000001,0.0,28440,2645.4,0
1730425140000,2644.8,2647.0000000000005,2642.2000000000003,2647.0000000000005,175,138828900.0,0.0,28384,2645.4,0
1730425200000,2646.8,2648.6,2645.0,2646.2,143,113544180.00000001,0.0,28330,2647.0,0
1730425260000,2645.2000000000003,2646.0,2642.4,2644.2000000000003,171,135636000.0,0.0,28243,2646.2000000000003,0
1730425320000,2644.4,2644.4,2639.0,2639.4,144,114111540.0,0.0,28208,2644.2,0
1730425380000,2639.2,2642.2,2638.0,2638.2,128,101365680.0,0.0,28162,2639.4,0
1730425440000,2638.0000000000005,2640.8,2637.2000000000003,2639.8,214,169442040.0,0.0,28062,2638.2000000000003,0
1730425500000,2640.6000000000004,2645.6000000000004,2640.6000000000004,2645.2000000000003,377,298938360.0,0.0,27894,2639.8,0
1730425560000,2645.6000000000004,2653.8,2645.6000000000004,2650.8,480,381531840.0,0.0,27693,2645.2000000000003,0
1730425620000,2650.8,2651.6000000000004,2647.6000000000004,2649.6000000000004,220,174909420.0,0.0,27608,2650.8,0
1730425680000,2649.0,2653.6000000000004,2648.8,2652.8,208,165425100.0,0.0,27539,2649.6000000000004,0
1730425740000,2653.2000000000003,2659.6000000000004,2653.2000000000003,2658.2000000000003,315,251037060.0,0.0,27424,2652.8,0
1730425800000,2658.6,2660.4,2657.0,2659.0,326,260023440.0,0.0,27245,2658.2,0
1730425860000,2659.2000000000003,2664.4,2659.2000000000003,2664.0000000000005,318,253970760.0,0.0,27136,2659.0000000000005,0
1730425920000,2664.2000000000003,2669.8,2663.2000000000003,2668.4,383,306369300.00000006,0.0,27007,2664.0000000000005,0
1730425980000,2668.2,2670.0,2667.0,2667.0,286,228918300.00000003,0.0,26902,2668.4,0
1730426040000,2667.0,2667.0,2664.0,2664.6,212,169525020.0,0.0,26817,2667.0,0
1730426100000,2665.2000000000003,2668.6000000000004,2663.8,2667.0,251,200711100.0,0.0,26734,2664.6000000000004,0
1730426160000,2666.8,2667.0,2659.4,2662.8,231,184516920.00000003,0.0,26610,2667.0,0
1730426220000,2663.6000000000004,2667.6000000000004,2662.8,2666.2000000000003,274,219074040.0,0.0,26525,2662.8,0
1730426280000,2667.0,2673.4,2666.0,2672.4,311,249061380.0,0.0,26458,2666.2,0
1730426340000,2673.0000000000005,2674.8,2670.2000000000003,2672.2000000000003,178,142717200.0,0.0,26421,2672.4,0
1730426400000,2672.0,2672.0,2668.0,2669.6,162,129732360.0,0.0,26359,2672.2,0
1730426460000,2669.2000000000003,2670.6000000000004,2665.2000000000003,2666.4,219,175238400.00000003,0.0,26297,2669.6000000000004,0
1730426520000,2667.2000000000003,2668.2000000000003,2664.2000000000003,2665.0000000000005,174,139156800.00000003,0.0,26269,2666.4,0
1730426580000,2665.0,2667.6000000000004,2664.8,2666.2000000000003,147,117593580.00000001,0.0,26231,2665.0,0
1730426640000,2666.4,2671.4,2665.0,2669.8,237,189729000.0,0.0,26209,2666.2,0
1730426700000,2670.2,2670.2,2662.0,2665.4,245,195887160.0,0.0,26198,2669.8,0
1730426760000,2665.2000000000003,2670.0,2664.8,2669.6000000000004,274,219312960.0,0.0,26145,2665.4,0
1730426820000,2669.4,2672.6,2667.4,2669.2000000000003,269,215469180.0,0.0,26093,2669.6,0
1730426880000,2669.2000000000003,2670.0,2666.4,2667.8,151,120861000.00000001,0.0,26073,2669.2000000000003,0
1730426940000,2667.8,2668.2000000000003,2662.8,2662.8,141,112729140.0,0.0,26043,2667.8,0
1730427000000,2662.6000000000004,2665.0000000000005,2661.6000000000004,2664.4000000000005,161,128636640.0,0.0,26016,2662.8,0
1730427060000,2664.6,2666.2000000000003,2661.4,2661.6,151,120706500.00000001,0.0,25999,2664.4,0
1730427120000,2661.4,2662.2000000000003,2660.2000000000003,2660.8,177,141303599.99999997,0.0,25936,2661.6000000000004,0
1730427180000,2660.0,2660.2000000000003,2657.4,2658.8,200,159537180.0,0.0,25896,2660.8,0
1730427240000,2659.2000000000003,2659.2000000000003,2655.4,2657.2000000000003,186,148304040.00000003,0.0,25829,2658.8,0
1730427300000,2657.0,2659.0,2653.4,2656.4,230,183226620.0,0.0,25752,2657.2000000000003,0
1730427360000,2657.0,2661.6,2655.0,2659.8,281,224109540.0,0.0,25704,2656.4,0
1730427420000,2660.4,2661.4,2657.4,2658.8,161,128463060.00000001,0.0,25687,2659.8,0
1730427480000,2658.6000000000004,2660.0000000000005,2656.6000000000004,2659.6000000000004,156,124416300.0,0.0,25682,2658.8,0
1730427540000,2660.2,2661.8,2659.0,2659.0,147,117328080.0,0.0,25674,2659.6,0
1730427600000,2659.0,2661.4,2658.4,2660.4,173,138035280.0,0.0,25719,2659.0,0
1730427660000,2660.4,2662.6,2659.4,2661.6,138,110169420.00000001,0.0,25710,2660.4,0
1730427720000,2662.0000000000005,2663.0000000000005,2660.6000000000004,2661.8,99,79061700.0,0.0,25693,2661.6000000000004,0
1730427780000,2661.8,2662.6,2658.4,2661.0,79,63050880.0,0.0,25671,2661.8,0
1730427840000,2660.4,2666.0,2659.8,2666.0,146,116662680.0,0.0,25639,2661.0,0
1730427900000,2666.4,2668.6000000000004,2665.8,2667.6000000000004,218,174424800.0,0.0,25599,2666.0,0
1730427960000,2667.2,2667.6,2664.0,2667.0,154,123157020.0,0.0,25592,2667.6,0
1730428020000,2667.0000000000005,2668.0000000000005,2664.2000000000003,2664.2000000000003,125,99999480.0,0.0,25592,2667.0000000000005,0
1730428080000,2663.4,2664.8,2663.0,2664.2,82,65531520.00000001,0.0,25589,2664.2,0
1730428140000,2664.4,2669.2000000000003,2664.4,2668.2000000000003,154,123210240.00000001,0.0,25564,2664.2000000000003,0
1730428200000,2668.2,2674.8,2668.0,2673.8,238,190744440.0,0.0,25545,2668.2,0
1730428260000,2673.8,2674.2000000000003,2670.4,2672.0,163,130685460.00000001,0.0,25531,2673.8,0
1730428320000,2671.2,2672.0,2669.0,2670.0,123,98535840.0,0.0,25511,2672.0,0
1730428380000,2670.6,2672.6,2669.4,2670.6,85,68112780.0,0.0,25491,2670.0,0
1730428440000,2670.2000000000003,2672.6000000000004,2667.2000000000003,2671.8,145,116144040.0,0.0,25497,2670.6000000000004,0
1730428500000,2671.6,2672.6,2669.0,2672.6,142,113771400.00000001,0.0,25517,2671.8,0
1730428560000,2672.8,2677.8,2671.0,2676.4,214,171759660.0,0.0,25555,2672.6,0
1730428620000,2676.4,2679.4,2673.8,2674.2000000000003,250,200805240.0,0.0,25571,2676.4,0
1730428680000,2674.8,2676.6,2674.0,2675.0,137,109962840.00000001,0.0,25579,2674.2,0
1730428740000,2674.6000000000004,2676.6000000000004,2672.8,2672.8,92,73816260.0,0.0,25575,2675.0,0
1730428800000,2672.4,2673.2000000000003,2670.4,2670.8,66,52905300.00000001,0.0,25573,2672.8,0
1730428860000,2671.0,2673.2000000000003,2668.8,2671.8,102,81736200.0,0.0,25580,2670.8,0
1730428920000,2671.6000000000004,2682.4000000000005,2671.6000000000004,2682.4000000000005,223,179147700.0,0.0,25610,2671.8,0
1730428980000,2680.8,2681.8,2678.0,2679.8,257,206615040.00000003,0.0,25619,2682.4,0
1730429040000,2679.6,2681.2,2678.0,2679.0,129,103703100.0,0.0,25612,2679.8,0
1730429100000,2678.6,2678.8,2675.0,2676.6,86,69072180.0,0.0,25623,2679.0,0
1730429160000,2676.6000000000004,2681.6000000000004,2676.6000000000004,2680.6000000000004,177,142308419.99999997,0.0,25663,2676.6000000000004,0
1730429220000,2680.4,2680.8,2675.2000000000003,2676.4,137,110045100.00000001,0.0,25682,2680.6000000000004,0
1730429280000,2676.4,2677.2000000000003,2674.4,2677.0,106,85091880.00000001,0.0,25699,2676.4,0
1730429340000,2677.2000000000003,2679.0,2675.4,2675.4,84,67465200.0,0.0,25707,2677.0,0
1730429400000,2676.4,2677.4,2671.4,2672.2000000000003,92,73806660.00000001,0.0,25733,2675.4,0
1730429460000,2672.2000000000003,2672.6000000000004,2670.6000000000004,2671.4000000000005,81,64924679.99999999,0.0,25739,2672.2000000000003,0
1730429520000,2671.8,2671.8,2669.0,2669.4,82,65678280.00000001,0.0,25737,2671.4,0
1730429580000,2670.2000000000003,2672.8,2670.2000000000003,2672.8,116,92957040.00000001,0.0,25772,2669.4,0
1730429640000,2672.4000000000005,2673.4000000000005,2669.6000000000004,2669.6000000000004,93,74527920.0,0.0,25813,2672.8,0
1730429700000,2669.4,2670.8,2667.8,2670.8,94,75273660.0,0.0,25823,2669.6000000000004,0
1730429760000,2671.0000000000005,2672.2000000000003,2669.6000000000004,2672.2000000000003,90,72118320.0,0.0,25848,2670.8,0
1730429820000,2671.6000000000004,2674.4000000000005,2671.6000000000004,2672.8,61,48922080.00000001,0.0,25848,2672.2000000000003,0
1730429880000,2672.2000000000003,2674.4,2670.8,2673.6000000000004,56,44906880.0,0.0,25856,2672.8,0
1730429940000,2673.2000000000003,2674.0000000000005,2671.2000000000003,2672.6000000000004,51,40889760.00000001,0.0,25871,2673.6000000000004,0
1730430000000,2671.4,2675.6,2671.4,2675.2000000000003,47,37704420.0,0.0,25885,2672.6,0
1730430060000,2674.2000000000003,2674.8,2671.8,2672.6000000000004,55,44110980.0,0.0,25889,2675.2000000000003,0
1730430120000,2673.0000000000005,2673.0000000000005,2668.2000000000003,2669.6000000000004,113,90502620.00000001,0.0,25882,2672.6000000000004,0
1730430180000,2669.8,2670.2,2668.0,2669.0,59,47237700.0,0.0,25884,2669.6,0
1730430240000,2668.6,2668.6,2665.0,2665.4,90,71994660.0,0.0,25883,2669.0,0
1730430300000,2665.6,2666.6,2664.4,2665.8,78,62372580.0,0.0,25886,2665.4,0
1730430360000,2665.2000000000003,2666.8,2664.2000000000003,2666.8,88,70366560.0,0.0,25901,2665.8,0
1730430420000,2666.2000000000003,2666.2000000000003,2664.6000000000004,2665.6000000000004,91,72757200.0,0.0,25902,2666.8,0
1730430480000,2665.6000000000004,2669.4000000000005,2665.6000000000004,2668.0000000000005,122,97651500.0,0.0,25926,2665.6000000000004,0
1730430540000,2668.0000000000005,2669.0000000000005,2666.6000000000004,2668.2000000000003,80,64017720.0,0.0,25929,2668.0000000000005,0
1730430600000,2668.0000000000005,2669.6000000000004,2667.2000000000003,2669.0000000000005,34,27215040.0,0.0,25935,2668.2000000000003,0
1730430660000,2669.0000000000005,2669.6000000000004,2667.6000000000004,2667.6000000000004,36,28819620.0,0.0,25927,2669.0000000000005,0
1730430720000,2667.6,2670.2000000000003,2667.4,2669.0,49,39232080.00000001,0.0,25940,2667.6,0
1730430780000,2668.8,2671.0,2668.8,2669.4,47,37643400.00000001,0.0,25940,2669.0,0
1730430840000,2669.0,2670.4,2668.0,2669.6,36,28824660.0,0.0,25952,2669.4,0
1730430900000,2669.2,2669.4,2668.0,2668.8,37,29622000.000000004,0.0,25953,2669.6,0
1730430960000,2669.0000000000005,2669.0000000000005,2666.6000000000004,2668.4000000000005,46,36810480.00000001,0.0,25961,2668.8,0
1730431020000,2668.4,2670.0,2665.0,2665.0,57,45616380.00000001,0.0,25964,2668.4,0
1730431080000,2665.0,2665.0,2659.0,2662.0,204,162916020.00000003,0.0,25999,2665.0,0
1730431140000,2661.8,2666.4,2661.8,2666.4,123,98298000.0,0.0,26049,2662.0,0
1730431200000,2666.0,2668.6,2665.4,2667.4,86,68806200.0,0.0,26076,2666.4,0
1730431260000,2667.2000000000003,2670.2000000000003,2666.4,2669.2000000000003,65,52043040.0,0.0,26089,2667.4,0
1730431320000,2669.2000000000003,2671.6000000000004,2669.2000000000003,2671.2000000000003,49,39262140.00000001,0.0,26098,2669.2000000000003,0
1730431380000,2671.8,2672.4,2670.0,2670.2,55,44074500.0,0.0,26109,2671.2,0
1730431440000,2670.6,2674.0,2670.4,2673.0,63,50506320.00000001,0.0,26130,2670.2000000000003,0
1730431500000,2672.8,2674.0000000000005,2672.2000000000003,2673.0000000000005,42,33679140.0,0.0,26136,2673.0000000000005,0
1730431560000,2671.8,2671.8,2668.8,2670.2000000000003,114,91332720.0,0.0,26187,2673.0,0
1730431620000,2670.2000000000003,2670.6000000000004,2668.8,2668.8,50,40044240.0,0.0,26197,2670.2000000000003,0
1730431680000,2669.4,2671.2000000000003,2668.4,2671.2000000000003,31,24827580.0,0.0,26199,2668.8,0
1730431740000,2670.8,2671.2000000000003,2668.4,2669.6,66,52865100.00000001,0.0,26214,2671.2000000000003,0
1730431800000,2670.0,2673.0,2669.4,2673.0,89,71313540.0,0.0,26211,2669.6,0
1730437260000,2672.4,2677.2000000000003,2672.4,2673.8,211,169360620.0,0.0,26264,2673.0,0
1730437320000,2674.0000000000005,2675.4,2673.2000000000003,2673.4,120,96278040.0,0.0,26297,2673.8,0
1730437380000,2673.0,2674.2,2670.0,2673.4,187,149912400.0,0.0,26297,2673.4,0
1730437440000,2672.6000000000004,2672.6000000000004,2668.8,2669.0,69,55287600.00000001,0.0,26316,2673.4,0
1730437500000,2668.8,2669.0,2667.0,2667.0,77,61624920.0,0.0,26341,2669.0,0
1730437560000,2666.8,2668.2000000000003,2665.4,2666.6,108,86395680.0,0.0,26375,2667.0,0
1730437620000,2666.6,2669.0,2666.4,2668.2000000000003,62,49622640.0,0.0,26409,2666.6,0
1730437680000,2668.6000000000004,2669.2000000000003,2667.2000000000003,2669.2000000000003,66,52825500.00000001,0.0,26424,2668.2000000000003,0
1730437740000,2669.4000000000005,2671.2000000000003,2668.6000000000004,2670.0000000000005,105,84112800.0,0.0,26463,2669.2000000000003,0
1730437800000,2670.6000000000004,2671.8,2670.6000000000004,2671.0000000000005,46,36862740.00000001,0.0,26476,2670.0000000000005,0
1730437860000,2670.6000000000004,2672.0000000000005,2668.2000000000003,2669.8,67,53657760.0,0.0,26489,2671.0000000000005,0
1730437920000,2669.8,2670.4,2668.8,2669.8,24,19221420.000000004,0.0,26495,2669.8,0
1730437980000,2670.2,2670.4,2669.0,2669.4,78,62473080.00000001,0.0,26541,2669.8,0
1730438040000,2669.4,2669.4,2667.2000000000003,2668.0000000000005,56,44825160.0,0.0,26541,2669.4,0
1730438100000,2668.6000000000004,2670.0000000000005,2667.6000000000004,2667.6000000000004,99,79261260.0,0.0,26596,2668.0000000000005,0
1730438160000,2668.4,2669.6000000000004,2666.8,2667.0,53,42421380.0,0.0,26615,2667.6000000000004,0
1730438220000,2666.8,2667.6000000000004,2665.8,2666.6000000000004,37,29600040.0,0.0,26625,2667.0,0
1730438280000,2666.2000000000003,2669.0000000000005,2666.2000000000003,2668.2000000000003,36,28809480.000000004,0.0,26641,2666.6000000000004,0
1730438340000,2668.0,2668.8,2667.8,2668.6000000000004,52,41625960.0,0.0,26672,2668.2000000000003,0
1730438400000,2668.6000000000004,2669.4,2667.8,2668.0,25,20014140.0,0.0,26679,2668.6000000000004,0
1730438460000,2667.8,2670.6000000000004,2667.8,2670.6000000000004,26,20825580.0,0.0,26683,2668.0,0
1730438520000,2670.6,2670.6,2668.4,2670.2000000000003,44,35235000.0,0.0,26706,2670.6,0
1730438580000,2670.4000000000005,2670.4000000000005,2666.6000000000004,2666.8,93,74429280.0,0.0,26723,2670.2000000000003,0
1730438640000,2666.8,2669.0000000000005,2666.6000000000004,2667.6000000000004,25,20008020.0,0.0,26729,2666.8,0
1730438700000,2667.0,2667.6,2665.0,2665.2,39,31196040.0,0.0,26744,2667.6,0
1730438760000,2665.0,2667.4,2665.0,2667.4,53,42391680.00000001,0.0,26750,2665.2,0
1730438820000,2666.8,2668.4,2666.8,2667.6000000000004,31,24809460.0,0.0,26762,2667.4,0
1730438880000,2668.0,2668.8,2665.8,2665.8,44,35208900.00000001,0.0,26786,2667.6000000000004,0
1730438940000,2666.0,2668.4,2666.0,2668.4,28,22402020.0,0.0,26792,2665.8,0
1730439000000,2668.4,2668.4,2666.4,2667.6,36,28805040.0,0.0,26798,2668.4,0
1730439060000,2667.2,2668.8,2667.0,2668.2,35,28016520.0,0.0,26796,2667.6,0
1730439120000,2668.4,2669.0000000000005,2667.2000000000003,2667.2000000000003,52,41621880.0,0.0,26792,2668.2000000000003,0
1730439180000,2667.6000000000004,2669.0000000000005,2666.2000000000003,2666.4,42,33609840.0,0.0,26809,2667.2000000000003,0
1730439240000,2667.4,2668.4,2666.8,2666.8,29,23207580.0,0.0,26818,2666.4,0
1730439300000,2666.8,2668.4,2666.2000000000003,2667.0000000000005,36,28807200.0,0.0,26821,2666.8,0
1730439360000,2667.4,2667.6,2666.4,2666.4,28,22404060.000000004,0.0,26828,2667.0,0
1730439420000,2666.2,2667.4,2666.0,2666.4,46,36800520.00000001,0.0,26849,2666.4,0
1730439480000,2666.0,2666.6,2665.0,2665.8,48,38388780.00000001,0.0,26858,2666.4,0
1730439540000,2665.6000000000004,2666.8,2664.2000000000003,2665.2000000000003,64,51186120.00000001,0.0,26874,2665.8,0
1730439600000,2665.0,2666.2,2663.0,2663.8,42,33574260.0,0.0,26887,2665.2,0
1730439660000,2663.6000000000004,2664.2000000000003,2662.6000000000004,2663.6000000000004,62,49537860.0,0.0,26886,2663.8,0
1730439720000,2663.4,2663.6,2662.4,2663.0,36,28760700.000000004,0.0,26895,2663.6,0
1730439780000,2663.2000000000003,2666.2000000000003,2663.2000000000003,2665.8,71,56760600.00000001,0.0,26936,2663.0000000000005,0
1730439840000,2665.6000000000004,2666.0000000000005,2664.2000000000003,2664.8,40,31978620.0,0.0,26956,2665.8,0
1730439900000,2664.6000000000004,2664.6000000000004,2660.2000000000003,2660.2000000000003,88,70281300.00000001,0.0,26984,2664.8,0
1730439960000,2660.8,2661.0000000000005,2659.2000000000003,2660.2000000000003,149,118909860.0,0.0,27001,2660.2000000000003,0
1730440020000,2659.8,2660.6,2659.0,2660.2,78,62241240.00000001,0.0,27019,2660.2,0
1730440080000,2659.8,2662.2000000000003,2659.8,2661.6000000000004,65,51890340.0,0.0,27048,2660.2000000000003,0
1730440140000,2661.4,2661.8,2660.8,2661.8,32,25549980.0,0.0,27055,2661.6000000000004,0
1730440200000,2661.0,2661.8,2660.8,2661.2000000000003,20,15967680.0,0.0,27059,2661.8,0
1730440260000,2660.4,2661.0000000000005,2660.2000000000003,2661.0000000000005,26,20753220.0,0.0,27070,2661.2000000000003,0
1730440320000,2661.0,2662.0,2661.0,2662.0,33,26350320.0,0.0,27084,2661.0,0
1730440380000,2661.6,2662.2,2661.0,2661.4,42,33536160.0,0.0,27102,2662.0,0
1730440440000,2660.8,2661.0,2660.0,2660.2,46,36713640.0,0.0,27120,2661.4,0
1730440500000,2660.2000000000003,2660.8,2659.6000000000004,2660.2000000000003,35,27932100.0,0.0,27128,2660.2000000000003,0
1730440560000,2660.4,2661.4,2660.4,2660.4,27,21551880.0,0.0,27143,2660.2000000000003,0
1730440620000,2660.0,2661.0,2660.0,2660.4,24,19156380.000000004,0.0,27141,2660.4,0
1730440680000,2660.6000000000004,2662.4,2660.2000000000003,2662.4,27,21557580.0,0.0,27151,2660.4,0
1730440740000,2662.4000000000005,2663.8,2661.6000000000004,2663.8,78,62314560.00000001,0.0,27151,2662.4000000000005,0
1730440800000,2663.2,2664.8,2663.0,2663.6,78,62332500.00000001,0.0,27184,2663.8,0
1730440860000,2663.2,2664.0,2662.0,2663.6,123,98260920.00000001,0.0,27227,2663.6,0
1730440920000,2663.2000000000003,2663.2000000000003,2662.2000000000003,2662.8,51,40738320.0,0.0,27231,2663.6000000000004,0
1730440980000,2663.0,2664.2000000000003,2662.8,2664.2000000000003,45,35956560.0,0.0,27237,2662.8,0
1730441040000,2664.4,2665.0,2663.4,2664.2000000000003,60,47953380.0,0.0,27252,2664.2000000000003,0
1730441100000,2663.4,2664.4,2662.4,2663.2000000000003,34,27164940.000000004,0.0,27264,2664.2000000000003,0
1730441160000,2662.4,2662.4,2660.8,2661.2000000000003,49,39126600.0,0.0,27283,2663.2000000000003,0
1730441220000,2660.6000000000004,2662.4000000000005,2660.6000000000004,2661.8,47,37525620.00000001,0.0,27298,2661.2000000000003,0
1730441280000,2662.0,2662.2000000000003,2660.8,2661.6000000000004,19,15171540.0,0.0,27310,2661.8,0
1730441340000,2661.2,2662.8,2661.0,2661.6,45,35939760.0,0.0,27325,2661.6,0
1730441400000,2661.6000000000004,2663.2000000000003,2661.2000000000003,2661.2000000000003,36,28752600.000000004,0.0,27335,2661.6000000000004,0
1730441460000,2661.0,2661.6,2660.0,2661.4,46,36720000.00000001,0.0,27348,2661.2,0
1730441520000,2661.8,2662.0,2659.0,2659.0,63,50271780.00000001,0.0,27374,2661.4,0
1730441580000,2659.6000000000004,2661.6000000000004,2659.6000000000004,2661.4000000000005,61,48689040.00000001,0.0,27395,2659.0000000000005,0
1730441640000,2661.4,2661.4,2660.2000000000003,2661.2000000000003,41,32729580.000000007,0.0,27394,2661.4,0
1730441700000,2661.4,2662.0,2660.8,2662.0,32,25550520.0,0.0,27391,2661.2000000000003,0
1730441760000,2662.2,2662.2,2660.0,2660.2,33,26344260.000000004,0.0,27399,2662.0,0
1730441820000,2660.8,2660.8,2660.2000000000003,2660.6000000000004,10,7981500.0,0.0,27400,2660.2000000000003,0
1730441880000,2660.8,2660.8,2659.2000000000003,2659.8,41,32715060.000000004,0.0,27409,2660.6000000000004,0
1730441940000,2660.4000000000005,2660.4000000000005,2657.6000000000004,2657.6000000000004,73,58232400.00000001,0.0,27409,2659.8,0
1730442000000,2657.6000000000004,2658.8,2656.2000000000003,2656.2000000000003,117,93286260.00000001,0.0,27420,2657.6000000000004,0
1730442060000,2656.8,2658.4,2656.0,2658.4,89,70942200.00000001,0.0,27413,2656.2,0
1730442120000,2658.8,2661.2000000000003,2658.8,2661.2000000000003,46,36711960.00000001,0.0,27428,2658.4,0
1730442180000,2660.2,2661.4,2660.0,2661.4,62,49490460.0,0.0,27463,2661.2,0
1730442240000,2661.4,2664.8,2661.4,2662.8,94,75104280.0,0.0,27489,2661.4,0
1730442300000,2662.6000000000004,2663.0000000000005,2660.6000000000004,2660.6000000000004,95,75860700.0,0.0,27491,2662.8,0
1730442360000,2660.6000000000004,2661.2000000000003,2659.8,2660.2000000000003,58,46293060.00000001,0.0,27495,2660.6000000000004,0
1730442420000,2660.2000000000003,2661.8,2659.2000000000003,2661.8,52,41506740.0,0.0,27503,2660.2000000000003,0
1730442480000,2661.0,2661.2000000000003,2659.8,2660.8,21,16761120.000000002,0.0,27505,2661.8,0
1730442540000,2661.6,2661.6,2660.0,2661.0,13,10377720.0,0.0,27506,2660.8,0
1730442600000,2661.6,2663.0,2661.4,2663.0,41,32747520.000000004,0.0,27507,2661.0,0
1730442660000,2662.4,2664.4,2662.0,2663.6,53,42347940.00000001,0.0,27517,2663.0,0
1730442720000,2663.6,2664.8,2663.4,2664.8,24,19180080.000000004,0.0,27521,2663.6,0
1730442780000,2664.8,2664.8,2662.6000000000004,2662.6000000000004,47,37558800.00000001,0.0,27540,2664.8,0
1730442840000,2662.0,2663.4,2661.8,2663.0,33,26357820.000000004,0.0,27550,2662.6000000000004,0
1730442900000,2664.4,2664.4,2663.0,2664.4,28,22375320.0,0.0,27551,2663.0,0
1730442960000,2664.0000000000005,2664.0000000000005,2663.2000000000003,2663.8,18,14383200.0,0.0,27553,2664.4,0
1730443020000,2664.8,2664.8,2661.6000000000004,2662.2000000000003,54,43135920.0,0.0,27553,2663.8,0
1730443080000,2662.2000000000003,2662.2000000000003,2659.4,2660.4,51,40706400.00000001,0.0,27574,2662.2000000000003,0
1730443140000,2659.8,2662.0,2659.8,2661.6000000000004,55,43902900.0,0.0,27595,2660.4,0
1730443200000,2663.0,2663.0,2661.4,2661.8,89,71082480.0,0.0,27630,2661.6,0
1730443260000,2661.4000000000005,2662.0000000000005,2660.6000000000004,2660.6000000000004,69,55086240.0,0.0,27656,2661.8,0
1730443320000,2660.2000000000003,2661.2000000000003,2658.8,2659.2000000000003,71,56658720.0,0.0,27678,2660.6000000000004,0
1730443380000,2659.6000000000004,2662.0000000000005,2659.6000000000004,2660.8,61,48693480.00000001,0.0,27697,2659.2000000000003,0
1730443440000,2661.0000000000005,2662.4,2660.2000000000003,2660.6000000000004,139,110977800.00000001,0.0,27759,2660.8,0
1730443500000,2661.0,2661.6,2660.0,2660.8,69,55081080.00000001,0.0,27777,2660.6,0
1730443560000,2660.0,2662.4,2660.0,2662.0,116,92623620.0,0.0,27822,2660.8,0
1730443620000,2662.6000000000004,2663.2000000000003,2660.8,2661.0,84,67085640.00000001,0.0,27851,2662.0,0
1730443680000,2661.4,2662.0,2660.0,2660.0,66,52685280.00000001,0.0,27872,2661.0,0
1730443740000,2660.4000000000005,2660.6000000000004,2659.6000000000004,2660.0000000000005,47,37507440.0,0.0,27884,2660.0000000000005,0
1730443800000,2659.8,2661.4,2659.8,2660.4,56,44700180.0,0.0,27908,2660.0,0
1730443860000,2660.8,2661.6000000000004,2659.2000000000003,2659.6000000000004,59,47087160.0,0.0,27925,2660.4,0
1730443920000,2660.0000000000005,2660.2000000000003,2658.2000000000003,2659.2000000000003,69,55048800.00000001,0.0,27926,2659.6000000000004,0
1730443980000,2659.6000000000004,2659.6000000000004,2657.8,2657.8,43,34296899.99999999,0.0,27924,2659.2000000000003,0
1730444040000,2657.6,2659.6,2656.4,2658.4,98,78154560.00000001,0.0,27929,2657.8,0
1730444100000,2658.8,2658.8,2658.2000000000003,2658.8,66,52639800.00000001,0.0,27945,2658.4,0
1730444160000,2659.0000000000005,2659.6000000000004,2658.6000000000004,2658.8,87,69400560.0,0.0,27949,2658.8,0
1730444220000,2658.8,2659.0,2658.0,2658.6,132,105267300.0,0.0,27933,2658.8,0
1730444280000,2658.6,2659.2,2658.0,2659.2,117,93317880.00000001,0.0,27983,2658.6,0
1730444340000,2658.8,2659.6000000000004,2658.8,2659.4,102,81373440.00000001,0.0,27994,2659.2000000000003,0
1730444400000,2659.4,2659.8,2659.2000000000003,2659.6000000000004,189,150796260.00000003,2660.6000000000004,28037,2659.4,0
1730683800000,2666.2000000000003,2666.2000000000003,2666.2000000000003,2666.2000000000003,30,23995800.0,0.0,28018,2659.6000000000004,0
1730683860000,2666.4,2668.0,2661.0,2661.2,415,331808940.0,0.0,27719,2666.2,0
1730683920000,2661.6,2661.6,2656.0,2658.8,348,277575960.00000006,0.0,27479,2661.2,0
1730683980000,2659.8,2661.4000000000005,2654.6000000000004,2656.2000000000003,300,239225700.0,0.0,27291,2658.8,0
1730684040000,2656.4,2657.0,2650.4,2652.0,348,277069140.0,0.0,27079,2656.2000000000003,0
1730684100000,2651.6,2654.8,2650.0,2651.0,228,181422000.0,0.0,26922,2652.0,0
1730684160000,2649.6000000000004,2650.0,2645.8,2649.0,334,265361100.0,0.0,26739,2651.0,0
1730684220000,2648.2000000000003,2651.8,2646.6000000000004,2651.4000000000005,175,139095720.0,0.0,26682,2649.0000000000005,0
1730684280000,2651.2000000000003,2654.4,2651.2000000000003,2653.4,200,159177240.0,0.0,26632,2651.4,0
1730684340000,2651.0000000000005,2652.4000000000005,2647.6000000000004,2648.0000000000005,228,181284540.0,0.0,26540,2653.4000000000005,0
1730684400000,2648.0,2648.0,2637.4,2641.8,471,373231800.0,0.0,26328,2648.0,0
1730684460000,2641.2000000000003,2644.8,2639.2000000000003,2643.8,279,221181360.00000003,0.0,26246,2641.8,0
1730684520000,2643.8,2646.6000000000004,2642.8,2646.4,143,113468100.00000001,0.0,26200,2643.8,0
1730684580000,2646.6000000000004,2648.2000000000003,2644.8,2648.2000000000003,111,88123680.00000001,0.0,26159,2646.4,0
1730684640000,2648.4,2650.4,2648.0,2648.0,138,109666740.00000001,0.0,26144,2648.2,0
1730684700000,2648.4,2652.0,2645.8,2651.0,159,126348540.0,0.0,26091,2648.0,0
1730684760000,2651.6000000000004,2652.4000000000005,2649.6000000000004,2651.8,121,96219360.0,0.0,26066,2651.0000000000005,0
1730684820000,2651.0,2653.4,2650.0,2651.0,158,125676240.00000001,0.0,26038,2651.8,0
1730684880000,2651.4,2654.2000000000003,2651.4,2653.0,105,83578200.0,0.0,25998,2651.0,0
1730684940000,2653.0,2656.0,2652.8,2654.4,175,139335480.0,0.0,25921,2653.0,0
1730685000000,2654.4,2654.6,2652.4,2654.0,143,113852700.0,0.0,25863,2654.4,0
1730685060000,2654.4,2657.0,2652.8,2654.4,176,140175240.00000003,0.0,25812,2654.0,0
1730685120000,2654.8,2654.8,2652.2000000000003,2654.8,97,77209020.0,0.0,25777,2654.4,0
1730685180000,2654.6000000000004,2654.6000000000004,2651.8,2651.8,74,58893900.00000001,0.0,25758,2654.8,0
1730685240000,2652.2000000000003,2652.6000000000004,2650.2000000000003,2650.2000000000003,61,48515700.00000001,0.0,25734,2651.8,0
1730685300000,2650.2000000000003,2652.8,2649.8,2652.2000000000003,48,38173860.00000001,0.0,25723,2650.2000000000003,0
1730685360000,2651.2,2652.8,2650.0,2652.8,71,56469660.00000001,0.0,25690,2652.2,0
1730685420000,2652.8,2654.8,2652.0,2653.8,96,76411440.00000001,0.0,25660,2652.8,0
1730685480000,2653.6000000000004,2654.6000000000004,2651.8,2653.8,70,55719720.0,0.0,25624,2653.8,0
1730685540000,2652.2000000000003,2654.0000000000005,2649.2000000000003,2650.4,114,90667260.0,0.0,25565,2653.8,0
1730685600000,2649.8,2649.8,2647.0,2648.2,142,112827960.00000001,0.0,25587,2650.4,0
1730685660000,2648.6,2651.8,2648.4,2650.4,74,58836780.00000001,0.0,25561,2648.2000000000003,0
1730685720000,2651.0,2653.4,2650.4,2652.4,78,62061660.0,0.0,25536,2650.4,0
1730685780000,2653.0000000000005,2654.8,2651.6000000000004,2653.8,88,70042200.0,0.0,25512,2652.4000000000005,0
1730685840000,2653.0000000000005,2655.6000000000004,2652.2000000000003,2654.6000000000004,62,49372320.0,0.0,25495,2653.8,0
1730685900000,2654.8,2655.6000000000004,2653.6000000000004,2654.0000000000005,50,39818940.0,0.0,25466,2654.6000000000004,0
1730685960000,2654.4,2655.0,2652.4,2653.2000000000003,59,46970280.0,0.0,25436,2654.0,0
1730686020000,2653.2,2653.6,2652.0,2652.4,66,52516200.00000001,0.0,25430,2653.2,0
1730686080000,2652.8,2654.0000000000005,2652.2000000000003,2653.2000000000003,42,33427800.0,0.0,25421,2652.4,0
1730686140000,2653.0,2659.4,2653.0,2659.0,154,122766780.0,0.0,25349,2653.2,0
1730686200000,2659.2000000000003,2659.6000000000004,2656.6000000000004,2657.2000000000003,85,67771800.0,0.0,25310,2659.0000000000005,0
1730686260000,2658.0,2658.0,2657.0,2657.8,26,20728140.0,0.0,25299,2657.2,0
1730686320000,2657.8,2659.2,2657.0,2657.2,60,47840520.0,0.0,25271,2657.8,0
1730686380000,2657.2000000000003,2658.4,2656.4,2656.4,69,55012260.00000001,0.0,25238,2657.2000000000003,0
1730686440000,2656.4,2657.4,2654.8,2655.4,47,37449060.0,0.0,25217,2656.4,0
1730686500000,2655.2000000000003,2655.8,2653.4,2654.0,36,28669260.000000004,0.0,25202,2655.4,0
1730686560000,2654.0,2654.8,2653.0,2654.0,43,34233960.0,0.0,25202,2654.0,0
1730686620000,2654.4000000000005,2654.4000000000005,2650.6000000000004,2651.8,74,58872540.0,0.0,25187,2654.0000000000005,0
1730686680000,2651.8,2652.8,2650.6000000000004,2651.8,58,46141440.00000001,0.0,25166,2651.8,0
1730686740000,2651.8,2653.4,2651.8,2653.0,35,27853380.0,0.0,25163,2651.8,0
1730686800000,2652.6000000000004,2653.8,2651.8,2652.8,46,36608940.0,0.0,25142,2653.0,0
1730686860000,2652.8,2654.0000000000005,2652.6000000000004,2653.6000000000004,54,42985860.0,0.0,25137,2652.8,0
1730686920000,2653.4,2654.8,2653.4,2654.0,44,35033640.0,0.0,25140,2653.6,0
1730686980000,2654.6000000000004,2655.0000000000005,2653.2000000000003,2655.0000000000005,47,37422780.00000001,0.0,25145,2654.0000000000005,0
1730687040000,2654.6000000000004,2654.8,2653.8,2654.8,26,20705280.0,0.0,25150,2655.0,0
1730687100000,2655.4,2657.4,2655.0,2656.2,70,55779900.0,0.0,25142,2654.8,0
1730687160000,2656.2,2656.4,2654.0,2655.0,42,33454500.0,0.0,25135,2656.2,0
1730687220000,2655.0,2657.0,2654.0,2655.4,55,43816500.0,0.0,25125,2655.0,0
1730687280000,2655.8,2655.8,2654.0,2655.4,29,23097120.0,0.0,25127,2655.4,0
1730687340000,2655.4000000000005,2655.8,2654.6000000000004,2655.8,19,15134580.000000002,0.0,25125,2655.4000000000005,0
1730687400000,2655.2,2655.2,2654.0,2654.6,25,19910220.0,0.0,25127,2655.8,0
1730687460000,2654.4,2654.6000000000004,2653.2000000000003,2654.2000000000003,48,38219400.00000001,0.0,25120,2654.6000000000004,0
1730687520000,2654.2000000000003,2654.2000000000003,2652.8,2653.6000000000004,37,29454900.0,0.0,25104,2654.2000000000003,0
1730687580000,2653.8,2655.4,2652.4,2655.4,57,45381600.00000001,0.0,25092,2653.6,0
1730687640000,2655.2000000000003,2655.4,2654.2000000000003,2654.2000000000003,51,40622280.0,0.0,25093,2655.4,0
1730687700000,2653.8,2653.8,2649.2000000000003,2649.4,65,51695400.0,0.0,25075,2654.2000000000003,0
1730687760000,2650.0,2651.4,2649.8,2650.8,30,23855760.0,0.0,25074,2649.4,0
1730687820000,2651.2000000000003,2652.2000000000003,2650.6000000000004,2650.6000000000004,29,23065740.0,0.0,25071,2650.8,0
1730687880000,2651.0,2651.4,2649.4,2651.2000000000003,40,31803420.0,0.0,25062,2650.6,0
1730687940000,2650.8,2650.8,2649.2000000000003,2649.8,41,32593020.000000004,0.0,25052,2651.2000000000003,0
1730688000000,2649.8,2650.8,2648.8,2649.6000000000004,40,31798020.0,0.0,25063,2649.8,0
1730688060000,2649.8,2650.2000000000003,2648.8,2649.4,47,37357260.00000001,0.0,25059,2649.6000000000004,0
1730688120000,2650.2,2650.6,2649.0,2649.6,28,22259280.0,0.0,25057,2649.4,0
1730688180000,2649.8,2651.0,2649.8,2650.4,21,16698000.0,0.0,25055,2649.6000000000004,0
1730688240000,2650.8,2652.0000000000005,2649.6000000000004,2652.0000000000005,33,26246580.000000004,0.0,25054,2650.4000000000005,0
1730688300000,2652.0,2652.0,2649.8,2650.4,38,30221280.000000004,0.0,25058,2652.0,0
1730688360000,2650.8,2651.2000000000003,2650.4,2650.8,26,20675820.0,0.0,25051,2650.4,0
1730688420000,2650.4,2651.8,2650.0,2650.4,42,33398640.0,0.0,25043,2650.8,0
1730688480000,2650.0,2651.8,2650.0,2651.8,20,15902700.0,0.0,25036,2650.4,0
1730688540000,2651.6000000000004,2653.6000000000004,2651.6000000000004,2653.2000000000003,63,50136480.00000001,0.0,25040,2651.8,0
1730688600000,2652.8,2653.6,2651.4,2653.6,36,28647540.0,0.0,25041,2653.2000000000003,0
1730688660000,2653.6000000000004,2655.8,2653.6000000000004,2654.4000000000005,54,43006500.00000001,0.0,25044,2653.6000000000004,0
1730688720000,2654.8,2656.0000000000005,2654.2000000000003,2655.6000000000004,38,30268560.000000004,0.0,25035,2654.4,0
1730688780000,2655.6000000000004,2655.8,2654.2000000000003,2655.4,28,22304460.000000004,0.0,25031,2655.6000000000004,0
1730688840000,2655.2,2655.4,2655.0,2655.0,18,14337660.0,0.0,25028,2655.4,0
1730688900000,2655.6000000000004,2655.6000000000004,2654.6000000000004,2654.6000000000004,25,19911480.0,0.0,25030,2655.0000000000005,0
1730688960000,2654.4,2655.2000000000003,2654.2000000000003,2655.2000000000003,20,15928440.0,0.0,25032,2654.6000000000004,0
1730689020000,2655.0,2655.0,2654.0,2654.4,21,16722840.0,0.0,25026,2655.2,0
1730689080000,2654.2000000000003,2655.0000000000005,2654.2000000000003,2654.2000000000003,18,14335260.000000002,0.0,25021,2654.4,0
1730689140000,2654.2000000000003,2656.4,2654.2000000000003,2655.8,36,28679040.0,0.0,25016,2654.2000000000003,0
1730689200000,2655.4,2657.4,2654.8,2657.2000000000003,51,40636500.0,0.0,25013,2655.8,0
1730689260000,2657.6000000000004,2657.6000000000004,2655.6000000000004,2656.0000000000005,40,31877340.0,0.0,25008,2657.2000000000003,0
1730689320000,2655.2,2655.8,2655.0,2655.4,28,22305780.000000004,0.0,25000,2656.0,0
1730689380000,2656.0,2656.8,2655.4,2655.8,19,15139980.000000002,0.0,24997,2655.4,0
1730689440000,2655.2000000000003,2655.2000000000003,2653.8,2654.4,33,26279220.000000004,0.0,24989,2655.8,0
1730689500000,2654.2000000000003,2655.2000000000003,2653.6000000000004,2653.6000000000004,24,19112460.000000004,0.0,24980,2654.4000000000005,0
1730689560000,2653.6,2654.0,2653.0,2653.8,25,19901700.0,0.0,24964,2653.6,0
1730689620000,2654.2,2654.2,2652.0,2652.0,38,30240000.000000004,0.0,24946,2653.8,0
1730689680000,2651.8,2653.6,2651.4,2653.0,30,23874660.0,0.0,24941,2652.0,0
1730689740000,2652.4000000000005,2652.8,2651.6000000000004,2652.6000000000004,23,18301080.0,0.0,24939,2653.0000000000005,0
1730689800000,2652.6000000000004,2653.6000000000004,2652.6000000000004,2653.2000000000003,20,15917760.0,0.0,24931,2652.6000000000004,0
1730689860000,2653.2000000000003,2655.0000000000005,2653.2000000000003,2654.8,43,34240680.0,0.0,24924,2653.2000000000003,0
1730689920000,2655.0,2656.8,2655.0,2656.6,20,15936060.0,0.0,24917,2654.8,0
1730689980000,2657.0,2658.0,2657.0,2657.0,52,41459580.0,0.0,24911,2656.6,0
1730690040000,2657.0,2658.6,2657.0,2658.2,41,32691420.000000004,0.0,24902,2657.0,0
1730690100000,2658.0,2658.0,2656.4,2657.6,17,13550760.000000002,0.0,24900,2658.2000000000003,0
1730690160000,2656.6,2657.0,2656.0,2657.0,46,36659460.00000001,0.0,24886,2657.6,0
1730690220000,2657.0,2657.6,2656.0,2656.6,54,43043520.00000001,0.0,24889,2657.0,0
1730690280000,2657.0,2659.2,2657.0,2659.2,56,44657820.00000001,0.0,24860,2656.6,0
1730690340000,2658.4,2659.4,2657.4,2658.4,60,47850900.0,0.0,24843,2659.2000000000003,0
1730690400000,2658.6000000000004,2659.2000000000003,2657.2000000000003,2657.2000000000003,48,38275560.00000001,0.0,24853,2658.4,0
1730690460000,2657.2000000000003,2657.8,2656.4,2657.0,23,18334500.0,0.0,24843,2657.2000000000003,0
1730690520000,2656.2000000000003,2657.0,2655.8,2656.2000000000003,30,23906700.0,0.0,24845,2657.0,0
1730690580000,2656.2000000000003,2657.6000000000004,2654.2000000000003,2657.6000000000004,56,44617020.0,0.0,24845,2656.2000000000003,0
1730690640000,2657.8,2657.8,2655.6000000000004,2656.2000000000003,50,39850500.0,0.0,24835,2657.6000000000004,0
1730690700000,2656.8,2660.0,2656.8,2659.4,44,35091060.0,0.0,24825,2656.2000000000003,0
1730690760000,2659.4000000000005,2660.8,2658.6000000000004,2660.6000000000004,62,49467900.00000001,0.0,24819,2659.4000000000005,0
1730690820000,2660.8,2661.6000000000004,2659.6000000000004,2661.0000000000005,53,42304260.00000001,0.0,24803,2660.6000000000004,0
1730690880000,2661.0,2661.0,2658.4,2659.0,22,17550780.0,0.0,24804,2661.0,0
1730690940000,2658.2000000000003,2659.0000000000005,2657.2000000000003,2657.8,38,30297960.000000004,0.0,24807,2659.0000000000005,0
1730691000000,2658.0000000000005,2659.0000000000005,2657.6000000000004,2658.6000000000004,35,27912900.0,0.0,24807,2657.8,0
1730696460000,2658.2,2660.4,2655.0,2656.0,114,90880380.00000001,0.0,24803,2658.6,0
1730696520000,2656.8,2658.2000000000003,2653.4,2654.4,123,98005440.00000001,0.0,24789,2656.0,0
1730696580000,2654.8,2657.4,2654.8,2657.0,43,34260540.0,0.0,24786,2654.4,0
1730696640000,2657.2000000000003,2658.6000000000004,2655.6000000000004,2656.6000000000004,50,39853080.0,0.0,24781,2657.0000000000005,0
1730696700000,2656.6,2658.0,2656.0,2658.0,28,22318440.0,0.0,24777,2656.6,0
1730696760000,2657.4,2658.4,2656.2000000000003,2657.8,66,52618320.0,0.0,24760,2658.0000000000005,0
1730696820000,2657.8,2658.0,2656.0,2656.2,38,30291120.000000004,0.0,24756,2657.8,0
1730696880000,2657.0,2658.2000000000003,2655.8,2657.4,22,17537760.0,0.0,24756,2656.2000000000003,0
1730696940000,2657.6000000000004,2659.8,2657.6000000000004,2658.4000000000005,77,61418400.0,0.0,24748,2657.4000000000005,0
1730697000000,2658.0000000000005,2659.2000000000003,2657.6000000000004,2659.0000000000005,26,20737440.0,0.0,24752,2658.4000000000005,0
1730697060000,2659.0000000000005,2659.4,2658.2000000000003,2658.6000000000004,38,30309060.000000004,0.0,24754,2659.0000000000005,0
1730697120000,2658.2,2658.6,2657.0,2657.0,36,28706220.0,0.0,24761,2658.6,0
1730697180000,2656.8,2657.4,2656.2000000000003,2657.0000000000005,18,14346480.0,0.0,24765,2657.0000000000005,0
1730697240000,2657.4,2659.0000000000005,2657.2000000000003,2657.8,36,28706640.0,0.0,24779,2657.0000000000005,0
1730697300000,2657.4,2657.6000000000004,2656.2000000000003,2656.8,25,19927200.0,0.0,24779,2657.8,0
1730697360000,2656.8,2657.6000000000004,2656.2000000000003,2657.2000000000003,34,27102000.000000004,0.0,24780,2656.8,0
1730697420000,2657.4,2658.6,2657.4,2657.8,36,28704540.000000004,0.0,24775,2657.2000000000003,0
1730697480000,2658.4000000000005,2658.6000000000004,2657.6000000000004,2658.2000000000003,14,11164080.0,0.0,24771,2657.8,0
1730697540000,2657.4,2658.4,2657.0,2658.4,13,10364940.0,0.0,24772,2658.2,0
1730697600000,2658.6,2658.8,2658.4,2658.6,13,10368480.000000002,0.0,24769,2658.4,0
1730697660000,2658.2000000000003,2659.8,2658.2000000000003,2658.6000000000004,38,30313980.000000004,0.0,24777,2658.6000000000004,0
1730697720000,2658.8,2658.8,2657.2000000000003,2657.4,30,23920860.0,0.0,24780,2658.6000000000004,0
1730697780000,2657.2000000000003,2657.8,2656.2000000000003,2657.2000000000003,23,18332160.000000004,0.0,24786,2657.4,0
1730697840000,2657.0,2657.6000000000004,2656.8,2657.6000000000004,17,13552560.0,0.0,24790,2657.2000000000003,0
1730697900000,2657.2,2657.6,2657.0,2657.6,20,15944280.0,0.0,24783,2657.6,0
1730697960000,2657.8,2658.4,2656.8,2656.8,52,41460180.0,0.0,24782,2657.6000000000004,0
1730698020000,2657.2000000000003,2657.2000000000003,2656.2000000000003,2657.0000000000005,22,17533560.0,0.0,24777,2656.8,0
1730698080000,2656.4,2657.0000000000005,2656.2000000000003,2656.8,27,21518940.0,0.0,24775,2657.0000000000005,0
1730698140000,2656.6000000000004,2656.8,2655.8,2656.8,21,16734840.000000002,0.0,24779,2656.8,0
1730698200000,2657.0,2657.4,2656.0,2657.0,27,21519840.000000004,0.0,24779,2656.8,0
1730698260000,2657.4,2657.4,2656.0,2656.8,25,19924980.0,0.0,24773,2657.0,0
1730698320000,2657.0000000000005,2657.4000000000005,2656.6000000000004,2657.0000000000005,31,24708900.0,0.0,24767,2656.8,0
1730698380000,2657.6000000000004,2657.6000000000004,2655.6000000000004,2656.2000000000003,43,34270199.99999999,0.0,24762,2657.0000000000005,0
1730698440000,2656.2000000000003,2657.0000000000005,2656.2000000000003,2656.8,21,16737060.0,0.0,24768,2656.2000000000003,0
1730698500000,2657.2000000000003,2657.6000000000004,2656.2000000000003,2656.4,16,12753420.0,0.0,24766,2656.8,0
1730698560000,2656.2000000000003,2657.2000000000003,2656.2000000000003,2657.0000000000005,19,15143040.0,0.0,24757,2656.4,0
1730698620000,2657.4,2658.0,2656.4,2656.8,14,11160360.0,0.0,24752,2657.0,0
1730698680000,2656.8,2657.2000000000003,2656.4,2656.8,19,15143340.000000002,0.0,24749,2656.8,0
1730698740000,2656.6,2657.2000000000003,2656.4,2656.4,34,27099420.000000004,0.0,24736,2656.8,0
1730698800000,2657.4,2657.6,2656.4,2657.0,14,11159700.000000002,0.0,24731,2656.4,0
1730698860000,2657.2,2657.8,2657.0,2657.0,12,9566040.000000002,0.0,24727,2657.0,0
1730698920000,2657.6000000000004,2659.2000000000003,2657.2000000000003,2658.4,48,38278260.00000001,0.0,24729,2657.0000000000005,0
1730698980000,2658.6,2658.6,2657.4,2657.6,43,34287840.0,0.0,24722,2658.4,0
1730699040000,2657.4,2657.4,2656.2000000000003,2656.4,43,34271340.0,0.0,24724,2657.6000000000004,0
1730699100000,2656.8,2657.6,2656.4,2657.4,31,24712080.0,0.0,24715,2656.4,0
1730699160000,2658.0,2659.0,2657.8,2658.0,41,32697960.000000004,0.0,24708,2657.4,0
1730699220000,2658.0000000000005,2658.2000000000003,2657.2000000000003,2657.2000000000003,14,11162700.000000002,0.0,24703,2658.0000000000005,0
1730699280000,2657.2000000000003,2657.6000000000004,2656.2000000000003,2656.4,20,15940440.0,0.0,24695,2657.2000000000003,0
1730699340000,2657.0,2657.6,2656.4,2657.0,11,8768520.000000002,0.0,24693,2656.4,0
1730699400000,2657.6,2657.6,2656.4,2657.6,16,12754200.000000002,0.0,24684,2657.0,0
1730699460000,2657.4,2657.8,2656.8,2657.2000000000003,16,12755520.0,0.0,24681,2657.6000000000004,0
1730699520000,2657.2000000000003,2658.8,2657.2000000000003,2658.8,36,28708560.0,0.0,24681,2657.2000000000003,0
1730699580000,2658.8,2659.4,2658.8,2659.0,19,15156480.000000002,0.0,24684,2658.8,0
1730699640000,2659.2000000000003,2659.8,2658.6000000000004,2659.0000000000005,34,27123240.0,0.0,24676,2659.0000000000005,0
1730699700000,2658.8,2659.4,2658.2000000000003,2658.8,22,17548860.0,0.0,24679,2659.0000000000005,0
1730699760000,2659.4,2661.0000000000005,2659.2000000000003,2660.6000000000004,59,47081880.0,0.0,24671,2658.8,0
1730699820000,2660.8,2662.2000000000003,2660.2000000000003,2661.8,63,50302200.00000001,0.0,24676,2660.6000000000004,0
1730699880000,2661.6000000000004,2663.2000000000003,2661.6000000000004,2662.8,59,47123940.0,0.0,24667,2661.8,0
1730699940000,2662.8,2664.2,2662.0,2663.2,107,85486260.00000001,0.0,24694,2662.8,0
1730700000000,2662.6000000000004,2663.4,2662.2000000000003,2662.6000000000004,33,26360880.0,0.0,24689,2663.2000000000003,0
1730700060000,2662.4,2663.0,2661.8,2662.0,43,34343639.99999999,0.0,24694,2662.6000000000004,0
1730700120000,2662.2000000000003,2664.0,2661.4,2663.4,70,55911960.0,0.0,24708,2662.0,0
1730700180000,2663.8,2668.4,2663.8,2668.4,150,119989260.0,0.0,24704,2663.4,0
1730700240000,2669.0,2671.8,2667.8,2671.8,163,130550820.00000001,0.0,24692,2668.4,0
1730700300000,2671.8,2671.8,2668.2000000000003,2668.6000000000004,114,91298400.0,0.0,24734,2671.8,0
1730700360000,2668.2000000000003,2670.2000000000003,2668.2000000000003,2668.6000000000004,76,60857880.0,0.0,24741,2668.6000000000004,0
1730700420000,2668.4,2668.6,2666.4,2666.4,97,77621940.0,0.0,24776,2668.6,0
1730700480000,2666.4,2666.8,2665.2000000000003,2666.2000000000003,95,75979080.0,0.0,24804,2666.4,0
1730700540000,2666.4,2667.0,2665.0,2665.4,55,43991520.0,0.0,24813,2666.2,0
1730700600000,2665.4,2666.0,2664.8,2665.0,42,33583620.0,0.0,24818,2665.4,0
1730700660000,2665.0,2666.0,2664.4,2665.8,82,65560380.00000001,0.0,24842,2665.0,0
1730700720000,2665.4,2666.6,2665.4,2666.6,37,29592660.000000004,0.0,24851,2665.8,0
1730700780000,2666.6,2667.2000000000003,2666.4,2667.0,37,29602260.0,0.0,24866,2666.6,0
1730700840000,2667.0000000000005,2668.0000000000005,2666.6000000000004,2667.2000000000003,40,32008740.0,0.0,24879,2667.0000000000005,0
1730700900000,2667.8,2669.0,2667.4,2668.6,57,45630480.0,0.0,24885,2667.2000000000003,0
1730700960000,2668.6,2670.2,2667.0,2667.6,97,77661000.00000001,0.0,24889,2668.6,0
1730701020000,2667.2,2667.8,2666.0,2667.8,57,45605040.00000001,0.0,24895,2667.6,0
1730701080000,2668.0,2668.4,2667.4,2667.4,28,22410300.000000004,0.0,24899,2667.8,0
1730701140000,2667.6000000000004,2667.8,2666.6000000000004,2667.4000000000005,30,24004920.0,0.0,24904,2667.4000000000005,0
1730701200000,2667.4,2668.0,2666.4,2668.0,43,34407360.0,0.0,24905,2667.4,0
1730701260000,2668.2,2669.2,2668.0,2668.4,80,64045500.0,0.0,24938,2668.0,0
1730701320000,2668.6000000000004,2669.2000000000003,2667.6000000000004,2669.2000000000003,53,42424260.00000001,0.0,24950,2668.4000000000005,0
1730701380000,2669.4,2669.8,2668.2000000000003,2668.2000000000003,64,51241440.00000001,0.0,24943,2669.2000000000003,0
1730701440000,2668.8,2668.8,2667.6000000000004,2668.6000000000004,30,24014700.0,0.0,24942,2668.2000000000003,0
1730701500000,2668.4,2668.6,2668.0,2668.4,29,23214240.000000004,0.0,24944,2668.6,0
1730701560000,2668.4,2669.6,2668.0,2668.6,55,44035680.0,0.0,24971,2668.4,0
1730701620000,2668.6000000000004,2668.6000000000004,2667.2000000000003,2667.4,76,60824520.0,0.0,24986,2668.6000000000004,0
1730701680000,2667.4,2667.6,2667.0,2667.4,29,23205000.0,0.0,24991,2667.4,0
1730701740000,2667.8,2667.8,2666.8,2667.2000000000003,21,16802880.0,0.0,24997,2667.4,0
1730701800000,2667.6000000000004,2670.0000000000005,2667.6000000000004,2669.0000000000005,48,38431680.00000001,0.0,25018,2667.2000000000003,0
1730701860000,2668.8,2669.6000000000004,2668.2000000000003,2669.0000000000005,35,28025040.0,0.0,25034,2669.0000000000005,0
1730701920000,2668.8,2669.0,2667.8,2669.0,30,24015240.0,0.0,25038,2669.0,0
1730701980000,2669.4,2671.4,2669.4,2670.8,108,86530620.0,0.0,25050,2669.0,0
1730702040000,2670.8,2670.8,2669.0,2669.4,60,48058320.0,0.0,25080,2670.8,0
1730702100000,2669.2,2670.2,2669.0,2669.4,37,29634180.0,0.0,25100,2669.4,0
1730702160000,2669.2000000000003,2670.4,2669.2000000000003,2669.2000000000003,25,20023740.0,0.0,25113,2669.4,0
1730702220000,2669.8,2670.6000000000004,2669.8,2670.4,13,10413840.0,0.0,25116,2669.2000000000003,0
1730702280000,2670.4000000000005,2670.8,2669.6000000000004,2670.4000000000005,27,21628860.0,0.0,25125,2670.4000000000005,0
1730702340000,2670.8,2673.2000000000003,2670.4,2673.0,92,73730940.0,0.0,25178,2670.4,0
1730702400000,2673.2000000000003,2675.8,2673.2000000000003,2675.4,157,125966700.0,0.0,25234,2673.0000000000005,0
1730702460000,2675.4,2677.4,2675.2000000000003,2677.4,178,142923780.0,0.0,25317,2675.4,0
1730702520000,2677.6,2677.8,2675.4,2675.8,71,57008880.00000001,0.0,25349,2677.4,0
1730702580000,2675.4000000000005,2676.8,2674.6000000000004,2676.8,59,47354040.0,0.0,25378,2675.8,0
1730702640000,2676.8,2678.8,2676.8,2678.6000000000004,91,73112339.99999999,0.0,25412,2676.8,0
1730702700000,2678.6,2679.6,2677.4,2678.4,82,65890080.00000001,0.0,25437,2678.6,0
1730702760000,2678.8,2679.4000000000005,2676.6000000000004,2677.0000000000005,62,49802940.0,0.0,25471,2678.4000000000005,0
1730702820000,2677.0,2677.0,2675.8,2676.2000000000003,75,60217500.0,0.0,25506,2677.0,0
1730702880000,2676.2000000000003,2677.2000000000003,2675.6000000000004,2676.2000000000003,50,40147800.0,0.0,25510,2676.2000000000003,0
1730702940000,2676.8,2678.4,2676.2000000000003,2677.6000000000004,75,60241980.0,0.0,25509,2676.2000000000003,0
1730703000000,2677.2000000000003,2678.8,2676.8,2678.8,104,83552160.0,0.0,25553,2677.6000000000004,0
1730703060000,2678.4000000000005,2678.4000000000005,2676.6000000000004,2677.0000000000005,67,53815800.0,0.0,25584,2678.8,0
1730703120000,2676.8,2678.2000000000003,2675.6000000000004,2677.6000000000004,80,64248600.0,0.0,25611,2677.0000000000005,0
1730703180000,2677.6,2680.6,2677.4,2680.6,180,144673320.0,0.0,25681,2677.6,0
1730703240000,2680.2000000000003,2680.8,2678.6000000000004,2680.0000000000005,103,82795320.0,0.0,25729,2680.6000000000004,0
1730703300000,2680.2000000000003,2681.6000000000004,2679.6000000000004,2681.6000000000004,93,74786820.0,0.0,25748,2680.0000000000005,0
1730703360000,2681.4,2682.0,2680.0,2680.8,146,117431700.00000001,0.0,25807,2681.6,0
1730703420000,2681.0000000000005,2682.0000000000005,2680.6000000000004,2682.0000000000005,95,76413540.0,0.0,25849,2680.8,0
1730703480000,2682.0000000000005,2682.4,2680.2000000000003,2681.2000000000003,132,106176120.0,0.0,25886,2682.0000000000005,0
1730703540000,2681.4,2682.4,2681.0,2682.0,112,90106500.00000001,0.0,25934,2681.2,0
1730703600000,2682.2,2684.0,2682.0,2683.2,170,136825920.0,2673.0,26022,2682.0,0
1730770200000,2671.6000000000004,2671.6000000000004,2671.6000000000004,2671.6000000000004,30,24044400.0,0.0,26011,2683.2000000000003,0
1730770260000,2671.6,2674.6,2669.0,2671.6,688,551386919.9999999,0.0,25530,2671.6,0
1730770320000,2671.6,2671.6,2668.4,2669.8,280,224300580.0,0.0,25319,2671.6,0
1730770380000,2670.0,2671.8,2669.0,2670.8,200,160220100.0,0.0,25187,2669.8,0
1730770440000,2671.0000000000005,2671.0000000000005,2666.6000000000004,2667.8,221,176896680.0,0.0,25057,2670.8,0
1730770500000,2667.6,2668.4,2666.0,2666.6,272,217630260.00000003,0.0,24867,2667.8,0
1730770560000,2666.4,2668.8,2665.2000000000003,2667.8,191,152813520.0,0.0,24779,2666.6000000000004,0
1730770620000,2667.6,2667.6,2664.4,2664.4,145,115982640.0,0.0,24721,2667.8,0
1730770680000,2665.0000000000005,2666.6000000000004,2664.6000000000004,2666.6000000000004,111,88769460.00000001,0.0,24670,2664.4000000000005,0
1730770740000,2666.8,2669.8,2666.6000000000004,2669.0000000000005,138,110451120.0,0.0,24597,2666.6000000000004,0
1730770800000,2669.0,2672.0,2668.0,2670.4,141,112950300.00000001,0.0,24528,2669.0,0
1730770860000,2671.2000000000003,2673.0000000000005,2670.6000000000004,2672.0000000000005,217,173942820.00000003,0.0,24464,2670.4000000000005,0
1730770920000,2671.8,2673.4,2670.0,2670.2,172,137871540.0,0.0,24421,2672.0,0
1730770980000,2670.2000000000003,2674.4,2669.2000000000003,2674.4,112,89757660.0,0.0,24390,2670.2000000000003,0
1730771040000,2674.6000000000004,2674.6000000000004,2672.2000000000003,2673.4,112,89828160.0,0.0,24363,2674.4,0
1730771100000,2673.6000000000004,2673.8,2671.8,2673.4,106,84989220.00000001,0.0,24306,2673.4,0
1730771160000,2673.4,2675.2000000000003,2671.8,2675.2000000000003,112,89831100.00000001,0.0,24263,2673.4,0
1730771220000,2675.4,2677.6000000000004,2675.2000000000003,2675.8,176,141312540.00000003,0.0,24164,2675.2000000000003,0
1730771280000,2676.2000000000003,2679.2000000000003,2676.2000000000003,2678.2000000000003,147,118090080.00000001,0.0,24076,2675.8,0
1730771340000,2678.6000000000004,2678.8,2675.6000000000004,2677.6000000000004,100,80307420.0,0.0,24044,2678.2000000000003,0
1730771400000,2677.2,2681.6,2677.0,2681.4,108,86823900.0,0.0,23991,2677.6,0
1730771460000,2681.6,2687.6,2681.4,2684.0,317,255192900.00000003,0.0,23901,2681.4,0
1730771520000,2684.0000000000005,2684.0000000000005,2681.2000000000003,2682.0000000000005,149,119897220.00000001,0.0,23861,2684.0000000000005,0
1730771580000,2682.0,2683.2000000000003,2679.8,2683.2000000000003,121,97330380.0,0.0,23819,2682.0,0
1730771640000,2683.0000000000005,2683.0000000000005,2680.2000000000003,2680.8,104,83673060.0,0.0,23807,2683.2000000000003,0
1730771700000,2680.8,2682.0,2679.8,2679.8,68,54687060.0,0.0,23800,2680.8,0
1730771760000,2680.4,2683.6,2678.4,2683.4,156,125455740.0,0.0,23764,2679.8,0
1730771820000,2683.8,2691.6000000000004,2683.8,2689.2000000000003,334,269308140.0,0.0,23743,2683.4,0
1730771880000,2688.6000000000004,2695.0,2687.8,2692.8,349,281929440.0,0.0,23764,2689.2000000000003,0
1730771940000,2692.8,2695.6000000000004,2692.6000000000004,2692.8,136,109915080.00000001,0.0,23768,2692.8,0
1730772000000,2692.8,2692.8,2690.0,2691.6,137,110601300.00000001,0.0,23763,2692.8,0
1730772060000,2691.8,2695.6000000000004,2689.6000000000004,2692.0000000000005,244,197116140.00000003,0.0,23748,2691.6000000000004,0
1730772120000,2691.8,2692.8,2689.2000000000003,2690.8,202,163076940.00000003,0.0,23761,2692.0000000000005,0
1730772180000,2691.2000000000003,2697.8,2691.2000000000003,2696.0000000000005,283,228821820.0,0.0,23722,2690.8,0
1730772240000,2696.2,2699.2,2696.0,2696.0,230,186129900.0,0.0,23715,2696.0,0
1730772300000,2696.2000000000003,2696.2000000000003,2691.4,2693.6,134,108282960.0,0.0,23720,2696.0,0
1730772360000,2693.6000000000004,2697.2000000000003,2693.6000000000004,2696.0000000000005,156,126150360.00000001,0.0,23732,2693.6000000000004,0
1730772420000,2696.0000000000005,2698.6000000000004,2695.2000000000003,2697.6000000000004,146,118131240.00000001,0.0,23716,2696.0000000000005,0
1730772480000,2698.0,2700.0,2697.8,2700.0,114,92306940.0,0.0,23728,2697.6000000000004,0
1730772540000,2700.0,2704.0,2700.0,2703.4,251,203492760.00000003,0.0,23761,2700.0,0
1730772600000,2702.8,2707.6000000000004,2702.6000000000004,2706.0000000000005,210,170381460.0,0.0,23768,2703.4000000000005,0
1730772660000,2706.0000000000005,2707.8,2702.2000000000003,2702.2000000000003,191,155040900.0,0.0,23766,2706.0000000000005,0
1730772720000,2701.4,2704.4,2699.8,2701.6000000000004,292,236660040.00000003,0.0,23780,2702.2000000000003,0
1730772780000,2701.8,2705.8,2701.2000000000003,2705.2000000000003,108,87596820.00000001,0.0,23779,2701.6000000000004,0
1730772840000,2705.4,2707.8,2704.0,2707.0,122,99041820.0,0.0,23798,2705.2,0
1730772900000,2708.0,2715.2,2708.0,2715.2,328,266820120.00000003,0.0,23841,2707.0,0
1730772960000,2714.6,2717.0,2712.4,2713.2000000000003,402,327332940.0,0.0,23784,2715.2000000000003,0
1730773020000,2713.0,2721.0,2713.0,2721.0,260,211912860.0,0.0,23728,2713.2,0
1730773080000,2721.0,2723.4,2720.0,2722.0,264,215519700.0,0.0,23756,2721.0,0
1730773140000,2722.0,2726.2,2721.0,2721.0,266,217365360.0,0.0,23817,2722.0,0
1730773200000,2720.6,2720.6,2711.4,2714.2000000000003,280,228120540.0,0.0,23896,2721.0,0
1730773260000,2713.4,2716.0,2713.0,2714.2,181,147391500.00000003,0.0,23931,2714.2,0
1730773320000,2714.8,2715.2000000000003,2707.6000000000004,2707.8,176,143119320.0,0.0,23993,2714.2000000000003,0
1730773380000,2707.6000000000004,2710.6000000000004,2706.2000000000003,2710.6000000000004,149,121049220.0,0.0,24014,2707.8,0
1730773440000,2711.0,2713.8,2710.0,2710.0,166,135072360.0,0.0,24019,2710.6,0
1730773500000,2710.4,2711.0,2708.0,2709.8,102,82911540.0,0.0,24039,2710.0,0
1730773560000,2710.0,2713.6,2709.0,2711.8,135,109795020.0,0.0,24061,2709.8,0
1730773620000,2712.0,2714.6,2712.0,2714.2,138,112333440.0,0.0,24083,2711.8,0
1730773680000,2713.6000000000004,2714.6000000000004,2709.2000000000003,2709.4,88,71594100.0,0.0,24091,2714.2000000000003,0
1730773740000,2709.2000000000003,2713.0000000000005,2709.2000000000003,2711.2000000000003,92,74832240.00000001,0.0,24097,2709.4,0
1730773800000,2711.4,2712.2000000000003,2709.8,2710.8,59,47984400.0,0.0,24094,2711.2000000000003,0
1730773860000,2709.8,2712.2000000000003,2704.8,2705.4,182,147862380.0,0.0,24114,2710.8,0
1730773920000,2705.4,2711.8,2705.4,2710.6,170,138168900.0,0.0,24136,2705.4,0
1730773980000,2710.8,2710.8,2706.2000000000003,2706.4,72,58514700.0,0.0,24134,2710.6000000000004,0
1730774040000,2706.8,2708.2,2705.0,2706.0,93,75509520.0,0.0,24148,2706.4,0
1730774100000,2705.8,2706.4000000000005,2703.6000000000004,2704.0000000000005,113,91690800.0,0.0,24185,2706.0000000000005,0
1730774160000,2703.4,2706.4,2703.2000000000003,2705.4,142,115239900.0,0.0,24220,2704.0000000000005,0
1730774220000,2706.4,2706.4,2700.2000000000003,2702.6000000000004,173,140255880.0,0.0,24232,2705.4,0
1730774280000,2702.0000000000005,2703.0000000000005,2700.2000000000003,2702.8,97,78621720.0,0.0,24268,2702.6000000000004,0
1730774340000,2702.2000000000003,2702.2000000000003,2699.2000000000003,2699.8,85,68862720.0,0.0,24294,2702.8,0
1730774400000,2700.0,2703.4,2700.0,2703.2,97,78610440.00000001,0.0,24310,2699.8,0
1730774460000,2703.4,2705.6,2702.4,2705.6,143,116010300.0,0.0,24295,2703.2000000000003,0
1730774520000,2705.6,2705.6,2703.0,2703.6,76,61654140.0,0.0,24302,2705.6,0
1730774580000,2703.0,2707.2,2703.0,2707.2,91,73867260.0,0.0,24280,2703.6,0
1730774640000,2707.2000000000003,2710.0000000000005,2706.6000000000004,2708.6000000000004,105,85316160.0,0.0,24292,2707.2000000000003,0
1730774700000,2707.6000000000004,2707.6000000000004,2704.6000000000004,2704.6000000000004,74,60075600.0,0.0,24309,2708.6000000000004,0
1730774760000,2704.6,2706.8,2703.4,2706.4,75,60864000.0,0.0,24326,2704.6,0
1730774820000,2705.0000000000005,2707.0000000000005,2704.2000000000003,2705.6000000000004,48,38957940.00000001,0.0,24340,2706.4,0
1730774880000,2705.6,2706.0,2703.0,2704.0,34,27582240.0,0.0,24350,2705.6,0
1730774940000,2704.0000000000005,2710.2000000000003,2703.6000000000004,2710.0000000000005,75,60915780.0,0.0,24368,2704.0000000000005,0
1730775000000,2710.2000000000003,2710.8,2707.4,2708.8,91,73962720.0,0.0,24388,2710.0,0
1730775060000,2709.0000000000005,2709.8,2706.2000000000003,2706.8,65,52803720.0,0.0,24390,2708.8,0
1730775120000,2706.2,2707.4,2705.0,2705.8,63,51144240.0,0.0,24398,2706.8,0
1730775180000,2705.4,2708.6,2705.4,2707.2000000000003,53,43037460.00000001,0.0,24420,2705.8,0
1730775240000,2707.2000000000003,2709.0,2705.8,2705.8,104,84472200.0,0.0,24442,2707.2000000000003,0
1730775300000,2705.8,2708.8,2704.8,2707.0,55,44656860.0,0.0,24451,2705.8,0
1730775360000,2707.0000000000005,2708.8,2706.2000000000003,2707.2000000000003,63,51173280.00000001,0.0,24462,2707.0000000000005,0
1730775420000,2707.2000000000003,2707.4,2705.4,2706.4,43,34914420.0,0.0,24472,2707.2000000000003,0
1730775480000,2706.4000000000005,2706.4000000000005,2703.6000000000004,2705.2000000000003,64,51937020.0,0.0,24488,2706.4000000000005,0
1730775540000,2705.8,2706.6000000000004,2704.8,2704.8,44,35716020.0,0.0,24491,2705.2000000000003,0
1730775600000,2704.8,2704.8,2700.4,2701.8,77,62410200.0,0.0,24510,2704.8,0
1730775660000,2701.2000000000003,2704.0000000000005,2699.2000000000003,2702.8,124,100500780.0,0.0,24530,2701.8,0
1730775720000,2702.6000000000004,2703.2000000000003,2700.8,2701.4,52,42153540.0,0.0,24529,2702.8,0
1730775780000,2701.0,2703.0,2701.0,2701.0,50,40526100.0,0.0,24535,2701.4,0
1730775840000,2702.0000000000005,2703.4,2701.2000000000003,2702.2000000000003,47,38099400.0,0.0,24536,2701.0000000000005,0
1730775900000,2702.2000000000003,2704.0000000000005,2702.2000000000003,2703.0000000000005,48,38924520.00000001,0.0,24533,2702.2000000000003,0
1730775960000,2703.2000000000003,2703.2000000000003,2701.8,2702.0,30,24320460.0,0.0,24539,2703.0,0
1730776020000,2703.0,2706.2,2703.0,2706.2,36,29209140.0,0.0,24532,2702.0,0
1730776080000,2706.0000000000005,2708.2000000000003,2704.2000000000003,2708.2000000000003,48,38974440.00000001,0.0,24529,2706.2000000000003,0
1730776140000,2708.4,2708.4,2705.8,2707.2000000000003,58,47102400.0,0.0,24525,2708.2000000000003,0
1730776200000,2707.2000000000003,2708.4000000000005,2706.6000000000004,2708.0000000000005,28,22743180.000000004,0.0,24526,2707.2000000000003,0
1730776260000,2708.6000000000004,2710.8,2707.8,2710.8,55,44697360.0,0.0,24527,2708.0,0
1730776320000,2710.2000000000003,2710.4,2709.2000000000003,2709.6000000000004,41,33329520.000000004,0.0,24542,2710.8,0
1730776380000,2709.6,2710.4,2708.0,2708.8,34,27633600.000000004,0.0,24535,2709.6,0
1730776440000,2709.8,2711.8,2709.0,2710.8,39,31709340.000000004,0.0,24544,2708.8,0
1730776500000,2711.4,2716.4,2711.2000000000003,2715.4,152,123762720.00000001,0.0,24568,2710.8,0
1730776560000,2715.4,2716.2,2712.0,2712.0,97,78983820.0,0.0,24586,2715.4,0
1730776620000,2711.6,2717.4,2711.4,2715.8,83,67612920.0,0.0,24588,2712.0,0
1730776680000,2716.2000000000003,2716.2000000000003,2710.4,2710.4,85,69166020.0,0.0,24593,2715.8,0
1730776740000,2710.0000000000005,2711.8,2708.2000000000003,2708.4,72,58542180.0,0.0,24599,2710.4,0
1730776800000,2708.4,2708.4,2703.8,2706.0,115,93351540.0,0.0,24605,2708.4,0
1730776860000,2706.8,2710.6,2705.4,2710.0,130,105612660.0,0.0,24626,2706.0,0
1730776920000,2710.4,2712.8,2710.0,2710.6,65,52878660.0,0.0,24638,2710.0,0
1730776980000,2711.2000000000003,2712.2000000000003,2710.2000000000003,2711.8,27,21960480.000000004,0.0,24649,2710.6000000000004,0
1730777040000,2711.8,2711.8,2709.8,2711.0,29,23583840.000000004,0.0,24651,2711.8,0
1730777100000,2710.2000000000003,2713.2000000000003,2710.2000000000003,2712.8,44,35799060.0,0.0,24658,2711.0000000000005,0
1730777160000,2713.4,2715.4,2711.8,2715.2000000000003,76,61883760.00000001,0.0,24674,2712.8,0
1730777220000,2715.4,2715.6,2713.0,2715.6,67,54563040.0,0.0,24688,2715.2,0
1730777280000,2715.2000000000003,2720.8,2714.6000000000004,2719.0000000000005,192,156603660.00000003,0.0,24724,2715.6000000000004,0
1730777340000,2718.6000000000004,2723.0000000000005,2718.6000000000004,2722.6000000000004,122,99590940.0,0.0,24761,2719.0000000000005,0
1730777400000,2722.2000000000003,2724.8,2720.4,2723.8,131,106998780.00000001,0.0,24785,2722.6,0
1730782860000,2724.8,2729.6000000000004,2724.2000000000003,2728.2000000000003,393,321501300.00000006,0.0,24872,2723.8,0
1730782920000,2728.4,2728.4,2723.2000000000003,2724.2000000000003,129,105465840.0,0.0,24898,2728.2000000000003,0
1730782980000,2724.0000000000005,2726.0000000000005,2719.2000000000003,2722.8,120,97988100.0,0.0,24922,2724.2000000000003,0
1730783040000,2723.0,2728.0,2723.0,2727.8,143,116927760.00000001,0.0,24973,2722.8,0
1730783100000,2728.2000000000003,2728.2000000000003,2725.4,2726.2000000000003,99,80985540.0,0.0,25009,2727.8,0
1730783160000,2726.2000000000003,2726.6000000000004,2723.6000000000004,2726.6000000000004,165,134896320.0,0.0,25068,2726.2000000000003,0
1730783220000,2727.6000000000004,2729.8,2725.8,2727.8,122,99851220.0,0.0,25118,2726.6000000000004,0
1730783280000,2727.6000000000004,2730.6000000000004,2727.2000000000003,2729.0000000000005,98,80232300.0,0.0,25166,2727.8,0
1730783340000,2729.0,2731.0,2727.4,2729.4,116,94978380.00000001,0.0,25216,2729.0,0
1730783400000,2729.6000000000004,2730.8,2724.2000000000003,2724.4,106,86751420.00000001,0.0,25259,2729.4,0
1730783460000,2724.2000000000003,2726.2000000000003,2722.8,2722.8,81,66205740.0,0.0,25281,2724.4,0
1730783520000,2723.2000000000003,2724.6000000000004,2720.6000000000004,2723.2000000000003,93,75944520.0,0.0,25312,2722.8,0
1730783580000,2723.0000000000005,2726.0000000000005,2721.6000000000004,2725.2000000000003,44,35961300.00000001,0.0,25331,2723.2000000000003,0
1730783640000,2725.8,2727.0,2723.8,2723.8,58,47428920.00000001,0.0,25358,2725.2000000000003,0
1730783700000,2725.2000000000003,2726.6,2724.4,2724.8,40,32703120.0,0.0,25372,2723.8,0
1730783760000,2724.2000000000003,2726.0000000000005,2724.2000000000003,2725.4,39,31886040.000000004,0.0,25391,2724.8,0
1730783820000,2725.2000000000003,2725.2000000000003,2723.6000000000004,2725.0000000000005,54,44135100.00000001,0.0,25404,2725.4000000000005,0
1730783880000,2725.4,2727.0,2725.4,2726.4,37,30261300.0,0.0,25414,2725.0,0
1730783940000,2726.2000000000003,2730.2000000000003,2725.6000000000004,2730.2000000000003,71,58106100.00000001,0.0,25433,2726.4000000000005,0
1730784000000,2729.8,2729.8,2726.2000000000003,2726.2000000000003,50,40925280.0,0.0,25451,2730.2000000000003,0
1730784060000,2726.4,2729.2000000000003,2725.8,2728.0,58,47459640.00000001,0.0,25482,2726.2000000000003,0
1730784120000,2727.4,2734.2000000000003,2727.4,2733.8,140,114747600.0,0.0,25547,2728.0,0
1730784180000,2733.8,2733.8,2731.0,2732.8,82,67223220.00000001,0.0,25576,2733.8,0
1730784240000,2732.4,2732.4,2726.4,2728.6,97,79432260.0,0.0,25620,2732.8,0
1730784300000,2728.8,2729.8,2728.0,2729.6,46,37658640.00000001,0.0,25640,2728.6,0
1730784360000,2729.2000000000003,2729.2000000000003,2727.6000000000004,2728.2000000000003,36,29467140.0,0.0,25660,2729.6000000000004,0
1730784420000,2728.0000000000005,2729.0000000000005,2727.6000000000004,2727.6000000000004,37,30284040.000000004,0.0,25681,2728.2000000000003,0
1730784480000,2727.6000000000004,2729.4000000000005,2727.6000000000004,2728.2000000000003,26,21283860.0,0.0,25686,2727.6000000000004,0
1730784540000,2728.2000000000003,2728.4,2722.4,2723.4,106,86660760.0,0.0,25700,2728.2000000000003,0
1730784600000,2723.6,2724.6,2720.0,2720.4,90,73501380.0,0.0,25720,2723.4,0
1730784660000,2721.2000000000003,2724.2000000000003,2720.6000000000004,2723.0000000000005,68,55530900.00000001,0.0,25728,2720.4000000000005,0
1730784720000,2723.0,2723.4,2720.0,2723.0,68,55533180.0,0.0,25736,2723.0,0
1730784780000,2723.0,2724.0,2721.8,2721.8,35,28591680.0,0.0,25741,2723.0,0
1730784840000,2722.2000000000003,2723.0,2718.8,2720.0,44,35914320.00000001,0.0,25757,2721.8,0
1730784900000,2720.6000000000004,2723.0000000000005,2720.6000000000004,2721.6000000000004,44,35929380.0,0.0,25774,2720.0000000000005,0
1730784960000,2722.6000000000004,2725.8,2722.2000000000003,2725.0000000000005,67,54754380.0,0.0,25801,2721.6000000000004,0
1730785020000,2725.0,2725.6000000000004,2723.8,2725.0,53,43327200.0,0.0,25824,2725.0,0
1730785080000,2725.8,2725.8,2724.4,2725.4,78,63769500.00000001,0.0,25877,2725.0,0
1730785140000,2725.8,2728.4,2725.8,2727.8,139,113739120.0,0.0,25946,2725.4,0
1730785200000,2728.0,2730.8,2728.0,2728.2,80,65502840.0,0.0,25992,2727.8,0
1730785260000,2728.2000000000003,2730.0,2727.4,2727.4,34,27835620.000000004,0.0,26000,2728.2000000000003,0
1730785320000,2727.0000000000005,2727.8,2724.2000000000003,2724.2000000000003,46,37623780.0,0.0,26011,2727.4,0
1730785380000,2725.2,2726.6,2725.0,2726.2,26,21262620.0,0.0,26018,2724.2,0
1730785440000,2725.8,2726.0000000000005,2724.6000000000004,2725.0000000000005,21,17169720.0,0.0,26021,2726.2000000000003,0
1730785500000,2724.8,2729.4,2724.4,2729.4,35,28637760.0,0.0,26035,2725.0,0
1730785560000,2729.4,2729.8,2728.2000000000003,2729.6000000000004,64,52401600.0,0.0,26034,2729.4,0
1730785620000,2729.8,2730.0,2728.0,2728.6,77,63037920.0,0.0,26030,2729.6,0
1730785680000,2728.6,2729.0,2727.4,2727.4,36,29465760.000000004,0.0,26045,2728.6,0
1730785740000,2727.4,2729.4,2726.2000000000003,2728.6000000000004,64,52378260.0,0.0,26051,2727.4,0
1730785800000,2728.8,2730.2000000000003,2728.6000000000004,2729.8,60,49133220.0,0.0,26041,2728.6000000000004,0
1730785860000,2729.8,2729.8,2726.2000000000003,2728.8,45,36831960.0,0.0,26046,2729.8,0
1730785920000,2728.8,2728.8,2727.2000000000003,2727.8,24,19640400.000000004,0.0,26062,2728.8,0
1730785980000,2727.4,2728.2,2726.0,2726.0,21,17179140.0,0.0,26069,2727.8,0
1730786040000,2725.8,2726.4,2724.0,2726.4,68,55593180.00000001,0.0,26083,2726.0,0
1730786100000,2726.8,2729.0,2726.8,2727.6000000000004,51,41737440.0,0.0,26093,2726.4,0
1730786160000,2727.8,2730.0,2727.8,2730.0,112,91707120.0,0.0,26164,2727.6000000000004,0
1730786220000,2730.0000000000005,2730.6000000000004,2728.2000000000003,2728.8,29,23743080.000000004,0.0,26175,2730.0000000000005,0
1730786280000,2729.0000000000005,2729.6000000000004,2728.2000000000003,2729.6000000000004,12,9824040.000000002,0.0,26177,2728.8,0
1730786340000,2729.2000000000003,2729.2000000000003,2725.8,2725.8,47,38454540.0,0.0,26194,2729.6000000000004,0
1730786400000,2726.0,2728.6,2724.4,2727.6,86,70329719.99999999,0.0,26228,2725.8,0
1730786460000,2727.0,2727.2000000000003,2722.8,2722.8,112,91547580.0,0.0,26283,2727.6000000000004,0
1730786520000,2722.8,2723.8,2719.6000000000004,2719.8,83,67771200.0,0.0,26316,2722.8,0
1730786580000,2719.4,2722.0,2717.0,2718.0,154,125618520.0,0.0,26355,2719.8,0
1730786640000,2717.6000000000004,2717.6000000000004,2715.2000000000003,2717.0000000000005,136,110822700.00000001,0.0,26384,2718.0000000000005,0
1730786700000,2717.2000000000003,2721.0000000000005,2717.2000000000003,2720.8,137,111756000.0,0.0,26417,2717.0000000000005,0
1730786760000,2721.2000000000003,2721.2000000000003,2717.6000000000004,2719.0000000000005,95,77504760.0,0.0,26435,2720.8,0
1730786820000,2719.0000000000005,2720.2000000000003,2715.6000000000004,2715.8,57,46469760.0,0.0,26458,2719.0000000000005,0
1730786880000,2715.4,2718.2000000000003,2715.4,2718.2000000000003,52,42383220.0,0.0,26446,2715.8,0
1730786940000,2718.6,2720.4,2718.0,2719.4,44,35891100.0,0.0,26448,2718.2,0
1730787000000,2718.6000000000004,2720.6000000000004,2718.6000000000004,2719.8,22,17948580.000000004,0.0,26455,2719.4000000000005,0
1730787060000,2720.0,2722.6,2720.0,2722.0,39,31841520.000000004,0.0,26466,2719.8,0
1730787120000,2722.8,2724.0000000000005,2721.6000000000004,2724.0000000000005,34,27769980.000000004,0.0,26464,2722.0000000000005,0
1730787180000,2723.8,2724.0,2723.0,2723.6,20,16341060.0,0.0,26469,2724.0,0
1730787240000,2722.8,2723.6000000000004,2722.2000000000003,2722.8,14,11436000.0,0.0,26470,2723.6000000000004,0
1730787300000,2722.4,2722.6000000000004,2720.8,2722.6000000000004,25,20413920.0,0.0,26479,2722.8,0
1730787360000,2722.6,2722.6,2721.4,2721.6,8,6532380.000000001,0.0,26480,2722.6,0
1730787420000,2721.8,2722.8,2720.0,2722.2,78,63669060.00000001,0.0,26512,2721.6,0
1730787480000,2722.2,2722.2,2721.0,2721.0,22,17962200.000000004,0.0,26507,2722.2,0
1730787540000,2721.6000000000004,2722.2000000000003,2720.8,2722.2000000000003,16,13063020.0,0.0,26515,2721.0,0
1730787600000,2722.2000000000003,2724.0,2721.4,2724.0,21,17152080.0,0.0,26528,2722.2000000000003,0
1730787660000,2723.4000000000005,2727.4000000000005,2722.6000000000004,2727.4000000000005,93,76039800.00000001,0.0,26556,2724.0000000000005,0
1730787720000,2727.0,2729.0,2726.8,2728.4,71,58105080.00000001,0.0,26576,2727.4,0
1730787780000,2729.0,2729.8,2727.8,2729.8,42,34382160.0,0.0,26588,2728.4,0
1730787840000,2729.6000000000004,2731.2000000000003,2729.6000000000004,2731.2000000000003,59,48330120.00000001,0.0,26601,2729.8,0
1730787900000,2731.4,2731.6000000000004,2728.2000000000003,2728.2000000000003,65,53229900.0,0.0,26628,2731.2000000000003,0
1730787960000,2728.0,2731.2,2728.0,2730.4,55,45043980.0,0.0,26653,2728.2,0
1730788020000,2730.4,2731.0,2728.8,2729.6000000000004,91,74523060.0,0.0,26659,2730.4,0
1730788080000,2730.0,2730.4,2728.8,2730.4,59,48316380.00000001,0.0,26670,2729.6000000000004,0
1730788140000,2730.4,2730.4,2729.2000000000003,2730.0000000000005,27,22112580.0,0.0,26682,2730.4,0
1730788200000,2730.2000000000003,2730.8,2730.2000000000003,2730.8,36,29489220.0,0.0,26700,2730.0000000000005,0
1730788260000,2730.4000000000005,2730.8,2727.6000000000004,2729.8,68,55677900.00000001,0.0,26719,2730.8,0
1730788320000,2729.8,2729.8,2729.0,2729.4,9,7369140.000000001,0.0,26720,2729.8,0
1730788380000,2729.6000000000004,2732.6000000000004,2729.2000000000003,2732.4,95,77831220.0,0.0,26761,2729.4,0
1730788440000,2732.6,2732.6,2731.0,2732.2,33,27043860.000000004,0.0,26766,2732.4,0
1730788500000,2731.8,2732.6,2731.4,2732.6,13,10654260.000000002,0.0,26773,2732.2000000000003,0
1730788560000,2732.6000000000004,2733.6000000000004,2731.6000000000004,2732.8,111,91000380.00000001,0.0,26843,2732.6000000000004,0
1730788620000,2732.8,2733.0,2731.8,2732.0,22,18033960.0,0.0,26858,2732.8,0
1730788680000,2731.8,2733.0,2731.8,2733.0,25,20494020.0,0.0,26864,2732.0,0
1730788740000,2733.0000000000005,2734.8,2732.6000000000004,2734.8,63,51664740.00000001,0.0,26893,2733.0000000000005,0
1730788800000,2734.8,2735.4,2731.0,2732.0,131,107439060.0,0.0,26961,2734.8,0
1730788860000,2732.2000000000003,2732.2000000000003,2728.2000000000003,2728.4,112,91743900.00000001,0.0,27002,2732.0000000000005,0
1730788920000,2728.2,2730.0,2726.0,2730.0,129,105577680.0,0.0,27030,2728.4,0
1730788980000,2730.8,2731.6,2729.4,2729.4,78,63895800.00000001,0.0,27075,2730.0,0
1730789040000,2729.2000000000003,2729.2000000000003,2726.6000000000004,2727.6000000000004,124,101479260.0,0.0,27104,2729.4000000000005,0
1730789100000,2728.0,2730.2,2728.0,2729.0,58,47490600.0,0.0,27133,2727.6,0
1730789160000,2729.2000000000003,2729.2000000000003,2726.6000000000004,2728.8,106,86749980.00000001,0.0,27178,2729.0000000000005,0
1730789220000,2728.2,2729.2,2727.0,2729.0,39,31920840.000000004,0.0,27185,2728.8,0
1730789280000,2729.0,2730.8,2729.0,2730.0,58,47504220.00000001,0.0,27198,2729.0,0
1730789340000,2730.8,2731.8,2730.4,2730.6,80,65546940.0,0.0,27242,2730.0,0
1730789400000,2730.8,2731.8,2729.8,2731.0,56,45878400.0,0.0,27264,2730.6000000000004,0
1730789460000,2730.8,2732.0,2730.4,2731.8,47,38507880.0,0.0,27279,2731.0,0
1730789520000,2731.2,2733.0,2731.0,2732.0,87,71304000.0,0.0,27286,2731.8,0
1730789580000,2731.4,2733.6,2731.0,2733.6,63,51643920.00000001,0.0,27306,2732.0,0
1730789640000,2733.6,2735.8,2733.4,2734.6,148,121399440.0,0.0,27355,2733.6,0
1730789700000,2735.2000000000003,2737.0,2734.4,2736.2000000000003,119,97660920.0,0.0,27389,2734.6,0
1730789760000,2736.8,2736.8,2734.8,2735.4,95,77969520.0,0.0,27434,2736.2000000000003,0
1730789820000,2735.6,2736.0,2735.0,2736.0,136,111607200.00000001,0.0,27439,2735.4,0
1730789880000,2735.6,2736.4,2735.4,2736.0,97,79611960.00000001,0.0,27473,2736.0,0
1730789940000,2736.2000000000003,2737.4000000000005,2735.6000000000004,2736.8,109,89483400.0,0.0,27525,2736.0000000000005,0
1730790000000,2736.8,2740.0000000000005,2735.6000000000004,2740.0000000000005,220,180663480.0,2728.6000000000004,27615,2736.8,0
1730856600000,2732.6000000000004,2732.6000000000004,2732.6000000000004,2732.6000000000004,71,58204380.00000001,0.0,27572,2740.0000000000005,0
1730856660000,2731.2,2734.2,2729.0,2729.0,427,349928160.0,0.0,27313,2732.6,0
1730856720000,2729.0000000000005,2730.4,2727.2000000000003,2730.0000000000005,407,333201900.0,0.0,27075,2729.0000000000005,0
1730856780000,2729.8,2735.4,2729.2000000000003,2733.4,310,254069160.0,0.0,26916,2730.0000000000005,0
1730856840000,2733.4000000000005,2737.0000000000005,2730.6000000000004,2734.2000000000003,363,297684540.0,0.0,26832,2733.4000000000005,0
1730856900000,2734.2,2734.2,2731.0,2732.4,169,138530640.00000003,0.0,26750,2734.2,0
1730856960000,2732.8,2734.4,2730.4,2734.0,208,170465880.0,0.0,26646,2732.4,0
1730857020000,2733.4,2733.4,2730.2000000000003,2730.8,160,131111640.0,0.0,26537,2734.0000000000005,0
1730857080000,2731.4,2736.4,2731.4,2733.4,193,158272080.0,0.0,26441,2730.8,0
1730857140000,2733.4000000000005,2734.0000000000005,2729.6000000000004,2730.8,209,171269880.0,0.0,26340,2733.4000000000005,0
1730857200000,2730.4,2731.6,2728.0,2730.0,178,145787580.00000003,0.0,26287,2730.8,0
1730857260000,2730.0000000000005,2732.4,2729.2000000000003,2730.4,237,194153220.00000003,0.0,26193,2730.0000000000005,0
1730857320000,2730.6,2730.8,2726.4,2726.6,226,184931280.0,0.0,26076,2730.4,0
1730857380000,2726.4,2727.0,2721.4,2725.4,273,223060260.0,0.0,25959,2726.6,0
1730857440000,2725.4,2730.0,2725.4,2728.0,214,175134120.00000003,0.0,25860,2725.4,0
1730857500000,2727.4,2728.8,2727.0,2728.6,161,131769960.00000001,0.0,25763,2728.0,0
1730857560000,2728.6000000000004,2729.0000000000005,2725.6000000000004,2727.6000000000004,170,139079340.0,0.0,25699,2728.6000000000004,0
1730857620000,2727.2,2727.8,2726.0,2727.8,231,188983560.00000003,0.0,25680,2727.6,0
1730857680000,2728.0,2730.4,2727.0,2728.4,187,153057360.0,0.0,25639,2727.8,0
1730857740000,2729.4000000000005,2729.6000000000004,2726.6000000000004,2726.8,175,143235960.0,0.0,25631,2728.4000000000005,0
1730857800000,2726.2000000000003,2727.6000000000004,2725.6000000000004,2725.8,63,51532560.00000001,0.0,25621,2726.8,0
1730857860000,2725.8,2727.4,2723.8,2725.0,137,112012680.00000001,0.0,25568,2725.8,0
1730857920000,2724.6,2729.4,2724.4,2728.0,76,62178000.0,0.0,25553,2725.0,0
1730857980000,2727.6000000000004,2728.8,2727.2000000000003,2727.4,86,70379339.99999999,0.0,25530,2728.0000000000005,0
1730858040000,2727.4,2728.8,2727.4,2728.8,52,42563040.0,0.0,25518,2727.4,0
1730858100000,2729.0000000000005,2729.0000000000005,2727.6000000000004,2727.8,65,53200140.0,0.0,25503,2728.8,0
1730858160000,2728.0000000000005,2731.0000000000005,2727.2000000000003,2728.8,87,71230260.0,0.0,25477,2727.8,0
1730858220000,2727.8,2729.4000000000005,2727.6000000000004,2728.8,42,34379160.00000001,0.0,25470,2728.8,0
1730858280000,2728.8,2729.0000000000005,2727.2000000000003,2728.4,52,42559080.0,0.0,25452,2728.8,0
1730858340000,2727.8,2727.8,2725.6000000000004,2727.6000000000004,74,60534300.0,0.0,25447,2728.4000000000005,0
1730858400000,2726.6000000000004,2728.8,2726.6000000000004,2728.6000000000004,33,27002760.000000004,0.0,25435,2727.6000000000004,0
1730858460000,2728.6000000000004,2733.6000000000004,2728.2000000000003,2733.4,271,222051180.0,0.0,25367,2728.6000000000004,0
1730858520000,2734.4,2740.4,2734.4,2739.0,257,211075860.00000003,0.0,25296,2733.4,0
1730858580000,2739.0,2743.8,2739.0,2742.4,316,259891260.00000003,0.0,25216,2739.0,0
1730858640000,2742.8,2746.4,2742.4,2742.4,396,326071560.0,0.0,25180,2742.4,0
1730858700000,2742.2000000000003,2742.4,2737.8,2738.8,209,171757860.00000003,0.0,25083,2742.4,0
1730858760000,2738.8,2740.8,2737.4,2739.4,150,123266760.0,0.0,25034,2738.8,0
1730858820000,2739.4,2747.6000000000004,2738.8,2747.4,232,190929840.0,0.0,24967,2739.4,0
1730858880000,2747.6000000000004,2750.8,2746.6000000000004,2748.8,473,390095760.00000006,0.0,24919,2747.4000000000005,0
1730858940000,2749.0,2751.2000000000003,2746.4,2750.4,209,172347720.0,0.0,24904,2748.8,0
1730859000000,2750.4,2752.8,2744.8,2747.8,238,196205700.0,0.0,24876,2750.4,0
1730859060000,2746.8,2749.6000000000004,2744.8,2747.6000000000004,164,135150240.00000003,0.0,24856,2747.8,0
1730859120000,2747.6000000000004,2753.2000000000003,2747.6000000000004,2751.0000000000005,164,135344580.00000003,0.0,24809,2747.6000000000004,0
1730859180000,2749.6,2751.2,2745.0,2745.2,319,262958760.0,0.0,24729,2751.0,0
1730859240000,2745.2,2748.2,2743.0,2744.2,244,200973600.0,0.0,24714,2745.2,0
1730859300000,2744.0000000000005,2744.8,2741.6000000000004,2743.6000000000004,156,128381100.00000001,0.0,24684,2744.2000000000003,0
1730859360000,2743.6,2747.0,2743.0,2743.0,112,92215680.0,0.0,24669,2743.6,0
1730859420000,2743.0,2746.0,2743.0,2745.2,93,76580220.00000001,0.0,24666,2743.0,0
1730859480000,2745.0,2745.4,2742.8,2744.4,104,85615920.0,0.0,24661,2745.2000000000003,0
1730859540000,2742.8,2744.4000000000005,2740.6000000000004,2743.2000000000003,171,140686020.00000003,0.0,24651,2744.4000000000005,0
1730859600000,2743.0000000000005,2745.4,2742.2000000000003,2744.4,129,106203000.0,0.0,24618,2743.2000000000003,0
1730859660000,2744.4,2745.8,2741.0,2742.2,72,59248320.00000001,0.0,24601,2744.4,0
1730859720000,2742.8,2744.0000000000005,2741.6000000000004,2742.4000000000005,68,55950660.00000001,0.0,24589,2742.2000000000003,0
1730859780000,2742.0,2742.0,2736.8,2738.0,142,116669400.00000001,0.0,24567,2742.4,0
1730859840000,2738.0000000000005,2738.0000000000005,2733.2000000000003,2735.8,151,123876600.00000001,0.0,24559,2738.0000000000005,0
1730859900000,2735.8,2737.0,2735.0,2736.0,222,182196540.00000003,0.0,24617,2735.8,0
1730859960000,2736.0,2737.0,2733.0,2736.8,82,67286760.0,0.0,24616,2736.0,0
1730860020000,2737.2,2739.2,2737.0,2738.6,138,113360460.00000001,0.0,24603,2736.8,0
1730860080000,2738.8,2739.8,2737.8,2739.6000000000004,68,55868640.00000001,0.0,24601,2738.6000000000004,0
1730860140000,2739.0,2741.6,2739.0,2739.8,70,57550560.0,0.0,24592,2739.6,0
1730860200000,2739.8,2741.8,2739.4,2741.2000000000003,78,64130640.00000001,0.0,24585,2739.8,0
1730860260000,2740.8,2741.0,2739.0,2739.6,95,78097560.0,0.0,24548,2741.2,0
1730860320000,2739.6000000000004,2739.8,2737.2000000000003,2737.4,75,61607580.0,0.0,24539,2739.6000000000004,0
1730860380000,2737.2000000000003,2738.6,2736.4,2737.2000000000003,87,71439600.00000001,0.0,24540,2737.4,0
1730860440000,2737.2000000000003,2738.8,2734.2000000000003,2735.4,99,81270540.0,0.0,24544,2737.2000000000003,0
1730860500000,2735.2000000000003,2735.4000000000005,2730.6000000000004,2730.8,103,84410280.00000001,0.0,24544,2735.4000000000005,0
1730860560000,2730.4,2732.8,2730.4,2731.2000000000003,77,63102840.00000001,0.0,24550,2730.8,0
1730860620000,2732.0,2732.8,2730.0,2730.6,89,72923400.0,0.0,24567,2731.2,0
1730860680000,2730.8,2730.8,2727.8,2729.0,92,75319440.0,0.0,24570,2730.6000000000004,0
1730860740000,2729.0,2731.0,2729.0,2730.0,107,87635820.00000001,0.0,24585,2729.0,0
1730860800000,2730.0,2731.0,2729.0,2731.0,88,72078480.00000001,0.0,24600,2730.0,0
1730860860000,2730.8,2731.6000000000004,2730.2000000000003,2731.0000000000005,65,53251440.0,0.0,24592,2731.0000000000005,0
1730860920000,2730.8,2732.0000000000005,2729.2000000000003,2731.8,55,45059580.0,0.0,24599,2731.0000000000005,0
1730860980000,2732.0000000000005,2732.4,2730.2000000000003,2732.0000000000005,40,32777880.0,0.0,24603,2731.8,0
1730861040000,2732.4,2734.2000000000003,2732.2000000000003,2733.8,51,41819160.0,0.0,24610,2732.0000000000005,0
1730861100000,2733.2000000000003,2734.4,2732.8,2734.2000000000003,60,49206180.0,0.0,24626,2733.8,0
1730861160000,2734.2000000000003,2735.4,2733.4,2734.4,37,30352440.000000004,0.0,24618,2734.2000000000003,0
1730861220000,2734.0,2735.6,2733.4,2734.0,59,48401940.0,0.0,24609,2734.4,0
1730861280000,2733.8,2734.0,2732.0,2732.0,34,27878040.0,0.0,24608,2734.0,0
1730861340000,2732.6000000000004,2735.8,2732.6000000000004,2735.4000000000005,71,58239240.00000001,0.0,24605,2732.0000000000005,0
1730861400000,2735.8,2736.0,2734.4,2734.4,38,31183140.000000004,0.0,24601,2735.4,0
1730861460000,2734.6000000000004,2734.8,2732.8,2734.2000000000003,55,45109380.0,0.0,24596,2734.4,0
1730861520000,2734.2000000000003,2737.6000000000004,2734.2000000000003,2737.0000000000005,49,40226940.0,0.0,24592,2734.2000000000003,0
1730861580000,2736.4,2737.6,2735.0,2735.6,44,36117900.0,0.0,24585,2737.0,0
1730861640000,2735.8,2735.8,2733.8,2735.2000000000003,45,36920160.0,0.0,24570,2735.6000000000004,0
1730861700000,2734.8,2735.4,2734.0,2734.0,28,22972560.0,0.0,24567,2735.2,0
1730861760000,2734.0,2734.8,2732.8,2732.8,22,18040860.0,0.0,24573,2734.0,0
1730861820000,2732.8,2734.8,2732.8,2734.0,35,28705560.0,0.0,24579,2732.8,0
1730861880000,2734.0,2734.0,2732.0,2732.0,51,41809860.0,0.0,24580,2734.0,0
1730861940000,2731.8,2732.6,2731.0,2732.2,25,20488320.0,0.0,24584,2732.0,0
1730862000000,2732.8,2733.6,2729.4,2730.2000000000003,59,48344400.00000001,0.0,24577,2732.2000000000003,0
1730862060000,2730.0,2730.4,2725.4,2725.6,130,106385340.0,0.0,24558,2730.2000000000003,0
1730862120000,2725.4000000000005,2725.8,2718.6000000000004,2719.6000000000004,312,254910420.00000003,0.0,24529,2725.6000000000004,0
1730862180000,2719.6,2721.4,2717.0,2720.8,185,150907800.0,0.0,24536,2719.6,0
1730862240000,2720.4,2722.6,2720.4,2722.6,120,97982580.0,0.0,24555,2720.8,0
1730862300000,2722.6000000000004,2723.8,2717.6000000000004,2717.6000000000004,101,82421820.00000001,0.0,24561,2722.6000000000004,0
1730862360000,2717.6000000000004,2717.6000000000004,2712.6000000000004,2713.4000000000005,171,139301700.0,0.0,24573,2717.6000000000004,0
1730862420000,2712.6000000000004,2714.8,2712.2000000000003,2713.4,128,104204820.00000001,0.0,24557,2713.4,0
1730862480000,2712.8,2713.0,2708.8,2709.8,142,115473120.00000001,0.0,24561,2713.4,0
1730862540000,2709.8,2712.0,2705.4,2707.6,258,209624820.00000003,0.0,24570,2709.8,0
1730862600000,2707.8,2712.6,2707.4,2711.6,146,118740540.0,0.0,24597,2707.6,0
1730862660000,2711.8,2712.8,2709.2000000000003,2710.4,105,85397700.0,0.0,24614,2711.6000000000004,0
1730862720000,2710.2000000000003,2712.4,2709.2000000000003,2711.2000000000003,93,75634500.00000001,0.0,24622,2710.4,0
1730862780000,2710.0,2710.0,2705.0,2707.8,174,141296220.0,0.0,24651,2711.2,0
1730862840000,2706.6000000000004,2706.6000000000004,2704.2000000000003,2706.2000000000003,109,88460640.0,0.0,24659,2707.8,0
1730862900000,2705.2000000000003,2708.4,2702.2000000000003,2706.2000000000003,140,113649360.0,0.0,24677,2706.2000000000003,0
1730862960000,2706.8,2708.6000000000004,2704.6000000000004,2706.4000000000005,90,73070460.0,0.0,24687,2706.2000000000003,0
1730863020000,2707.0,2708.0,2705.0,2706.2,102,82825680.00000001,0.0,24696,2706.4,0
1730863080000,2706.8,2709.0000000000005,2706.2000000000003,2706.8,82,66609360.00000001,0.0,24703,2706.2000000000003,0
1730863140000,2707.0,2709.8,2707.0,2709.4,90,73135380.0,0.0,24726,2706.8,0
1730863200000,2709.4,2710.4,2706.0,2710.2,81,65824019.99999999,0.0,24736,2709.4,0
1730863260000,2710.8,2711.4000000000005,2708.6000000000004,2709.2000000000003,65,52849980.0,0.0,24751,2710.2000000000003,0
1730863320000,2709.0,2712.8,2707.8,2712.2000000000003,76,61815600.0,0.0,24775,2709.2000000000003,0
1730863380000,2712.4,2717.2000000000003,2712.4,2716.0,96,78168600.00000001,0.0,24773,2712.2000000000003,0
1730863440000,2716.0,2716.4,2714.4,2716.4,75,61095120.0,0.0,24789,2716.0,0
1730863500000,2716.4,2721.0,2716.0,2716.0,125,101936280.0,0.0,24818,2716.4,0
1730863560000,2716.8,2718.8,2715.0,2715.0,81,66018179.99999999,0.0,24836,2716.0,0
1730863620000,2715.6000000000004,2718.2000000000003,2714.2000000000003,2716.4,76,61930260.00000001,0.0,24852,2715.0000000000005,0
1730863680000,2716.6000000000004,2717.6000000000004,2715.8,2716.4,37,30152280.0,0.0,24856,2716.4,0
1730863740000,2717.0,2718.8,2716.8,2717.4,41,33428880.000000004,0.0,24862,2716.4,0
1730863800000,2718.6,2719.2000000000003,2717.4,2719.0,71,57901020.00000001,0.0,24891,2717.4,0
1730869260000,2709.6,2714.8,2706.0,2706.2,386,313904100.0,0.0,24912,2719.0,0
1730869320000,2706.8,2709.6000000000004,2704.6000000000004,2709.0000000000005,121,98259060.0,0.0,24929,2706.2000000000003,0
1730869380000,2708.4,2713.2000000000003,2707.4,2712.8,103,83774580.0,0.0,24945,2709.0,0
1730869440000,2713.2000000000003,2717.8,2713.2000000000003,2717.6000000000004,165,134445540.0,0.0,25004,2712.8,0
1730869500000,2717.6000000000004,2718.4,2714.8,2717.6000000000004,125,101858940.0,0.0,25024,2717.6000000000004,0
1730869560000,2717.8,2719.0,2716.0,2716.0,99,80718000.00000001,0.0,25058,2717.6,0
1730869620000,2717.4000000000005,2718.2000000000003,2715.6000000000004,2716.4000000000005,49,39940320.00000001,0.0,25061,2716.0000000000005,0
1730869680000,2717.0,2717.0,2713.0,2713.4,93,75723000.0,0.0,25067,2716.4,0
1730869740000,2713.6000000000004,2718.4000000000005,2711.6000000000004,2715.4000000000005,75,61099860.0,0.0,25064,2713.4000000000005,0
1730869800000,2714.6000000000004,2717.4000000000005,2713.6000000000004,2715.0000000000005,76,61920120.00000001,0.0,25069,2715.4000000000005,0
1730869860000,2714.0,2714.0,2710.8,2712.4,101,82199160.00000001,0.0,25107,2715.0,0
1730869920000,2712.4,2714.2000000000003,2711.2000000000003,2714.2000000000003,77,62660220.0,0.0,25125,2712.4,0
1730869980000,2714.2000000000003,2716.6000000000004,2713.8,2715.4,59,48061140.00000001,0.0,25144,2714.2000000000003,0
1730870040000,2715.0000000000005,2716.6000000000004,2714.6000000000004,2716.4000000000005,45,36659460.0,0.0,25154,2715.4000000000005,0
1730870100000,2716.6000000000004,2717.6000000000004,2714.2000000000003,2716.0000000000005,52,42368040.0,0.0,25159,2716.4,0
1730870160000,2715.8,2716.2000000000003,2714.6000000000004,2714.8,30,24438480.0,0.0,25167,2716.0000000000005,0
1730870220000,2715.8,2716.8,2714.0,2714.8,75,61096380.0,0.0,25175,2714.8,0
1730870280000,2715.4,2716.0,2715.0,2715.2,98,79825020.0,0.0,25238,2714.8,0
1730870340000,2715.2000000000003,2716.6000000000004,2714.8,2716.0,42,34218960.0,0.0,25246,2715.2000000000003,0
1730870400000,2715.6,2716.2000000000003,2711.4,2711.8,45,36628260.0,0.0,25259,2716.0,0
1730870460000,2712.6000000000004,2713.0000000000005,2710.6000000000004,2712.8,91,74040120.0,0.0,25265,2711.8,0
1730870520000,2712.8,2713.8,2711.4,2712.0,36,29296380.000000004,0.0,25267,2712.8,0
1730870580000,2711.2000000000003,2712.2000000000003,2710.2000000000003,2711.0000000000005,36,29277840.000000004,0.0,25280,2712.0000000000005,0
1730870640000,2711.4,2713.6000000000004,2711.2000000000003,2711.6000000000004,44,35803680.0,0.0,25280,2711.0000000000005,0
1730870700000,2711.2000000000003,2711.8,2709.6000000000004,2710.4000000000005,55,44724120.0,0.0,25286,2711.6000000000004,0
1730870760000,2710.6000000000004,2711.6000000000004,2709.6000000000004,2711.6000000000004,23,18703560.0,0.0,25294,2710.4000000000005,0
1730870820000,2711.6,2712.2,2710.0,2711.2,23,18706200.000000004,0.0,25295,2711.6,0
1730870880000,2711.0,2712.8,2710.4,2710.4,31,25216800.0,0.0,25301,2711.2000000000003,0
1730870940000,2710.8,2710.8,2707.6000000000004,2708.0000000000005,58,47129760.00000001,0.0,25317,2710.4000000000005,0
1730871000000,2707.8,2710.2000000000003,2707.8,2710.2000000000003,47,38198460.0,0.0,25325,2708.0,0
1730871060000,2710.0,2710.8,2708.8,2709.8,48,39020760.00000001,0.0,25329,2710.2000000000003,0
1730871120000,2710.0,2712.8,2710.0,2712.4,53,43118760.00000001,0.0,25341,2709.8,0
1730871180000,2712.4,2713.2000000000003,2711.4,2712.0,38,30918780.0,0.0,25346,2712.4,0
1730871240000,2713.2,2713.8,2712.0,2712.2,26,21160500.000000004,0.0,25353,2712.0,0
1730871300000,2712.2000000000003,2713.0000000000005,2712.2000000000003,2712.8,16,13020660.000000002,0.0,25358,2712.2000000000003,0
1730871360000,2713.0,2713.8,2712.8,2713.0,12,9767700.000000002,0.0,25356,2712.8,0
1730871420000,2713.2000000000003,2715.2000000000003,2713.2000000000003,2715.2000000000003,27,21984780.000000004,0.0,25356,2713.0000000000005,0
1730871480000,2713.8,2714.4000000000005,2713.6000000000004,2714.4000000000005,17,13841100.0,0.0,25362,2715.2000000000003,0
1730871540000,2713.4,2716.0,2713.4,2716.0,32,26062020.000000004,0.0,25355,2714.4,0
1730871600000,2716.0,2716.6000000000004,2714.8,2715.0,35,28513140.0,0.0,25350,2716.0,0
1730871660000,2715.6000000000004,2717.8,2715.6000000000004,2717.8,45,36676560.0,0.0,25353,2715.0000000000005,0
1730871720000,2718.0,2718.4,2716.8,2717.2000000000003,48,39133920.00000001,0.0,25370,2717.8,0
1730871780000,2716.8,2717.0,2715.8,2716.8,27,22003260.000000004,0.0,25373,2717.2000000000003,0
1730871840000,2716.8,2716.8,2715.0,2715.4,22,17923200.0,0.0,25375,2716.8,0
1730871900000,2715.6,2717.8,2715.4,2717.6,19,15484560.000000002,0.0,25381,2715.4,0
1730871960000,2717.8,2718.0,2716.4,2718.0,32,26088480.0,0.0,25393,2717.6,0
1730872020000,2718.6000000000004,2722.8,2718.6000000000004,2722.4000000000005,135,110215140.0,0.0,25399,2718.0000000000005,0
1730872080000,2723.0,2725.6,2722.4,2724.8,146,119320920.00000001,0.0,25417,2722.4,0
1730872140000,2724.4,2725.8,2723.2000000000003,2724.6000000000004,82,67024320.00000001,0.0,25420,2724.8,0
1730872200000,2724.4,2726.4,2724.4,2726.0,60,49059120.0,0.0,25432,2724.6,0
1730872260000,2726.2,2726.2,2724.0,2724.8,90,73579380.0,0.0,25435,2726.0,0
1730872320000,2724.8,2729.0,2724.8,2728.0,81,66277200.0,0.0,25448,2724.8,0
1730872380000,2727.6000000000004,2728.0000000000005,2723.2000000000003,2723.2000000000003,76,62139000.00000001,0.0,25452,2728.0000000000005,0
1730872440000,2723.6000000000004,2725.0000000000005,2723.2000000000003,2723.8,54,44131140.0,0.0,25471,2723.2000000000003,0
1730872500000,2724.0000000000005,2726.0000000000005,2722.2000000000003,2725.4,80,65389560.0,0.0,25467,2723.8,0
1730872560000,2725.0,2729.6,2725.0,2727.0,128,104738940.0,0.0,25488,2725.4,0
1730872620000,2727.2000000000003,2727.6000000000004,2723.6000000000004,2727.4000000000005,137,112027380.0,0.0,25510,2727.0000000000005,0
1730872680000,2727.2000000000003,2731.2000000000003,2727.2000000000003,2728.8,146,119583540.0,0.0,25526,2727.4,0
1730872740000,2728.2000000000003,2730.0000000000005,2727.2000000000003,2727.2000000000003,120,98236200.0,0.0,25586,2728.8,0
1730872800000,2726.6000000000004,2726.6000000000004,2722.8,2722.8,79,64587060.0,0.0,25609,2727.2000000000003,0
1730872860000,2722.2000000000003,2726.0000000000005,2722.2000000000003,2723.4,56,45766620.00000001,0.0,25617,2722.8,0
1730872920000,2724.2000000000003,2725.8,2724.2000000000003,2724.4,40,32697240.0,0.0,25629,2723.4,0
1730872980000,2725.0,2725.0,2721.0,2721.8,81,66156599.99999999,0.0,25650,2724.4,0
1730873040000,2722.8,2724.4,2722.0,2724.2,65,53106360.0,0.0,25684,2721.8,0
1730873100000,2724.4,2729.6000000000004,2724.2000000000003,2727.4,120,98179560.0,0.0,25739,2724.2000000000003,0
1730873160000,2727.4,2728.8,2727.2000000000003,2727.8,34,27826440.000000004,0.0,25751,2727.4,0
1730873220000,2728.0000000000005,2729.4,2726.2000000000003,2726.2000000000003,37,30276060.0,0.0,25766,2727.8,0
1730873280000,2726.4,2728.2000000000003,2726.4,2727.2000000000003,27,22089840.000000004,0.0,25781,2726.2000000000003,0
1730873340000,2727.4,2727.4,2725.8,2726.2000000000003,26,21267180.000000004,0.0,25787,2727.2000000000003,0
1730873400000,2726.0000000000005,2726.2000000000003,2721.2000000000003,2724.6000000000004,94,76801740.0,0.0,25826,2726.2000000000003,0
1730873460000,2725.8,2726.6000000000004,2724.6000000000004,2726.4000000000005,23,18808200.000000004,0.0,25832,2724.6000000000004,0
1730873520000,2726.0,2726.2000000000003,2724.4,2725.2000000000003,30,24528420.0,0.0,25840,2726.4,0
1730873580000,2725.8,2727.0,2725.4,2726.2000000000003,26,21265140.0,0.0,25847,2725.2000000000003,0
1730873640000,2726.4,2728.0,2725.8,2727.8,28,22905180.0,0.0,25847,2726.2000000000003,0
1730873700000,2727.6000000000004,2729.0,2726.8,2729.0,30,24551820.0,0.0,25858,2727.8,0
1730873760000,2728.8,2729.4,2728.0,2729.0,28,22920720.0,0.0,25860,2729.0,0
1730873820000,2729.2,2729.2,2727.0,2728.0,43,35189760.0,0.0,25874,2729.0,0
1730873880000,2728.4,2729.0,2728.0,2728.4,14,11459340.0,0.0,25887,2728.0,0
1730873940000,2728.4,2728.4,2726.0,2726.0,32,26177400.0,0.0,25901,2728.4,0
1730874000000,2725.2000000000003,2725.2000000000003,2723.4,2723.4,35,28604580.0,0.0,25914,2726.0,0
1730874060000,2724.2000000000003,2726.0000000000005,2723.6000000000004,2724.8,35,28611600.0,0.0,25920,2723.4000000000005,0
1730874120000,2725.8,2726.6000000000004,2723.2000000000003,2723.4,33,26974980.0,0.0,25931,2724.8,0
1730874180000,2723.8,2724.2000000000003,2722.4,2724.2000000000003,27,22061100.0,0.0,25939,2723.4,0
1730874240000,2723.8,2724.2,2723.0,2723.8,24,19610100.000000004,0.0,25957,2724.2,0
1730874300000,2723.2000000000003,2723.2000000000003,2720.6000000000004,2721.2000000000003,36,29394540.0,0.0,25973,2723.8,0
1730874360000,2720.6000000000004,2721.2000000000003,2717.6000000000004,2717.8,107,87297360.0,0.0,26002,2721.2000000000003,0
1730874420000,2717.6,2717.6,2716.4,2717.2000000000003,56,45647280.00000001,0.0,26024,2717.8,0
1730874480000,2717.2000000000003,2717.2000000000003,2713.8,2715.2000000000003,101,82276740.00000001,0.0,26054,2717.2000000000003,0
1730874540000,2714.8,2715.2,2713.0,2714.8,99,80609400.00000001,0.0,26090,2715.2,0
1730874600000,2714.6000000000004,2716.0000000000005,2713.6000000000004,2713.6000000000004,109,88774380.0,0.0,26125,2714.8,0
1730874660000,2713.4,2714.4,2712.8,2713.0,52,42329280.0,0.0,26145,2713.6000000000004,0
1730874720000,2713.4000000000005,2713.4000000000005,2710.6000000000004,2711.2000000000003,81,65896980.0,0.0,26158,2713.0000000000005,0
1730874780000,2711.6,2711.6,2708.0,2709.2,152,123555900.00000001,0.0,26204,2711.2,0
1730874840000,2709.8,2712.2000000000003,2708.8,2711.4,80,65048700.0,0.0,26243,2709.2000000000003,0
1730874900000,2711.2000000000003,2711.6000000000004,2709.6000000000004,2711.2000000000003,49,39843900.0,0.0,26256,2711.4000000000005,0
1730874960000,2711.2000000000003,2711.4,2705.8,2708.0,95,77183280.0,0.0,26294,2711.2000000000003,0
1730875020000,2707.8,2711.2000000000003,2707.8,2709.8,69,56077920.0,0.0,26321,2708.0,0
1730875080000,2710.6000000000004,2711.0000000000005,2709.2000000000003,2709.2000000000003,54,43901220.00000001,0.0,26355,2709.8,0
1730875140000,2709.0,2711.4,2708.8,2711.0,44,35771580.0,0.0,26382,2709.2000000000003,0
1730875200000,2711.0000000000005,2711.6000000000004,2709.6000000000004,2710.6000000000004,43,34964219.99999999,0.0,26395,2711.0000000000005,0
1730875260000,2710.8,2710.8,2707.8,2708.6000000000004,224,182024220.0,0.0,26397,2710.6000000000004,0
1730875320000,2708.6000000000004,2708.6000000000004,2705.8,2705.8,125,101528700.0,0.0,26404,2708.6000000000004,0
1730875380000,2706.2,2708.4,2705.0,2707.6,98,79588140.0,0.0,26447,2705.8,0
1730875440000,2707.4,2708.0,2705.8,2705.8,48,38980200.00000001,0.0,26471,2707.6000000000004,0
1730875500000,2705.8,2705.8,2701.2000000000003,2701.4,115,93259920.0,0.0,26516,2705.8,0
1730875560000,2701.0000000000005,2701.0000000000005,2695.2000000000003,2696.8,285,230688960.0,0.0,26640,2701.4,0
1730875620000,2697.0000000000005,2704.4,2696.2000000000003,2702.0000000000005,349,282833040.0,0.0,26830,2696.8,0
1730875680000,2701.8,2702.8,2698.2000000000003,2701.4,229,185542440.00000003,0.0,26966,2702.0000000000005,0
1730875740000,2701.8,2709.6000000000004,2701.8,2709.2000000000003,307,249199260.00000003,0.0,27153,2701.4,0
1730875800000,2709.0,2709.8,2706.4,2706.8,129,104811420.0,0.0,27213,2709.2000000000003,0
1730875860000,2707.0,2710.2,2707.0,2709.2,160,130061220.0,0.0,27214,2706.8,0
1730875920000,2709.2000000000003,2710.8,2707.2000000000003,2710.8,80,65023020.0,0.0,27237,2709.2000000000003,0
1730875980000,2711.2,2711.4,2709.0,2710.6,77,62609940.0,0.0,27255,2710.8,0
1730876040000,2709.8,2711.8,2709.2000000000003,2711.6000000000004,64,52047780.00000001,0.0,27279,2710.6000000000004,0
1730876100000,2711.6,2712.8,2711.0,2712.2,58,47184540.00000001,0.0,27303,2711.6,0
1730876160000,2713.0000000000005,2716.0000000000005,2712.2000000000003,2716.0000000000005,153,124577880.00000001,0.0,27355,2712.2000000000003,0
1730876220000,2716.2000000000003,2717.2000000000003,2714.4,2716.6,99,80655060.0,0.0,27397,2716.0,0
1730876280000,2717.2000000000003,2717.4,2715.4,2715.4,84,68457720.0,0.0,27431,2716.6,0
1730876340000,2715.8,2716.8,2714.6000000000004,2715.0000000000005,114,92877240.0,0.0,27494,2715.4000000000005,0
1730876400000,2714.6,2716.6,2710.0,2713.4,176,143351280.0,2711.8,27586,2715.0,0
1730943000000,2694.6000000000004,2694.6000000000004,2694.6000000000004,2694.6000000000004,68,54969840.00000001,0.0,27555,2713.4000000000005,0
1730943060000,2695.8,2709.0,2695.8,2708.2000000000003,918,744212760.0000001,0.0,27072,2694.6000000000004,0
1730943120000,2707.6,2712.8,2706.0,2712.8,404,328338000.00000006,0.0,26877,2708.2,0
1730943180000,2713.0,2719.0,2712.0,2718.6,394,320993100.00000006,0.0,26685,2712.8,0
1730943240000,2718.8,2722.8,2714.0,2721.4,273,222623760.0,0.0,26548,2718.6,0
1730943300000,2721.4,2722.4,2715.0,2716.6,498,406088460.0,0.0,26368,2721.4,0
1730943360000,2716.6000000000004,2717.6000000000004,2714.6000000000004,2716.4000000000005,179,145844580.0,0.0,26283,2716.6000000000004,0
1730943420000,2715.8,2718.8,2713.4,2718.0,197,160520520.00000003,0.0,26212,2716.4,0
1730943480000,2718.6000000000004,2721.8,2716.6000000000004,2717.4000000000005,244,199027440.0,0.0,26082,2718.0000000000005,0
1730943540000,2717.4,2719.2000000000003,2714.4,2716.2000000000003,262,213551820.00000003,0.0,25977,2717.4,0
1730943600000,2716.2000000000003,2716.4,2711.2000000000003,2712.6000000000004,192,156299520.00000003,0.0,25898,2716.2000000000003,0
1730943660000,2712.2,2714.8,2712.0,2714.4,184,149783640.0,0.0,25792,2712.6,0
1730943720000,2713.6,2718.4,2712.4,2716.4,158,128710680.00000001,0.0,25746,2714.4,0
1730943780000,2715.8,2716.8,2712.8,2714.6000000000004,86,70036080.0,0.0,25700,2716.4,0
1730943840000,2715.0000000000005,2717.8,2713.6000000000004,2714.6000000000004,117,95298480.00000001,0.0,25643,2714.6000000000004,0
1730943900000,2714.6,2716.8,2714.4,2715.6,164,133600980.00000001,0.0,25573,2714.6,0
1730943960000,2715.8,2718.6000000000004,2715.2000000000003,2718.0000000000005,136,110848740.00000001,0.0,25497,2715.6000000000004,0
1730944020000,2717.4,2717.8,2715.2000000000003,2716.2000000000003,131,106758420.00000001,0.0,25432,2718.0000000000005,0
1730944080000,2717.0,2720.4,2716.4,2720.0,96,78279600.00000001,0.0,25384,2716.2000000000003,0
1730944140000,2720.6000000000004,2723.8,2720.6000000000004,2722.4000000000005,135,110254740.0,0.0,25315,2720.0000000000005,0
1730944200000,2723.2000000000003,2727.4,2722.2000000000003,2727.4,116,94796400.0,0.0,25248,2722.4,0
1730944260000,2727.4,2728.4,2721.0,2722.2,302,246830040.00000003,0.0,25093,2727.4,0
1730944320000,2722.2000000000003,2723.8,2719.8,2719.8,143,116754480.0,0.0,25032,2722.2000000000003,0
1730944380000,2719.8,2722.2000000000003,2719.2000000000003,2720.2000000000003,85,69379860.0,0.0,24999,2719.8,0
1730944440000,2719.8,2724.8,2719.8,2721.4,83,67794960.0,0.0,24969,2720.2000000000003,0
1730944500000,2721.6000000000004,2722.6000000000004,2719.2000000000003,2720.8,101,82442700.0,0.0,24929,2721.4,0
1730944560000,2719.8,2726.4,2719.8,2726.4,170,138910320.0,0.0,24904,2720.8,0
1730944620000,2726.0000000000005,2726.8,2723.2000000000003,2724.0000000000005,62,50679480.0,0.0,24884,2726.4,0
1730944680000,2724.4,2725.8,2724.2000000000003,2725.0000000000005,66,53957580.00000001,0.0,24863,2724.0000000000005,0
1730944740000,2725.0000000000005,2725.0000000000005,2721.6000000000004,2721.8,77,62909460.0,0.0,24840,2725.0000000000005,0
1730944800000,2722.2,2725.0,2720.0,2725.0,104,84941640.0,0.0,24784,2721.8,0
1730944860000,2725.0,2731.6,2725.0,2729.0,225,184163640.0,0.0,24697,2725.0,0
1730944920000,2729.2000000000003,2732.4,2728.8,2731.4,209,171209700.0,0.0,24651,2729.0,0
1730944980000,2731.6000000000004,2733.4000000000005,2730.6000000000004,2732.2000000000003,244,199975320.00000003,0.0,24622,2731.4000000000005,0
1730945040000,2732.0,2732.0,2729.4,2730.2000000000003,142,116323140.00000001,0.0,24577,2732.2000000000003,0
1730945100000,2731.2000000000003,2734.8,2730.6000000000004,2734.4000000000005,121,99214620.00000001,0.0,24543,2730.2000000000003,0
1730945160000,2735.4,2739.0,2735.4,2738.0,165,135498240.0,0.0,24498,2734.4,0
1730945220000,2736.8,2738.2000000000003,2735.4,2737.2000000000003,145,119054340.0,0.0,24482,2738.0,0
1730945280000,2736.6,2736.8,2734.4,2735.2000000000003,97,79602600.00000001,0.0,24458,2737.2000000000003,0
1730945340000,2735.2,2741.6,2735.0,2738.4,162,133127280.0,0.0,24423,2735.2,0
1730945400000,2738.6,2738.8,2733.4,2736.4,147,120640920.0,0.0,24405,2738.4,0
1730945460000,2736.6,2738.4,2736.0,2737.2,167,137136060.0,0.0,24380,2736.4,0
1730945520000,2737.8,2739.2000000000003,2735.6000000000004,2736.4000000000005,102,83779380.00000001,0.0,24371,2737.2000000000003,0
1730945580000,2736.6000000000004,2741.0000000000005,2736.6000000000004,2740.4000000000005,99,81362280.0,0.0,24375,2736.4000000000005,0
1730945640000,2739.4,2741.2000000000003,2738.2000000000003,2738.2000000000003,113,92888940.0,0.0,24398,2740.4,0
1730945700000,2738.2000000000003,2741.4,2737.2000000000003,2740.2000000000003,103,84662940.00000001,0.0,24391,2738.2000000000003,0
1730945760000,2740.2000000000003,2740.8,2734.4,2734.4,138,113387640.00000001,0.0,24343,2740.2000000000003,0
1730945820000,2734.4,2736.2000000000003,2733.2000000000003,2736.0000000000005,126,103362060.00000001,0.0,24291,2734.4,0
1730945880000,2736.4,2739.6000000000004,2735.8,2739.0,89,73111140.00000001,0.0,24274,2736.0,0
1730945940000,2739.6000000000004,2747.0000000000005,2739.6000000000004,2747.0000000000005,185,152256000.0,0.0,24283,2739.0000000000005,0
1730946000000,2747.4,2750.6,2745.4,2746.4,355,292722000.0,0.0,24333,2747.0,0
1730946060000,2745.8,2745.8,2742.6000000000004,2744.0000000000005,186,153126180.0,0.0,24340,2746.4000000000005,0
1730946120000,2743.6000000000004,2747.0,2741.8,2746.2000000000003,141,116098380.00000001,0.0,24338,2744.0,0
1730946180000,2746.2000000000003,2746.2000000000003,2742.6000000000004,2744.4000000000005,106,87261600.00000001,0.0,24329,2746.2000000000003,0
1730946240000,2745.2000000000003,2745.2000000000003,2740.4,2740.6,72,59231880.0,0.0,24319,2744.4,0
1730946300000,2741.2000000000003,2741.2000000000003,2737.4,2737.6,100,82178700.0,0.0,24317,2740.6,0
1730946360000,2737.8,2740.4,2737.2000000000003,2737.2000000000003,73,59986440.00000001,0.0,24323,2737.6000000000004,0
1730946420000,2737.2000000000003,2737.2000000000003,2735.4,2735.8,103,84544500.0,0.0,24300,2737.2000000000003,0
1730946480000,2735.4,2737.0,2733.8,2736.4,105,86165460.0,0.0,24304,2735.8,0
1730946540000,2736.2000000000003,2736.2000000000003,2733.8,2736.2000000000003,58,47587980.0,0.0,24296,2736.4,0
1730946600000,2736.0,2736.0,2733.4,2734.0,89,73003800.00000001,0.0,24308,2736.2000000000003,0
1730946660000,2734.4,2737.2000000000003,2733.4,2735.8,111,91095360.00000001,0.0,24292,2734.0,0
1730946720000,2736.0000000000005,2736.0000000000005,2731.6000000000004,2736.0000000000005,123,100867500.0,0.0,24289,2735.8,0
1730946780000,2736.0,2737.4,2734.8,2736.6000000000004,86,70594440.0,0.0,24299,2736.0,0
1730946840000,2738.4000000000005,2738.4000000000005,2734.6000000000004,2736.8,152,124785060.00000001,0.0,24318,2736.6000000000004,0
1730946900000,2737.0,2739.2,2737.0,2739.0,93,76399980.00000001,0.0,24338,2736.8,0
1730946960000,2738.8,2738.8,2733.0,2734.0,56,45953580.0,0.0,24337,2739.0,0
1730947020000,2734.0,2735.8,2732.0,2734.6,76,62324040.0,0.0,24327,2734.0,0
1730947080000,2734.2000000000003,2738.0000000000005,2734.2000000000003,2736.4,122,100160400.00000001,0.0,24356,2734.6000000000004,0
1730947140000,2737.0000000000005,2738.8,2736.6000000000004,2738.2000000000003,70,57491220.0,0.0,24369,2736.4000000000005,0
1730947200000,2738.2000000000003,2739.8,2738.2000000000003,2739.2000000000003,62,50947920.0,0.0,24379,2738.2000000000003,0
1730947260000,2738.8,2741.0,2738.8,2740.6000000000004,33,27127800.0,0.0,24384,2739.2000000000003,0
1730947320000,2740.6,2741.0,2740.0,2740.4,40,32883480.0,0.0,24391,2740.6,0
1730947380000,2740.6000000000004,2742.6000000000004,2740.6000000000004,2742.6000000000004,44,36186480.0,0.0,24394,2740.4000000000005,0
1730947440000,2741.8,2741.8,2739.8,2739.8,52,42756540.0,0.0,24404,2742.6000000000004,0
1730947500000,2739.8,2741.2000000000003,2738.6000000000004,2740.0000000000005,44,36170280.0,0.0,24409,2739.8,0
1730947560000,2740.0000000000005,2740.6000000000004,2738.2000000000003,2738.2000000000003,47,38628360.0,0.0,24405,2740.0000000000005,0
1730947620000,2738.4000000000005,2740.2000000000003,2735.6000000000004,2740.0000000000005,72,59129760.0,0.0,24405,2738.2000000000003,0
1730947680000,2739.6000000000004,2739.6000000000004,2735.8,2737.2000000000003,60,49272120.0,0.0,24408,2740.0,0
1730947740000,2736.6,2737.2000000000003,2735.4,2736.4,39,32016240.000000004,0.0,24415,2737.2000000000003,0
1730947800000,2737.0,2739.4,2736.0,2738.4,47,38595060.00000001,0.0,24416,2736.4,0
1730947860000,2739.2000000000003,2740.4,2738.4,2739.2000000000003,67,55060680.0,0.0,24418,2738.4,0
1730947920000,2739.6000000000004,2741.6000000000004,2738.6000000000004,2740.8,45,36993420.0,0.0,24423,2739.2000000000003,0
1730947980000,2740.6000000000004,2745.4000000000005,2740.6000000000004,2743.8,88,72432000.0,0.0,24399,2740.8,0
1730948040000,2744.4,2745.6,2744.0,2745.4,85,69991980.0,0.0,24393,2743.8,0
1730948100000,2745.2,2747.8,2745.0,2747.0,88,72503040.00000001,0.0,24387,2745.4,0
1730948160000,2747.2000000000003,2747.4000000000005,2743.6000000000004,2744.2000000000003,89,73303200.00000001,0.0,24374,2747.0000000000005,0
1730948220000,2745.0000000000005,2745.2000000000003,2744.2000000000003,2744.2000000000003,53,43639320.0,0.0,24359,2744.2000000000003,0
1730948280000,2744.0000000000005,2746.0000000000005,2743.6000000000004,2745.2000000000003,27,22233480.000000004,0.0,24359,2744.2000000000003,0
1730948340000,2744.8,2750.8,2744.4,2750.8,103,84913740.00000001,0.0,24359,2745.2000000000003,0
1730948400000,2750.8,2751.0,2747.0,2748.2,85,70091040.0,0.0,24355,2750.8,0
1730948460000,2747.4,2748.0000000000005,2745.2000000000003,2748.0000000000005,173,142559760.0,0.0,24324,2748.2000000000003,0
1730948520000,2747.6000000000004,2751.0,2746.8,2747.4,97,80003640.00000001,0.0,24342,2748.0,0
1730948580000,2748.2000000000003,2751.0000000000005,2747.6000000000004,2750.4000000000005,130,107253420.0,0.0,24407,2747.4000000000005,0
1730948640000,2750.8,2753.4,2749.2000000000003,2752.4,183,151059240.00000003,0.0,24465,2750.4,0
1730948700000,2752.0,2752.2000000000003,2745.8,2745.8,106,87406380.0,0.0,24476,2752.4,0
1730948760000,2745.4,2745.8,2743.2000000000003,2745.6000000000004,104,85626300.0,0.0,24478,2745.8,0
1730948820000,2745.8,2748.0000000000005,2745.6000000000004,2746.2000000000003,80,65918760.0,0.0,24495,2745.6000000000004,0
1730948880000,2746.2000000000003,2747.0,2744.4,2746.4,37,30477840.0,0.0,24502,2746.2000000000003,0
1730948940000,2746.0,2747.4,2745.8,2746.6000000000004,27,22246920.0,0.0,24513,2746.4,0
1730949000000,2747.2,2747.2,2745.0,2746.8,39,32130240.0,0.0,24520,2746.6,0
1730949060000,2747.0,2750.2000000000003,2746.8,2749.4,77,63500040.0,0.0,24521,2746.8,0
1730949120000,2749.8,2750.2000000000003,2747.8,2748.8,33,27212640.000000004,0.0,24522,2749.4,0
1730949180000,2748.2000000000003,2750.0,2747.8,2747.8,39,32158500.000000004,0.0,24528,2748.8,0
1730949240000,2747.6,2749.6,2746.4,2748.4,65,53584800.0,0.0,24532,2747.8,0
1730949300000,2747.8,2749.2000000000003,2746.8,2746.8,62,51109020.0,0.0,24543,2748.4,0
1730949360000,2746.8,2749.8,2745.2000000000003,2748.4,55,45342060.0,0.0,24545,2746.8,0
1730949420000,2748.2000000000003,2748.8,2747.4,2748.8,36,29681640.0,0.0,24548,2748.4,0
1730949480000,2748.4000000000005,2748.8,2746.6000000000004,2746.8,44,36269640.0,0.0,24546,2748.8,0
1730949540000,2746.4,2747.6000000000004,2745.2000000000003,2747.6000000000004,94,77439240.0,0.0,24562,2746.8,0
1730949600000,2747.2000000000003,2748.4000000000005,2746.6000000000004,2747.2000000000003,32,26375760.000000004,0.0,24567,2747.6000000000004,0
1730949660000,2747.0000000000005,2747.2000000000003,2743.6000000000004,2743.8,41,33762540.0,0.0,24571,2747.2000000000003,0
1730949720000,2743.8,2745.0,2742.0,2743.0,61,50202840.00000001,0.0,24572,2743.8,0
1730949780000,2743.2000000000003,2744.0000000000005,2742.2000000000003,2743.4,23,18928200.0,0.0,24575,2743.0000000000005,0
1730949840000,2744.0000000000005,2744.4000000000005,2743.6000000000004,2743.6000000000004,26,21403440.0,0.0,24585,2743.4000000000005,0
1730949900000,2743.4,2744.2000000000003,2742.4,2743.6,43,35387280.0,0.0,24594,2743.6,0
1730949960000,2743.2000000000003,2743.8,2741.4,2743.0,99,81460920.0,0.0,24570,2743.6,0
1730950020000,2743.2000000000003,2743.4,2738.8,2739.6000000000004,179,147135240.0,0.0,24587,2743.0,0
1730950080000,2739.8,2744.8,2739.4,2744.8,95,78124740.0,0.0,24609,2739.6,0
1730950140000,2745.0,2745.4,2743.4,2744.4,32,26346060.0,0.0,24612,2744.8,0
1730950200000,2744.2000000000003,2746.4,2743.2000000000003,2745.8,117,96324900.00000001,0.0,24609,2744.4,0
1730955660000,2747.4,2750.6,2747.0,2748.4,205,169039080.0,0.0,24642,2745.8,0
1730955720000,2749.4,2749.8,2747.4,2747.4,98,80807820.00000001,0.0,24622,2748.4,0
1730955780000,2748.2000000000003,2750.2000000000003,2747.6000000000004,2749.2000000000003,43,35464139.99999999,0.0,24632,2747.4000000000005,0
1730955840000,2749.2000000000003,2750.4000000000005,2745.6000000000004,2746.6000000000004,144,118723260.0,0.0,24668,2749.2000000000003,0
1730955900000,2746.8,2746.8,2744.0,2745.0,67,55172040.0,0.0,24675,2746.6,0
1730955960000,2745.4,2748.0,2744.8,2748.0,53,43667460.0,0.0,24685,2745.0,0
1730956020000,2748.4,2748.8,2747.0,2748.8,51,42044580.0,0.0,24704,2748.0,0
1730956080000,2748.8,2752.4,2748.2000000000003,2752.4,84,69305640.0,0.0,24726,2748.8,0
1730956140000,2752.4,2756.6,2752.4,2755.4,180,148739880.0,0.0,24747,2752.4,0
1730956200000,2756.0,2757.0,2754.0,2757.0,162,133933259.99999999,0.0,24720,2755.4,0
1730956260000,2757.4,2757.4,2755.0,2756.4,87,71938860.00000001,0.0,24718,2757.0,0
1730956320000,2756.6000000000004,2760.8,2756.2000000000003,2760.2000000000003,200,165495960.0,0.0,24697,2756.4,0
1730956380000,2760.6000000000004,2760.6000000000004,2757.2000000000003,2757.4,184,152278800.0,0.0,24676,2760.2000000000003,0
1730956440000,2757.2000000000003,2758.0000000000005,2756.2000000000003,2756.8,88,72786840.00000001,0.0,24675,2757.4,0
1730956500000,2756.6000000000004,2757.8,2755.2000000000003,2756.8,78,64498500.00000001,0.0,24693,2756.8,0
1730956560000,2756.8,2761.4,2756.8,2759.8,301,249179220.0,0.0,24714,2756.8,0
1730956620000,2759.4,2763.0,2759.4,2762.2000000000003,201,166522620.0,0.0,24723,2759.8,0
1730956680000,2762.2000000000003,2762.2000000000003,2758.8,2759.4,212,175567980.00000003,0.0,24712,2762.2000000000003,0
1730956740000,2760.6000000000004,2762.0000000000005,2757.2000000000003,2758.2000000000003,151,124993140.00000001,0.0,24732,2759.4,0
1730956800000,2758.2000000000003,2758.2000000000003,2755.4,2757.8,94,77736480.0,0.0,24740,2758.2000000000003,0
1730956860000,2758.4,2761.8,2758.2000000000003,2760.4,173,143258040.0,0.0,24767,2757.8,0
1730956920000,2759.8,2760.2,2758.0,2759.6,81,67045440.0,0.0,24771,2760.4,0
1730956980000,2759.6,2759.6,2757.4,2758.0,48,39720720.00000001,0.0,24780,2759.6,0
1730957040000,2757.4,2759.8,2757.4,2757.8,141,116680200.00000001,0.0,24795,2758.0,0
1730957100000,2757.8,2757.8,2756.2000000000003,2756.6000000000004,59,48798720.0,0.0,24824,2757.8,0
1730957160000,2757.2,2757.8,2753.0,2753.2,100,82650360.0,0.0,24849,2756.6,0
1730957220000,2753.0000000000005,2753.0000000000005,2750.6000000000004,2751.2000000000003,115,94923480.0,0.0,24883,2753.2000000000003,0
1730957280000,2751.4,2752.8,2750.8,2751.0,90,74295660.0,0.0,24934,2751.2000000000003,0
1730957340000,2751.8,2751.8,2748.4,2749.8,100,82506300.0,0.0,24977,2751.0,0
1730957400000,2749.8,2750.0,2747.0,2748.6,102,84096900.00000001,0.0,25011,2749.8,0
1730957460000,2748.4,2751.6,2748.4,2750.6,99,81670380.00000001,0.0,25058,2748.6,0
1730957520000,2750.6000000000004,2752.6000000000004,2749.6000000000004,2752.4000000000005,80,66017400.0,0.0,25078,2750.6000000000004,0
1730957580000,2752.4,2752.6,2751.0,2751.0,41,33850260.00000001,0.0,25091,2752.4,0
1730957640000,2750.8,2753.2000000000003,2750.8,2753.0,55,45407880.0,0.0,25096,2751.0,0
1730957700000,2752.8,2753.0,2751.4,2751.8,32,26420880.000000004,0.0,25105,2753.0,0
1730957760000,2752.4,2753.6,2752.4,2753.4,26,21474240.000000004,0.0,25116,2751.8,0
1730957820000,2753.8,2754.0,2752.8,2753.6000000000004,43,35522280.0,0.0,25137,2753.4,0
1730957880000,2752.6,2752.6,2751.0,2751.0,35,28895160.0,0.0,25152,2753.6,0
1730957940000,2750.6000000000004,2754.0000000000005,2750.6000000000004,2754.0000000000005,46,37973820.00000001,0.0,25162,2751.0000000000005,0
1730958000000,2754.2,2757.0,2754.0,2756.4,67,55391580.0,0.0,25193,2754.0,0
1730958060000,2756.4000000000005,2758.0000000000005,2755.6000000000004,2756.2000000000003,43,35561640.0,0.0,25208,2756.4000000000005,0
1730958120000,2755.6,2757.6,2755.4,2756.4,39,32248560.000000004,0.0,25228,2756.2000000000003,0
1730958180000,2756.8,2761.6000000000004,2756.8,2761.2000000000003,120,99354540.0,0.0,25275,2756.4,0
1730958240000,2761.6,2761.6,2760.0,2760.2,72,59631480.0,0.0,25296,2761.2,0
1730958300000,2760.8,2765.4,2760.4,2764.8,116,96166140.0,0.0,25327,2760.2000000000003,0
1730958360000,2766.0,2767.0,2763.8,2764.0,165,136894380.0,0.0,25388,2764.8,0
1730958420000,2763.8,2768.8,2763.8,2768.2000000000003,213,176828100.0,0.0,25492,2764.0,0
1730958480000,2768.4,2769.2000000000003,2763.8,2768.4,220,182594100.0,0.0,25545,2768.2000000000003,0
1730958540000,2768.6000000000004,2771.0000000000005,2768.2000000000003,2769.6000000000004,167,138755580.0,0.0,25602,2768.4,0
1730958600000,2769.8,2769.8,2765.0,2767.0,372,308772660.0,0.0,25608,2769.6,0
1730958660000,2767.6000000000004,2769.6000000000004,2766.6000000000004,2767.8,136,112943340.00000001,0.0,25641,2767.0000000000005,0
1730958720000,2767.8,2769.2000000000003,2764.6000000000004,2768.8,143,118720800.0,0.0,25697,2767.8,0
1730958780000,2769.0,2774.2,2769.0,2773.2,275,228735000.0,0.0,25680,2768.8,0
1730958840000,2773.4,2773.4,2770.2000000000003,2771.8,103,85637340.0,0.0,25712,2773.2000000000003,0
1730958900000,2772.0,2773.0,2770.4,2772.2000000000003,70,58207260.0,0.0,25743,2771.8,0
1730958960000,2772.2,2774.2,2771.0,2773.4,114,94824300.0,0.0,25783,2772.2,0
1730959020000,2773.4000000000005,2776.6000000000004,2772.6000000000004,2776.6000000000004,109,90736680.0,0.0,25819,2773.4000000000005,0
1730959080000,2776.6000000000004,2779.6000000000004,2776.6000000000004,2777.8,113,94180200.0,0.0,25867,2776.6000000000004,0
1730959140000,2777.6,2779.4,2777.0,2779.4,54,45004740.00000001,0.0,25874,2777.8,0
1730959200000,2779.0000000000005,2783.8,2778.2000000000003,2782.8,236,196916160.00000003,0.0,25972,2779.4,0
1730959260000,2783.2000000000003,2787.0000000000005,2782.2000000000003,2784.6000000000004,367,306571380.0,0.0,26181,2782.8,0
1730959320000,2785.0000000000005,2786.2000000000003,2782.6000000000004,2785.4000000000005,125,104404980.0,0.0,26231,2784.6000000000004,0
1730959380000,2785.4,2786.0000000000005,2781.2000000000003,2781.4,176,146950920.0,0.0,26303,2785.4,0
1730959440000,2781.2,2781.4,2777.0,2777.4,283,235953720.0,0.0,26444,2781.4,0
1730959500000,2777.2000000000003,2783.0000000000005,2776.6000000000004,2779.0000000000005,208,173453400.0,0.0,26563,2777.4000000000005,0
1730959560000,2779.2000000000003,2784.6000000000004,2778.2000000000003,2779.6000000000004,116,96806220.0,0.0,26615,2779.0000000000005,0
1730959620000,2779.4,2781.8,2779.4,2780.8,104,86757180.0,0.0,26671,2779.6,0
1730959680000,2780.0000000000005,2781.4000000000005,2771.6000000000004,2772.8,214,178169220.00000003,0.0,26763,2780.8,0
1730959740000,2772.8,2781.8,2772.2000000000003,2780.8,290,241512240.0,0.0,26805,2772.8,0
1730959800000,2780.8,2782.0000000000005,2777.2000000000003,2777.2000000000003,154,128395200.0,0.0,26859,2780.8,0
1730959860000,2777.0000000000005,2780.2000000000003,2776.2000000000003,2777.8,109,90845760.00000001,0.0,26906,2777.2000000000003,0
1730959920000,2778.2000000000003,2782.8,2777.4,2782.8,165,137616480.0,0.0,27009,2777.8,0
1730959980000,2783.6,2788.0,2783.0,2787.4,255,213162780.0,0.0,27143,2782.8,0
1730960040000,2787.2000000000003,2788.0000000000005,2784.6000000000004,2785.2000000000003,116,96975240.0,0.0,27191,2787.4000000000005,0
1730960100000,2785.2000000000003,2787.0000000000005,2781.6000000000004,2785.0000000000005,99,82694280.0,0.0,27203,2785.2000000000003,0
1730960160000,2785.0,2786.6,2782.0,2783.0,89,74349960.0,0.0,27240,2785.0,0
1730960220000,2782.6000000000004,2782.6000000000004,2779.2000000000003,2779.8,55,45880260.0,0.0,27274,2783.0000000000005,0
1730960280000,2780.8,2781.6,2778.0,2781.6,53,44192280.00000001,0.0,27290,2779.8,0
1730960340000,2781.0000000000005,2783.0000000000005,2779.2000000000003,2780.8,79,65907840.0,0.0,27340,2781.6000000000004,0
1730960400000,2781.8,2786.0,2780.8,2785.2000000000003,125,104400660.0,0.0,27406,2780.8,0
1730960460000,2785.4,2788.2000000000003,2785.2000000000003,2786.4,168,140447340.0,0.0,27494,2785.2000000000003,0
1730960520000,2786.2,2787.6,2784.0,2785.4,98,81900480.00000001,0.0,27550,2786.4,0
1730960580000,2785.4,2790.4,2785.0,2789.8,128,107073720.0,0.0,27623,2785.4,0
1730960640000,2790.4,2792.4,2790.0,2791.6,133,111372120.0,0.0,27700,2789.8,0
1730960700000,2791.2000000000003,2793.0000000000005,2790.6000000000004,2791.2000000000003,75,62814360.0,0.0,27735,2791.6000000000004,0
1730960760000,2790.6,2791.0,2787.4,2790.2000000000003,115,96234960.0,0.0,27805,2791.2000000000003,0
1730960820000,2791.0000000000005,2793.8,2790.6000000000004,2791.2000000000003,122,102178740.0,0.0,27886,2790.2000000000003,0
1730960880000,2792.0,2792.8,2788.8,2789.8,74,61948620.00000001,0.0,27926,2791.2000000000003,0
1730960940000,2789.8,2791.2000000000003,2786.2000000000003,2788.4,109,91193700.00000001,0.0,27968,2789.8,0
1730961000000,2787.4000000000005,2787.8,2785.6000000000004,2787.0000000000005,56,46817520.0,0.0,27977,2788.4000000000005,0
1730961060000,2787.0,2789.6000000000004,2786.8,2788.4,57,47678520.0,0.0,28001,2787.0,0
1730961120000,2788.4000000000005,2790.4000000000005,2786.6000000000004,2788.2000000000003,74,61914360.00000001,0.0,28023,2788.4000000000005,0
1730961180000,2788.2000000000003,2788.4,2785.4,2787.6,71,59357820.0,0.0,28053,2788.2000000000003,0
1730961240000,2787.2000000000003,2789.8,2786.4,2789.8,114,95374500.00000001,0.0,28113,2787.6,0
1730961300000,2790.2000000000003,2792.2000000000003,2788.6000000000004,2791.2000000000003,109,91245780.0,0.0,28148,2789.8,0
1730961360000,2791.2000000000003,2795.2000000000003,2791.2000000000003,2795.2000000000003,118,98877420.00000001,0.0,28216,2791.2000000000003,0
1730961420000,2795.2000000000003,2796.0000000000005,2792.6000000000004,2793.6000000000004,132,110658180.0,0.0,28282,2795.2000000000003,0
1730961480000,2794.0000000000005,2798.4,2793.2000000000003,2797.4,179,150174720.00000003,0.0,28369,2793.6000000000004,0
1730961540000,2796.8,2802.0,2796.0,2800.0,162,136055100.0,0.0,28457,2797.4,0
1730961600000,2800.6,2801.0,2798.0,2799.0,95,79789800.0,0.0,28497,2800.0,0
1730961660000,2799.8,2801.0,2794.0,2794.8,150,125913360.0,0.0,28595,2799.0,0
1730961720000,2795.6000000000004,2800.6000000000004,2794.8,2799.0,83,69683760.0,0.0,28640,2794.8,0
1730961780000,2798.8,2800.2000000000003,2797.6000000000004,2798.6000000000004,78,65491500.00000001,0.0,28695,2799.0000000000005,0
1730961840000,2799.6,2799.6,2796.0,2796.2,113,94842000.0,0.0,28767,2798.6,0
1730961900000,2796.2000000000003,2803.4,2796.2000000000003,2802.8,133,111747600.00000001,0.0,28823,2796.2000000000003,0
1730961960000,2803.2000000000003,2803.2000000000003,2800.6000000000004,2803.0000000000005,88,73972440.0,0.0,28865,2802.8,0
1730962020000,2802.2000000000003,2804.8,2800.6000000000004,2804.8,84,70609440.0,0.0,28911,2803.0000000000005,0
1730962080000,2804.8,2810.8,2804.0,2808.6,233,196317360.0,0.0,29013,2804.8,0
1730962140000,2809.8,2812.0000000000005,2808.6000000000004,2809.8,129,108754680.0,0.0,29048,2808.6000000000004,0
1730962200000,2809.4,2813.8,2809.2000000000003,2812.8,163,137492100.0,0.0,29145,2809.8,0
1730962260000,2813.8,2816.0000000000005,2813.2000000000003,2816.0000000000005,112,94577040.00000001,0.0,29176,2812.8,0
1730962320000,2816.0000000000005,2816.2000000000003,2813.2000000000003,2815.4,186,157051500.0,0.0,29248,2816.0000000000005,0
1730962380000,2815.4,2815.4,2811.8,2812.0,164,138431760.00000003,0.0,29313,2815.4,0
1730962440000,2812.4000000000005,2812.6000000000004,2810.6000000000004,2812.4000000000005,152,128202300.0,0.0,29350,2812.0000000000005,0
1730962500000,2812.0,2812.0,2809.4,2810.4,144,121408020.0,0.0,29391,2812.4,0
1730962560000,2809.6,2810.6,2807.0,2810.0,252,212321520.00000003,0.0,29470,2810.4,0
1730962620000,2809.8,2815.0000000000005,2809.2000000000003,2815.0000000000005,167,140929199.99999997,0.0,29557,2810.0000000000005,0
1730962680000,2815.6000000000004,2817.8,2814.8,2817.4,197,166428480.00000003,0.0,29652,2815.0,0
1730962740000,2817.8,2819.8,2816.8,2818.8,206,174191580.00000003,0.0,29765,2817.4,0
1730962800000,2819.0000000000005,2821.0000000000005,2816.2000000000003,2816.2000000000003,359,303628800.0,2794.6000000000004,29988,2818.8,0
1731029400000,2839.8,2839.8,2839.8,2839.8,63,53672220.00000001,0.0,29964,2816.2000000000003,0
1731029460000,2839.2,2844.8,2836.0,2837.2,959,817158720.0000001,0.0,29364,2839.8,0
1731029520000,2837.6,2838.8,2828.0,2828.6,899,763974840.0000001,0.0,28827,2837.2,0
1731029580000,2828.0000000000005,2828.4,2816.2000000000003,2823.0000000000005,710,601051500.0,0.0,28466,2828.6000000000004,0
1731029640000,2822.6000000000004,2830.4,2821.2000000000003,2826.2000000000003,544,461286120.0,0.0,28326,2823.0000000000005,0
1731029700000,2827.2000000000003,2829.2000000000003,2817.2000000000003,2817.2000000000003,365,309298740.0,0.0,28186,2826.2000000000003,0
1731029760000,2816.4,2816.8,2813.0,2816.4,336,283755360.0,0.0,28015,2817.2,0
1731029820000,2816.2,2821.0,2812.0,2812.0,332,280652760.00000006,0.0,27907,2816.4,0
1731029880000,2812.0,2819.6,2812.0,2814.6,272,229825020.00000003,0.0,27811,2812.0,0
1731029940000,2813.8,2815.2000000000003,2809.4,2809.4,270,227809860.0,0.0,27702,2814.6,0
1731030000000,2810.0000000000005,2815.6000000000004,2808.2000000000003,2811.0000000000005,311,262336080.0,0.0,27609,2809.4,0
1731030060000,2810.8,2810.8,2803.8,2803.8,292,245819220.00000003,0.0,27465,2811.0,0
1731030120000,2803.8,2807.4,2803.4,2806.6,244,205351560.00000003,0.0,27356,2803.8,0
1731030180000,2805.4,2805.4,2798.8,2800.4,390,327634920.0,0.0,27171,2806.6000000000004,0
1731030240000,2800.0,2802.8,2798.8,2801.2000000000003,153,128546040.00000001,0.0,27114,2800.4,0
1731030300000,2800.2000000000003,2805.8,2797.6000000000004,2805.8,269,226094220.00000003,0.0,26979,2801.2000000000003,0
1731030360000,2805.6000000000004,2809.0,2803.8,2806.2000000000003,355,298921620.0,0.0,26840,2805.8,0
1731030420000,2806.2,2808.8,2805.0,2806.2,299,251772120.0,0.0,26691,2806.2,0
1731030480000,2806.6,2810.4,2803.0,2810.4,240,202084260.0,0.0,26619,2806.2,0
1731030540000,2810.2000000000003,2810.2000000000003,2804.4,2806.6,242,203739480.00000003,0.0,26570,2810.4,0
1731030600000,2807.0,2808.0,2803.8,2807.8,210,176751600.0,0.0,26470,2806.6000000000004,0
1731030660000,2808.2000000000003,2811.6000000000004,2807.6000000000004,2810.6000000000004,125,105367980.0,0.0,26426,2807.8,0
1731030720000,2811.6000000000004,2816.6000000000004,2811.6000000000004,2815.8,199,168042900.0,0.0,26386,2810.6000000000004,0
1731030780000,2816.0000000000005,2817.4,2810.2000000000003,2812.8,262,221091900.00000003,0.0,26294,2815.8,0
1731030840000,2812.8,2815.8,2809.2000000000003,2815.4,168,141786660.0,0.0,26269,2812.8,0
1731030900000,2814.8,2814.8,2810.0,2812.2,123,103768440.0,0.0,26271,2815.4,0
1731030960000,2812.8,2814.4,2809.0,2811.8,103,86866740.0,0.0,26257,2812.2,0
1731031020000,2811.0,2815.2,2809.0,2810.8,168,141725760.0,0.0,26215,2811.8,0
1731031080000,2810.6000000000004,2810.8,2806.6000000000004,2807.8,185,155871480.0,0.0,26160,2810.8,0
1731031140000,2808.2000000000003,2810.0000000000005,2806.6000000000004,2808.6000000000004,99,83412060.0,0.0,26157,2807.8,0
1731031200000,2808.2000000000003,2808.2000000000003,2803.4,2805.8,92,77422620.0,0.0,26133,2808.6,0
1731031260000,2805.6,2807.0,2804.0,2805.0,110,92582220.0,0.0,26107,2805.8,0
1731031320000,2805.0,2805.4,2800.0,2803.0,188,158048820.0,0.0,26055,2805.0,0
1731031380000,2802.2000000000003,2808.0000000000005,2802.2000000000003,2807.0000000000005,101,85014540.00000001,0.0,26048,2803.0000000000005,0
1731031440000,2808.0,2809.4,2805.4,2806.2000000000003,69,58114860.0,0.0,26033,2807.0,0
1731031500000,2805.2000000000003,2806.0000000000005,2802.2000000000003,2802.8,78,65613600.00000001,0.0,26018,2806.2000000000003,0
1731031560000,2803.0,2806.4,2802.4,2804.4,112,94236000.00000001,0.0,26006,2802.8,0
1731031620000,2804.8,2806.6000000000004,2804.2000000000003,2806.2000000000003,45,37874700.0,0.0,26001,2804.4,0
1731031680000,2806.0,2808.0,2805.4,2805.8,103,86725560.0,0.0,25977,2806.2000000000003,0
1731031740000,2807.0,2811.2000000000003,2806.8,2810.8,90,75832380.0,0.0,25954,2805.8,0
1731031800000,2811.2000000000003,2811.2000000000003,2808.8,2809.2000000000003,75,63226920.0,0.0,25949,2810.8,0
1731031860000,2809.0,2809.2000000000003,2806.4,2807.8,79,66543300.00000001,0.0,25929,2809.2000000000003,0
1731031920000,2807.6,2808.4,2806.0,2807.4,64,53893860.00000001,0.0,25918,2807.8,0
1731031980000,2806.4,2807.2,2804.0,2805.0,150,126229680.0,0.0,25858,2807.4,0
1731032040000,2806.0000000000005,2806.0000000000005,2802.2000000000003,2802.8,52,43739460.00000001,0.0,25847,2805.0000000000005,0
1731032100000,2802.0,2802.6,2795.4,2797.2000000000003,206,172946040.0,0.0,25783,2802.8,0
1731032160000,2796.2000000000003,2799.8,2796.2000000000003,2798.6000000000004,130,109131240.0,0.0,25754,2797.2000000000003,0
1731032220000,2798.2000000000003,2801.2000000000003,2797.4,2800.6,81,68033520.0,0.0,25737,2798.6,0
1731032280000,2800.8,2801.6000000000004,2798.8,2801.4,67,56290440.0,0.0,25723,2800.6000000000004,0
1731032340000,2801.4,2803.8,2801.4,2803.8,47,39511560.00000001,0.0,25711,2801.4,0
1731032400000,2803.2,2807.2,2803.0,2807.0,57,47971680.00000001,0.0,25688,2803.8,0
1731032460000,2807.2000000000003,2807.2000000000003,2804.4,2804.8,78,65650560.00000001,0.0,25673,2807.0,0
1731032520000,2805.0000000000005,2809.2000000000003,2804.6000000000004,2805.8,80,67360680.0,0.0,25648,2804.8,0
1731032580000,2805.8,2807.6,2805.0,2805.0,45,37886520.0,0.0,25639,2805.8,0
1731032640000,2804.6000000000004,2805.8,2803.2000000000003,2804.8,63,53006280.00000001,0.0,25623,2805.0000000000005,0
1731032700000,2803.8,2804.6000000000004,2801.2000000000003,2801.2000000000003,59,49613340.0,0.0,25599,2804.8,0
1731032760000,2801.2,2804.8,2801.0,2803.6,76,63904320.00000001,0.0,25576,2801.2,0
1731032820000,2803.6000000000004,2803.6000000000004,2799.8,2801.8,58,48746280.00000001,0.0,25569,2803.6000000000004,0
1731032880000,2801.8,2802.6000000000004,2801.2000000000003,2801.6000000000004,24,20172300.000000004,0.0,25562,2801.8,0
1731032940000,2801.4,2802.0,2800.4,2801.2000000000003,23,19329240.000000004,0.0,25552,2801.6,0
1731033000000,2800.8,2802.4000000000005,2799.6000000000004,2801.0000000000005,61,51257640.0,0.0,25542,2801.2000000000003,0
1731033060000,2800.8,2803.6000000000004,2800.8,2803.4,65,54649680.0,0.0,25517,2801.0,0
1731033120000,2803.6,2805.4,2802.4,2804.4,44,37010640.0,0.0,25499,2803.4,0
1731033180000,2804.8,2805.8,2804.2000000000003,2804.6000000000004,56,47126640.0,0.0,25482,2804.4,0
1731033240000,2804.4,2804.8,2802.0,2802.4,110,92525820.0,0.0,25439,2804.6,0
1731033300000,2802.8,2804.0000000000005,2802.2000000000003,2803.0000000000005,39,32795340.000000004,0.0,25437,2802.4,0
1731033360000,2802.6000000000004,2802.6000000000004,2798.6000000000004,2799.0000000000005,141,118453980.00000001,0.0,25386,2803.0000000000005,0
1731033420000,2798.6000000000004,2799.8,2796.6000000000004,2796.6000000000004,108,90652560.00000001,0.0,25336,2799.0000000000005,0
1731033480000,2796.2000000000003,2796.2000000000003,2792.2000000000003,2792.2000000000003,173,145023120.0,0.0,25261,2796.6000000000004,0
1731033540000,2793.2000000000003,2794.4,2789.2000000000003,2789.8,240,201040800.0,0.0,25197,2792.2000000000003,0
1731033600000,2790.4,2791.4,2789.0,2791.0,120,100452480.0,0.0,25182,2789.8,0
1731033660000,2790.8,2795.0000000000005,2790.6000000000004,2793.8,123,103057020.0,0.0,25186,2791.0000000000005,0
1731033720000,2793.2000000000003,2793.6000000000004,2790.2000000000003,2790.4,68,56959020.00000001,0.0,25170,2793.8,0
1731033780000,2789.6000000000004,2790.0,2783.8,2785.2000000000003,255,213163380.0,0.0,25148,2790.4,0
1731033840000,2785.4,2788.0000000000005,2785.2000000000003,2786.8,188,157173000.0,0.0,25117,2785.2000000000003,0
1731033900000,2786.2000000000003,2787.2000000000003,2781.4,2782.0,168,140324340.0,0.0,25095,2786.8,0
1731033960000,2782.2000000000003,2786.6000000000004,2781.6000000000004,2786.0000000000005,237,198017700.00000003,0.0,25078,2782.0000000000005,0
1731034020000,2785.6000000000004,2789.8,2785.6000000000004,2789.8,204,170563020.0,0.0,25036,2786.0000000000005,0
1731034080000,2789.8,2790.8,2787.6000000000004,2787.6000000000004,122,102085200.00000001,0.0,25031,2789.8,0
1731034140000,2787.6,2788.8,2785.0,2787.8,123,102820020.00000001,0.0,24995,2787.6,0
1731034200000,2788.0000000000005,2788.0000000000005,2784.2000000000003,2784.8,99,82743600.0,0.0,24983,2787.8,0
1731034260000,2785.4,2787.0,2785.0,2786.0,158,132070860.00000001,0.0,24958,2784.8,0
1731034320000,2785.8,2785.8,2781.6000000000004,2785.4000000000005,156,130288440.0,0.0,24925,2786.0000000000005,0
1731034380000,2785.6,2788.4,2785.0,2787.2,88,73569600.00000001,0.0,24927,2785.4,0
1731034440000,2788.0,2791.6,2787.4,2790.2000000000003,83,69465840.0,0.0,24908,2787.2000000000003,0
1731034500000,2790.2000000000003,2790.4,2786.8,2788.8,96,80303700.00000001,0.0,24889,2790.2000000000003,0
1731034560000,2787.6000000000004,2790.8,2787.6000000000004,2789.2000000000003,83,69445440.0,0.0,24876,2788.8,0
1731034620000,2789.0,2790.8,2787.4,2789.2000000000003,57,47688660.0,0.0,24865,2789.2000000000003,0
1731034680000,2789.2,2789.6,2788.0,2789.6,72,60232920.00000001,0.0,24822,2789.2,0
1731034740000,2789.2000000000003,2790.6000000000004,2787.6000000000004,2788.0000000000005,83,69451680.00000001,0.0,24806,2789.6000000000004,0
1731034800000,2787.8,2787.8,2783.4,2783.4,128,106982160.00000001,0.0,24777,2788.0,0
1731034860000,2783.8,2785.6,2783.0,2784.4,135,112773240.0,0.0,24730,2783.4,0
1731034920000,2785.2000000000003,2788.2000000000003,2785.2000000000003,2787.0000000000005,70,58527120.0,0.0,24717,2784.4,0
1731034980000,2787.8,2789.0000000000005,2786.2000000000003,2788.2000000000003,69,57699180.0,0.0,24692,2787.0000000000005,0
1731035040000,2787.4,2788.0000000000005,2785.2000000000003,2785.2000000000003,37,30932580.000000004,0.0,24682,2788.2000000000003,0
1731035100000,2784.8,2787.2000000000003,2784.2000000000003,2786.6000000000004,51,42616560.00000001,0.0,24661,2785.2000000000003,0
1731035160000,2785.6,2785.6,2782.4,2783.4,127,106070400.00000001,0.0,24622,2786.6,0
1731035220000,2783.4,2783.4,2779.0,2780.0,303,252750000.00000003,0.0,24537,2783.4,0
1731035280000,2780.0000000000005,2780.2000000000003,2777.2000000000003,2780.0000000000005,188,156711300.0,0.0,24483,2780.0000000000005,0
1731035340000,2779.6,2780.8,2777.0,2778.4,196,163378560.0,0.0,24482,2780.0,0
1731035400000,2778.0,2779.0,2775.4,2779.0,141,117467040.00000001,0.0,24465,2778.4,0
1731035460000,2778.6000000000004,2782.0000000000005,2778.6000000000004,2782.0000000000005,126,105119220.00000001,0.0,24467,2779.0000000000005,0
1731035520000,2782.2000000000003,2784.8,2781.8,2784.6000000000004,173,144463320.0,0.0,24440,2782.0,0
1731035580000,2784.8,2785.8,2783.6000000000004,2785.6000000000004,60,50127120.0,0.0,24413,2784.6000000000004,0
1731035640000,2786.0,2787.4,2784.4,2785.0,81,67704360.0,0.0,24382,2785.6,0
1731035700000,2785.4,2785.4,2783.0,2784.0,62,51790560.0,0.0,24375,2785.0,0
1731035760000,2783.2000000000003,2784.6000000000004,2780.6000000000004,2781.0000000000005,61,50919900.00000001,0.0,24352,2784.0000000000005,0
1731035820000,2780.6000000000004,2781.8,2775.8,2780.6000000000004,177,147552540.0,0.0,24309,2781.0,0
1731035880000,2780.0,2783.0,2778.8,2781.6000000000004,83,69241320.0,0.0,24281,2780.6000000000004,0
1731035940000,2781.8,2781.8,2774.6000000000004,2775.2000000000003,124,103298460.0,0.0,24259,2781.6000000000004,0
1731036000000,2775.2,2776.4,2774.0,2774.2,116,96577980.00000001,0.0,24244,2775.2,0
1731036060000,2775.0,2778.4,2774.8,2776.8,143,119121360.00000001,0.0,24261,2774.2000000000003,0
1731036120000,2778.2000000000003,2778.2000000000003,2771.8,2772.6000000000004,194,161431440.00000003,0.0,24266,2776.8,0
1731036180000,2772.8,2773.6,2771.4,2772.4,83,69033060.00000001,0.0,24269,2772.6,0
1731036240000,2772.2000000000003,2773.0,2768.4,2770.0,144,119669940.0,0.0,24274,2772.4,0
1731036300000,2770.0,2776.8,2770.0,2776.8,153,127307160.0,0.0,24299,2770.0,0
1731036360000,2776.6000000000004,2777.4,2773.8,2774.4,192,159897540.00000003,0.0,24294,2776.8,0
1731036420000,2776.4,2777.8,2770.2000000000003,2771.6000000000004,109,90691500.0,0.0,24289,2774.4,0
1731036480000,2770.6000000000004,2770.8,2768.2000000000003,2768.2000000000003,119,98871360.0,0.0,24265,2771.6000000000004,0
1731036540000,2768.4,2772.6,2768.4,2770.6,116,96420540.00000001,0.0,24245,2768.2000000000003,0
1731036600000,2769.6,2770.8,2767.0,2770.2,164,136237260.00000003,0.0,24226,2770.6,0
1731042060000,2765.6000000000004,2771.0,2763.8,2770.4,222,184368240.00000003,0.0,24267,2770.2000000000003,0
1731042120000,2770.4,2778.0,2770.4,2776.4,136,113216460.00000001,0.0,24292,2770.4,0
1731042180000,2775.6,2777.2000000000003,2773.4,2776.8,118,98239920.00000001,0.0,24313,2776.4,0
1731042240000,2777.4,2777.6,2772.0,2772.0,123,102373920.00000001,0.0,24336,2776.8,0
1731042300000,2772.0000000000005,2775.4000000000005,2771.6000000000004,2774.4000000000005,86,71567820.0,0.0,24361,2772.0000000000005,0
1731042360000,2775.0,2777.4,2771.8,2777.4,118,98216340.0,0.0,24383,2774.4,0
1731042420000,2778.0,2779.2000000000003,2774.8,2775.4,85,70822440.0,0.0,24396,2777.4,0
1731042480000,2775.6,2775.6,2772.4,2773.0,38,31616280.000000004,0.0,24401,2775.4,0
1731042540000,2772.8,2773.6000000000004,2771.8,2772.6000000000004,48,39923940.00000001,0.0,24409,2773.0,0
1731042600000,2772.0000000000005,2772.6000000000004,2768.6000000000004,2769.0000000000005,98,81438120.00000001,0.0,24428,2772.6000000000004,0
1731042660000,2768.6000000000004,2774.2000000000003,2767.2000000000003,2774.2000000000003,123,102248520.0,0.0,24465,2769.0000000000005,0
1731042720000,2774.4,2776.8,2774.4,2774.4,91,75774300.0,0.0,24490,2774.2000000000003,0
1731042780000,2775.0000000000005,2776.2000000000003,2773.2000000000003,2774.0000000000005,57,47437020.00000001,0.0,24491,2774.4,0
1731042840000,2774.0,2775.0,2773.0,2773.8,55,45767520.0,0.0,24498,2774.0,0
1731042900000,2774.4,2775.8,2772.2000000000003,2775.8,52,43269480.00000001,0.0,24506,2773.8,0
1731042960000,2775.8,2778.0000000000005,2774.6000000000004,2777.0000000000005,75,62471160.0,0.0,24532,2775.8,0
1731043020000,2778.2000000000003,2778.2000000000003,2776.4,2776.8,38,31661040.0,0.0,24551,2777.0,0
1731043080000,2777.6000000000004,2779.4000000000005,2777.6000000000004,2778.4000000000005,58,48346620.0,0.0,24563,2776.8,0
1731043140000,2778.6,2779.0,2776.4,2777.6,47,39162840.0,0.0,24573,2778.4,0
1731043200000,2778.8,2782.0,2778.0,2782.0,84,70065960.0,0.0,24591,2777.6,0
1731043260000,2782.6,2783.6,2782.0,2782.4,88,73462980.00000001,0.0,24630,2782.0,0
1731043320000,2782.4,2782.6,2779.0,2780.0,94,78412440.0,0.0,24672,2782.4,0
1731043380000,2780.6,2781.6,2778.0,2778.0,88,73374060.00000001,0.0,24659,2780.0,0
1731043440000,2777.6,2779.4,2777.4,2777.4,76,63340620.0,0.0,24666,2778.0,0
1731043500000,2778.6000000000004,2781.4000000000005,2778.6000000000004,2781.4000000000005,35,29193600.0,0.0,24684,2777.4000000000005,0
1731043560000,2781.6,2784.0,2780.4,2783.0,61,50919600.0,0.0,24704,2781.4,0
1731043620000,2783.4000000000005,2784.8,2782.6000000000004,2784.8,44,36740400.0,0.0,24711,2783.0000000000005,0
1731043680000,2784.8,2791.0,2784.8,2788.8,291,243493320.0,0.0,24826,2784.8,0
1731043740000,2791.0000000000005,2791.0000000000005,2787.6000000000004,2790.8,168,140590380.0,0.0,24893,2788.8,0
1731043800000,2790.2000000000003,2790.2000000000003,2785.2000000000003,2785.4,74,61878060.0,0.0,24916,2790.8,0
1731043860000,2786.0000000000005,2789.6000000000004,2784.2000000000003,2789.6000000000004,164,137149200.0,0.0,24954,2785.4,0
1731043920000,2790.0,2794.2000000000003,2789.8,2792.4,118,98827740.00000001,0.0,24955,2789.6000000000004,0
1731043980000,2792.4,2792.4,2789.2000000000003,2790.8,56,46889100.00000001,0.0,24965,2792.4,0
1731044040000,2790.8,2792.6000000000004,2788.6000000000004,2788.6000000000004,68,56913060.00000001,0.0,24971,2790.8,0
1731044100000,2789.4,2792.2000000000003,2789.4,2791.0,40,33495120.0,0.0,24972,2788.6,0
1731044160000,2791.0000000000005,2791.6000000000004,2788.6000000000004,2788.6000000000004,32,26789580.0,0.0,24975,2791.0000000000005,0
1731044220000,2790.0,2790.0,2786.4,2787.6,65,54367020.0,0.0,24980,2788.6,0
1731044280000,2787.4,2793.2,2787.0,2792.4,102,85366020.00000001,0.0,25016,2787.6,0
1731044340000,2792.2000000000003,2792.6000000000004,2789.8,2791.0,79,66149760.0,0.0,25048,2792.4,0
1731044400000,2790.0,2790.6,2788.4,2790.4,45,37660020.0,0.0,25058,2791.0,0
1731044460000,2789.8,2793.2,2788.0,2793.2,57,47718900.0,0.0,25063,2790.4,0
1731044520000,2793.4,2793.6,2790.0,2790.4,37,30993600.0,0.0,25072,2793.2,0
1731044580000,2790.8,2792.6,2790.0,2790.8,20,16746300.0,0.0,25074,2790.4,0
1731044640000,2790.8,2792.0,2788.4,2790.0,44,36832140.0,0.0,25074,2790.8,0
1731044700000,2789.6000000000004,2789.6000000000004,2786.6000000000004,2786.6000000000004,53,44331000.00000001,0.0,25076,2790.0000000000005,0
1731044760000,2786.6,2786.6,2782.0,2782.0,96,80177460.00000001,0.0,25087,2786.6,0
1731044820000,2781.8,2784.0,2781.8,2783.4,49,40908420.0,0.0,25103,2782.0,0
1731044880000,2783.4,2784.4,2782.8,2784.4,47,39249840.0,0.0,25112,2783.4,0
1731044940000,2784.6,2787.8,2784.0,2786.6,65,54326700.0,0.0,25118,2784.4,0
1731045000000,2785.0,2789.8,2785.0,2789.2,56,46831860.0,0.0,25126,2786.6,0
1731045060000,2789.2000000000003,2792.8,2789.2000000000003,2791.0000000000005,82,68661960.00000001,0.0,25134,2789.2000000000003,0
1731045120000,2790.6,2791.2000000000003,2788.4,2788.6,46,38499420.00000001,0.0,25128,2791.0,0
1731045180000,2788.4,2788.8,2787.4,2788.2000000000003,39,32620080.0,0.0,25133,2788.6,0
1731045240000,2788.0,2790.4,2788.0,2788.2,22,18407280.000000004,0.0,25137,2788.2,0
1731045300000,2788.0000000000005,2788.0000000000005,2784.2000000000003,2784.8,39,32598420.000000004,0.0,25136,2788.2000000000003,0
1731045360000,2784.6000000000004,2785.2000000000003,2783.6000000000004,2783.6000000000004,35,29233860.0,0.0,25129,2784.8,0
1731045420000,2784.8,2786.0,2784.0,2785.2,49,40940640.00000001,0.0,25140,2783.6,0
1731045480000,2785.8,2786.0,2782.4,2782.6,49,40925400.00000001,0.0,25153,2785.2000000000003,0
1731045540000,2782.2000000000003,2782.6,2780.4,2781.2000000000003,87,72598920.00000001,0.0,25159,2782.6,0
1731045600000,2781.6000000000004,2783.6000000000004,2780.2000000000003,2780.6000000000004,47,39223320.0,0.0,25180,2781.2000000000003,0
1731045660000,2779.8,2780.6000000000004,2777.6000000000004,2777.6000000000004,100,83374920.0,0.0,25188,2780.6000000000004,0
1731045720000,2777.6000000000004,2778.0,2774.8,2774.8,96,79963500.00000001,0.0,25195,2777.6000000000004,0
1731045780000,2775.0,2778.4,2775.0,2776.0,120,99961680.0,0.0,25221,2774.8,0
1731045840000,2776.8,2779.8,2776.2000000000003,2779.8,55,45838740.0,0.0,25242,2776.0000000000005,0
1731045900000,2780.2000000000003,2780.8,2773.6000000000004,2775.6000000000004,108,89992020.0,0.0,25291,2779.8,0
1731045960000,2775.0,2776.4,2774.8,2776.0,29,24149580.000000004,0.0,25292,2775.6000000000004,0
1731046020000,2777.0000000000005,2778.6000000000004,2775.6000000000004,2777.6000000000004,43,35826360.0,0.0,25309,2776.0000000000005,0
1731046080000,2778.2000000000003,2778.6000000000004,2776.6000000000004,2778.6000000000004,25,20831940.0,0.0,25329,2777.6000000000004,0
1731046140000,2778.6000000000004,2781.8,2778.6000000000004,2781.6000000000004,40,33366720.0,0.0,25343,2778.6000000000004,0
1731046200000,2781.2000000000003,2782.6000000000004,2780.8,2781.2000000000003,53,44230560.00000001,0.0,25348,2781.6000000000004,0
1731046260000,2781.8,2783.2000000000003,2781.8,2783.2000000000003,49,40901580.00000001,0.0,25355,2781.2000000000003,0
1731046320000,2783.0000000000005,2783.2000000000003,2781.6000000000004,2781.8,14,11685240.000000002,0.0,25356,2783.2000000000003,0
1731046380000,2781.6000000000004,2781.8,2779.2000000000003,2779.4,33,27525660.000000004,0.0,25364,2781.8,0
1731046440000,2778.6000000000004,2779.8,2776.8,2779.8,52,43337700.00000001,0.0,25380,2779.4,0
1731046500000,2779.6,2781.4,2779.0,2779.4,24,20018040.000000004,0.0,25383,2779.8,0
1731046560000,2779.8,2780.2000000000003,2778.4,2778.6,21,17508060.0,0.0,25389,2779.4,0
1731046620000,2778.4,2780.6,2778.4,2779.4,30,25015560.0,0.0,25401,2778.6,0
1731046680000,2779.6000000000004,2781.0000000000005,2778.2000000000003,2781.0000000000005,48,40025520.00000001,0.0,25397,2779.4,0
1731046740000,2781.0000000000005,2782.0000000000005,2779.2000000000003,2779.2000000000003,23,19186560.0,0.0,25403,2781.0000000000005,0
1731046800000,2779.0,2779.2000000000003,2778.4,2779.0,23,19172640.000000004,0.0,25406,2779.2000000000003,0
1731046860000,2778.6000000000004,2778.6000000000004,2776.2000000000003,2777.0000000000005,45,37493760.0,0.0,25412,2779.0000000000005,0
1731046920000,2777.0,2777.0,2773.4,2773.4,37,30800820.000000004,0.0,25423,2777.0,0
1731046980000,2773.2000000000003,2775.8,2773.2000000000003,2775.0000000000005,40,33293700.0,0.0,25438,2773.4,0
1731047040000,2775.0,2775.0,2771.8,2773.2000000000003,51,42428640.0,0.0,25457,2775.0,0
1731047100000,2773.2000000000003,2775.8,2773.2000000000003,2774.0000000000005,54,44947260.00000001,0.0,25477,2773.2000000000003,0
1731047160000,2773.4,2776.2,2773.0,2775.4,29,24135960.0,0.0,25486,2774.0,0
1731047220000,2775.4,2776.8,2773.2000000000003,2773.2000000000003,41,34137300.00000001,0.0,25506,2775.4,0
1731047280000,2773.2000000000003,2773.2000000000003,2767.6000000000004,2768.0000000000005,95,78949740.0,0.0,25519,2773.2000000000003,0
1731047340000,2767.8,2769.8,2767.4,2769.8,52,43189560.00000001,0.0,25523,2768.0,0
1731047400000,2769.0,2774.8,2768.8,2774.8,98,81507060.00000001,0.0,25556,2769.8,0
1731047460000,2775.2,2775.8,2767.0,2768.8,128,106401540.0,0.0,25558,2774.8,0
1731047520000,2769.2000000000003,2772.8,2767.8,2771.8,87,72306060.0,0.0,25592,2768.8,0
1731047580000,2771.0,2773.8,2770.4,2773.2000000000003,43,35762819.99999999,0.0,25599,2771.8,0
1731047640000,2773.4,2778.0,2773.4,2777.6,68,56636580.00000001,0.0,25628,2773.2000000000003,0
1731047700000,2777.2000000000003,2777.2000000000003,2772.6000000000004,2773.4000000000005,94,78258600.0,0.0,25656,2777.6000000000004,0
1731047760000,2773.6000000000004,2775.8,2772.6000000000004,2773.2000000000003,74,61582620.00000001,0.0,25671,2773.4000000000005,0
1731047820000,2772.6000000000004,2772.6000000000004,2770.2000000000003,2771.6000000000004,79,65680620.00000001,0.0,25677,2773.2000000000003,0
1731047880000,2771.6,2771.6,2767.4,2769.2000000000003,102,84739740.00000001,0.0,25671,2771.6,0
1731047940000,2768.6,2768.6,2764.4,2765.8,133,110359800.0,0.0,25677,2769.2000000000003,0
1731048000000,2765.0,2767.6000000000004,2764.8,2766.4,59,48969360.00000001,0.0,25686,2765.8,0
1731048060000,2766.8,2768.6000000000004,2766.8,2768.0,46,38194440.00000001,0.0,25705,2766.4,0
1731048120000,2767.8,2770.4,2767.2000000000003,2770.0000000000005,63,52329240.00000001,0.0,25712,2768.0000000000005,0
1731048180000,2769.2000000000003,2769.2000000000003,2765.2000000000003,2766.6000000000004,94,78022500.0,0.0,25721,2770.0000000000005,0
1731048240000,2765.6000000000004,2767.8,2764.6000000000004,2764.6000000000004,102,84645240.0,0.0,25761,2766.6000000000004,0
1731048300000,2764.0,2765.8,2763.8,2764.4,62,51426360.00000001,0.0,25763,2764.6000000000004,0
1731048360000,2764.6000000000004,2765.2000000000003,2760.2000000000003,2761.0000000000005,201,166558920.0,0.0,25780,2764.4,0
1731048420000,2760.6000000000004,2765.0000000000005,2760.6000000000004,2764.6000000000004,85,70462140.0,0.0,25796,2761.0000000000005,0
1731048480000,2763.6000000000004,2768.4000000000005,2763.6000000000004,2767.6000000000004,115,95435820.0,0.0,25836,2764.6000000000004,0
1731048540000,2767.6000000000004,2768.4,2765.2000000000003,2767.4,96,79688580.0,0.0,25864,2767.6000000000004,0
1731048600000,2767.4,2767.4,2763.2000000000003,2765.4,137,113657280.0,0.0,25852,2767.4,0
1731048660000,2767.2,2768.6,2767.0,2767.8,89,73897620.00000001,0.0,25862,2765.4,0
1731048720000,2768.0,2768.2,2765.0,2767.8,85,70542240.0,0.0,25860,2767.8,0
1731048780000,2768.0000000000005,2769.8,2767.6000000000004,2769.4000000000005,74,61461840.0,0.0,25872,2767.8,0
1731048840000,2769.6,2771.2000000000003,2768.4,2771.0,111,92233560.00000001,0.0,25909,2769.4,0
1731048900000,2771.4,2772.8,2771.2000000000003,2772.2000000000003,140,116432700.0,0.0,25933,2771.0000000000005,0
1731048960000,2772.4,2774.6,2771.0,2774.0,206,171392340.00000003,0.0,26014,2772.2,0
1731049020000,2774.0,2775.0,2773.8,2775.0,65,54097920.0,0.0,26041,2774.0,0
1731049080000,2775.0,2778.6,2775.0,2778.6,150,124982880.0,0.0,26100,2775.0,0
1731049140000,2778.6000000000004,2779.2000000000003,2775.6000000000004,2775.6000000000004,225,187502520.0,0.0,26209,2778.6000000000004,0
1731049200000,2775.2,2776.4,2772.0,2772.0,219,182323200.00000003,2772.2000000000003,26273,2775.6,0
1731288600000,2743.2000000000003,2743.2000000000003,2743.2000000000003,2743.2000000000003,60,49377600.0,0.0,26240,2772.0000000000005,0
1731288660000,2746.8,2752.6000000000004,2741.6000000000004,2751.4000000000005,862,710348160.0,0.0,25717,2743.2000000000003,0
1731288720000,2751.8,2752.2000000000003,2746.6000000000004,2750.6000000000004,492,405786480.00000006,0.0,25399,2751.4000000000005,0
1731288780000,2749.8,2753.0,2749.8,2751.0,254,209665440.00000003,0.0,25253,2750.6000000000004,0
1731288840000,2751.2000000000003,2755.0,2749.8,2753.2000000000003,230,189908160.0,0.0,25133,2751.0,0
1731288900000,2752.8,2754.0000000000005,2744.6000000000004,2746.2000000000003,233,192132000.0,0.0,25002,2753.2000000000003,0
1731288960000,2746.2000000000003,2746.2000000000003,2737.4,2737.8,323,265580460.00000003,0.0,24905,2746.2000000000003,0
1731289020000,2737.2000000000003,2743.2000000000003,2736.8,2738.4,474,389625900.00000006,0.0,24771,2737.8,0
1731289080000,2738.2,2744.2,2738.0,2739.6,252,207223200.00000003,0.0,24719,2738.4,0
1731289140000,2739.6000000000004,2743.6000000000004,2739.6000000000004,2743.2000000000003,178,146419260.0,0.0,24689,2739.6000000000004,0
1731289200000,2743.0,2744.2,2740.0,2741.6,214,176049600.0,0.0,24630,2743.2,0
1731289260000,2742.8,2748.0000000000005,2742.6000000000004,2747.8,206,169668060.0,0.0,24537,2741.6000000000004,0
1731289320000,2748.2000000000003,2748.2000000000003,2744.4,2745.6,109,89814960.00000001,0.0,24483,2747.8,0
1731289380000,2746.0000000000005,2748.8,2744.6000000000004,2745.2000000000003,159,131019960.0,0.0,24403,2745.6000000000004,0
1731289440000,2745.2000000000003,2745.2000000000003,2741.6000000000004,2745.0000000000005,172,141570120.0,0.0,24312,2745.2000000000003,0
1731289500000,2745.0,2745.2000000000003,2742.4,2743.4,101,83125620.00000001,0.0,24266,2745.0,0
1731289560000,2743.8,2744.2000000000003,2738.8,2739.2000000000003,143,117595320.0,0.0,24235,2743.4,0
1731289620000,2739.2000000000003,2740.8,2738.2000000000003,2740.0000000000005,105,86287980.0,0.0,24188,2739.2000000000003,0
1731289680000,2740.4,2740.4,2736.4,2738.6,113,92823720.0,0.0,24143,2740.0,0
1731289740000,2737.8,2738.4,2734.4,2737.2000000000003,124,101789460.0,0.0,24093,2738.6,0
1731289800000,2737.8,2738.0,2733.8,2735.8,112,91930680.0,0.0,24060,2737.2000000000003,0
1731289860000,2736.2000000000003,2738.0,2733.8,2734.6000000000004,139,114096480.0,0.0,24004,2735.8,0
1731289920000,2735.0,2738.6,2735.0,2737.0,77,63225600.0,0.0,23974,2734.6,0
1731289980000,2737.4,2739.2000000000003,2737.4,2739.0,106,87075240.00000001,0.0,23927,2737.0,0
1731290040000,2739.6000000000004,2739.8,2736.6000000000004,2738.4000000000005,80,65717640.0,0.0,23888,2739.0000000000005,0
1731290100000,2738.2000000000003,2739.8,2737.4,2737.8,86,70654320.0,0.0,23854,2738.4,0
1731290160000,2738.2000000000003,2740.4,2738.2000000000003,2740.4,58,47667960.0,0.0,23825,2737.8,0
1731290220000,2740.6000000000004,2741.2000000000003,2737.6000000000004,2738.6000000000004,75,61622340.0,0.0,23800,2740.4000000000005,0
1731290280000,2738.6000000000004,2739.2000000000003,2737.2000000000003,2738.2000000000003,55,45179580.0,0.0,23771,2738.6000000000004,0
1731290340000,2737.8,2738.4,2736.0,2737.2,96,78823620.0,0.0,23745,2738.2,0
1731290400000,2736.4,2737.4,2734.4,2735.6,59,48425400.0,0.0,23736,2737.2000000000003,0
1731290460000,2736.8,2739.2000000000003,2735.8,2737.8,136,111688080.00000001,0.0,23687,2735.6000000000004,0
1731290520000,2737.6000000000004,2739.8,2737.6000000000004,2738.2000000000003,101,82969800.00000001,0.0,23664,2737.8,0
1731290580000,2738.2000000000003,2741.0000000000005,2738.2000000000003,2739.6000000000004,77,63275400.00000001,0.0,23634,2738.2000000000003,0
1731290640000,2739.4,2745.2000000000003,2739.2000000000003,2744.4,129,106130940.00000001,0.0,23591,2739.6000000000004,0
1731290700000,2745.0000000000005,2748.0000000000005,2744.6000000000004,2746.8,136,112039860.00000001,0.0,23563,2744.4000000000005,0
1731290760000,2746.8,2746.8,2744.0,2744.8,105,86491440.0,0.0,23539,2746.8,0
1731290820000,2745.8,2747.4000000000005,2740.6000000000004,2740.8,100,82304760.0,0.0,23512,2744.8,0
1731290880000,2740.4000000000005,2742.2000000000003,2739.6000000000004,2740.0000000000005,110,90443640.0,0.0,23484,2740.8,0
1731290940000,2740.0,2740.4,2738.0,2738.2,86,70665960.0,0.0,23455,2740.0,0
1731291000000,2737.4,2739.8,2737.4,2739.0,58,47653500.00000001,0.0,23439,2738.2000000000003,0
1731291060000,2739.0,2740.8,2738.0,2739.4,62,50949780.0,0.0,23438,2739.0,0
1731291120000,2739.6000000000004,2742.6000000000004,2738.6000000000004,2742.6000000000004,49,40298640.00000001,0.0,23421,2739.4000000000005,0
1731291180000,2742.6000000000004,2746.0000000000005,2742.6000000000004,2745.6000000000004,102,83990400.0,0.0,23387,2742.6000000000004,0
1731291240000,2746.0,2747.0,2744.8,2746.0,93,76607280.00000001,0.0,23384,2745.6000000000004,0
1731291300000,2745.2,2747.2,2743.0,2743.8,46,37876920.00000001,0.0,23366,2746.0,0
1731291360000,2743.6,2745.6,2741.0,2741.2,73,60065160.0,0.0,23340,2743.8,0
1731291420000,2741.2000000000003,2743.2000000000003,2740.8,2741.2000000000003,70,57578400.0,0.0,23322,2741.2000000000003,0
1731291480000,2740.8,2741.4,2739.2000000000003,2739.2000000000003,85,69884340.0,0.0,23324,2741.2000000000003,0
1731291540000,2739.2000000000003,2739.2000000000003,2736.6000000000004,2737.2000000000003,85,69805740.0,0.0,23306,2739.2000000000003,0
1731291600000,2737.4,2738.6000000000004,2732.2000000000003,2732.2000000000003,131,107491260.00000001,0.0,23302,2737.2000000000003,0
1731291660000,2732.0000000000005,2732.4000000000005,2726.6000000000004,2727.4000000000005,403,329911140.00000006,0.0,23350,2732.2000000000003,0
1731291720000,2727.0,2728.6000000000004,2723.8,2724.2000000000003,266,217551480.0,0.0,23313,2727.4,0
1731291780000,2724.2000000000003,2726.6,2722.4,2723.4,201,164311080.0,0.0,23285,2724.2000000000003,0
1731291840000,2722.8,2723.2000000000003,2720.2000000000003,2722.0000000000005,212,173119560.00000003,0.0,23211,2723.4,0
1731291900000,2722.6,2722.6,2718.4,2719.4,233,190140420.00000003,0.0,23125,2722.0,0
1731291960000,2719.6,2720.4,2718.4,2719.6,107,87289860.00000001,0.0,23108,2719.4,0
1731292020000,2720.0,2720.0,2716.0,2716.0,208,169594440.0,0.0,23069,2719.6,0
1731292080000,2716.0,2719.8,2715.4,2719.8,193,157382280.0,0.0,23050,2716.0,0
1731292140000,2719.8,2720.0000000000005,2717.2000000000003,2718.0000000000005,145,118260780.0,0.0,23027,2719.8,0
1731292200000,2718.0,2719.2000000000003,2716.4,2717.6,108,88059180.0,0.0,23033,2718.0,0
1731292260000,2717.8,2720.4000000000005,2717.6000000000004,2718.0000000000005,171,139487100.0,0.0,23016,2717.6000000000004,0
1731292320000,2718.0,2719.6,2717.4,2719.2000000000003,81,66068879.99999999,0.0,23028,2718.0,0
1731292380000,2719.0000000000005,2720.0000000000005,2717.2000000000003,2720.0000000000005,112,91340040.00000001,0.0,23035,2719.2000000000003,0
1731292440000,2719.8,2720.8,2718.0,2718.4,103,84025800.0,0.0,23017,2720.0,0
1731292500000,2718.4,2719.8,2716.8,2717.8,146,119055240.00000001,0.0,22989,2718.4,0
1731292560000,2717.6,2719.4,2716.4,2719.0,118,96201000.0,0.0,22964,2717.8,0
1731292620000,2718.8,2718.8,2715.2000000000003,2717.0000000000005,158,128764740.0,0.0,22946,2719.0000000000005,0
1731292680000,2716.2000000000003,2716.2000000000003,2713.4,2714.2000000000003,163,132754680.0,0.0,22920,2717.0,0
1731292740000,2714.6000000000004,2717.0000000000005,2714.2000000000003,2714.2000000000003,125,101842740.0,0.0,22932,2714.2000000000003,0
1731292800000,2714.4,2716.0,2713.0,2715.6,162,131914980.0,0.0,22976,2714.2,0
1731292860000,2715.8,2717.6,2714.4,2717.6,113,92073540.0,0.0,22989,2715.6,0
1731292920000,2717.2000000000003,2719.2000000000003,2716.8,2717.6000000000004,83,67670760.0,0.0,23002,2717.6000000000004,0
1731292980000,2717.6,2719.2,2716.0,2718.2,119,97022400.0,0.0,23011,2717.6,0
1731293040000,2718.6,2720.0,2718.4,2719.2000000000003,72,58733640.0,0.0,23023,2718.2000000000003,0
1731293100000,2718.8,2720.4,2718.8,2720.0,45,36716100.0,0.0,23011,2719.2000000000003,0
1731293160000,2720.2000000000003,2723.6000000000004,2720.2000000000003,2722.0000000000005,94,76763340.0,0.0,23021,2720.0000000000005,0
1731293220000,2722.0000000000005,2723.6000000000004,2721.6000000000004,2723.0000000000005,98,80041200.0,0.0,23021,2722.0000000000005,0
1731293280000,2723.0,2725.6,2723.0,2725.2,99,80922540.00000001,0.0,23007,2723.0,0
1731293340000,2724.8,2725.2,2723.0,2724.2,85,69461400.0,0.0,23015,2725.2,0
1731293400000,2723.6000000000004,2724.0000000000005,2722.2000000000003,2723.2000000000003,88,71889480.0,0.0,22991,2724.2000000000003,0
1731293460000,2723.6,2725.4,2723.0,2724.8,69,56388360.00000001,0.0,22986,2723.2,0
1731293520000,2724.2000000000003,2725.0,2721.8,2724.6000000000004,66,53929200.00000001,0.0,22995,2724.8,0
1731293580000,2724.2000000000003,2725.8,2723.8,2723.8,39,31879020.000000004,0.0,23003,2724.6000000000004,0
1731293640000,2724.0000000000005,2726.6000000000004,2722.2000000000003,2725.0000000000005,131,107094360.00000001,0.0,23031,2723.8,0
1731293700000,2724.6000000000004,2725.0,2723.8,2724.2000000000003,52,42503640.0,0.0,23028,2725.0,0
1731293760000,2723.6000000000004,2726.8,2722.8,2725.4,83,67858080.00000001,0.0,23021,2724.2000000000003,0
1731293820000,2726.2000000000003,2729.0000000000005,2725.2000000000003,2729.0000000000005,93,76102980.00000001,0.0,23040,2725.4,0
1731293880000,2729.0000000000005,2730.0000000000005,2726.2000000000003,2728.0000000000005,148,121157520.0,0.0,23071,2729.0000000000005,0
1731293940000,2727.8,2728.6000000000004,2726.6000000000004,2726.6000000000004,45,36821520.0,0.0,23067,2728.0000000000005,0
1731294000000,2726.6,2728.0,2726.0,2728.0,39,31904400.000000004,0.0,23062,2726.6,0
1731294060000,2728.6000000000004,2729.8,2727.6000000000004,2729.2000000000003,69,56486940.0,0.0,23077,2728.0000000000005,0
1731294120000,2729.4000000000005,2731.4000000000005,2727.6000000000004,2729.4000000000005,102,83526120.0,0.0,23083,2729.2000000000003,0
1731294180000,2730.0,2732.4,2728.8,2732.2000000000003,68,55711200.0,0.0,23109,2729.4,0
1731294240000,2732.6000000000004,2732.8,2731.2000000000003,2732.2000000000003,50,40981620.0,0.0,23114,2732.2000000000003,0
1731294300000,2732.8,2734.2000000000003,2729.8,2730.2000000000003,127,104113380.00000001,0.0,23110,2732.2000000000003,0
1731294360000,2730.2000000000003,2731.2000000000003,2729.2000000000003,2730.4,54,44227440.00000001,0.0,23129,2730.2000000000003,0
1731294420000,2730.4,2731.4,2728.8,2730.0,42,34395000.0,0.0,23134,2730.4,0
1731294480000,2730.8,2733.2000000000003,2730.8,2731.8,72,59008380.0,0.0,23150,2730.0,0
1731294540000,2732.6000000000004,2734.2000000000003,2731.2000000000003,2731.2000000000003,61,50010780.00000001,0.0,23149,2731.8,0
1731294600000,2730.2,2732.6,2730.0,2730.6,55,45064620.0,0.0,23147,2731.2,0
1731294660000,2731.2000000000003,2731.2000000000003,2728.4,2729.0,47,38485980.0,0.0,23157,2730.6,0
1731294720000,2729.0,2729.8,2726.8,2727.8,41,33558240.0,0.0,23158,2729.0,0
1731294780000,2727.4,2729.6,2727.4,2728.6,25,20460600.0,0.0,23154,2727.8,0
1731294840000,2729.2,2730.8,2727.0,2730.6,37,30289200.0,0.0,23152,2728.6,0
1731294900000,2730.2000000000003,2734.4000000000005,2729.6000000000004,2732.4000000000005,121,99193020.00000001,0.0,23170,2730.6000000000004,0
1731294960000,2732.0,2732.8,2730.0,2730.8,66,54076560.00000001,0.0,23185,2732.4,0
1731295020000,2730.0000000000005,2731.0000000000005,2729.2000000000003,2729.2000000000003,46,37671300.00000001,0.0,23177,2730.8,0
1731295080000,2729.2000000000003,2730.4,2727.8,2729.2000000000003,33,27017520.000000004,0.0,23181,2729.2000000000003,0
1731295140000,2728.4,2728.8,2727.0,2728.4,26,21277380.0,0.0,23180,2729.2,0
1731295200000,2728.8,2731.2000000000003,2728.4,2729.0,31,25385460.0,0.0,23186,2728.4,0
1731295260000,2728.0,2731.2,2727.0,2729.2,50,40939620.0,0.0,23187,2729.0,0
1731295320000,2730.0,2731.6,2729.4,2731.4,27,22117380.000000004,0.0,23180,2729.2000000000003,0
1731295380000,2731.6000000000004,2733.0000000000005,2731.6000000000004,2732.8,29,23771700.000000004,0.0,23175,2731.4000000000005,0
1731295440000,2732.4,2733.6000000000004,2731.8,2733.0,64,52472580.0,0.0,23165,2732.8,0
1731295500000,2733.0,2734.4,2732.4,2734.4,57,46747980.0,0.0,23164,2733.0,0
1731295560000,2733.8,2734.4000000000005,2732.6000000000004,2733.4000000000005,27,22139520.000000004,0.0,23164,2734.4000000000005,0
1731295620000,2733.4,2734.2000000000003,2731.8,2733.2000000000003,24,19676400.000000004,0.0,23159,2733.4,0
1731295680000,2733.2000000000003,2737.0000000000005,2733.2000000000003,2736.6000000000004,62,50871780.0,0.0,23154,2733.2000000000003,0
1731295740000,2736.4000000000005,2736.6000000000004,2732.6000000000004,2735.0000000000005,71,58257780.0,0.0,23169,2736.6000000000004,0
1731295800000,2734.8,2739.6000000000004,2734.8,2739.0,68,55841100.00000001,0.0,23161,2735.0,0
1731301260000,2737.0,2740.4,2735.0,2735.0,205,168361500.0,0.0,23148,2739.0,0
1731301320000,2735.2000000000003,2736.4,2732.4,2736.4,96,78752640.00000001,0.0,23143,2735.0,0
1731301380000,2735.8,2738.4000000000005,2734.6000000000004,2737.8,50,41051760.0,0.0,23136,2736.4000000000005,0
1731301440000,2738.6000000000004,2742.4000000000005,2737.6000000000004,2742.4000000000005,103,84647400.0,0.0,23105,2737.8,0
1731301500000,2742.2,2745.2,2742.0,2743.6,183,150629700.0,0.0,23092,2742.4,0
1731301560000,2743.8,2744.4,2741.0,2741.0,63,51839460.00000001,0.0,23080,2743.6,0
1731301620000,2741.0,2741.0,2737.4,2737.4,66,54238020.0,0.0,23083,2741.0,0
1731301680000,2737.4,2740.8,2737.4,2738.6,66,54232560.00000001,0.0,23087,2737.4,0
1731301740000,2738.8,2739.2000000000003,2737.6000000000004,2738.0000000000005,24,19715580.000000004,0.0,23085,2738.6000000000004,0
1731301800000,2739.0,2743.6,2739.0,2742.8,85,69919320.0,0.0,23087,2738.0,0
1731301860000,2743.0000000000005,2744.2000000000003,2740.6000000000004,2743.2000000000003,207,170285040.00000003,0.0,23051,2742.8,0
1731301920000,2743.6000000000004,2747.0000000000005,2743.6000000000004,2746.8,81,66731819.99999999,0.0,23059,2743.2000000000003,0
1731301980000,2746.6000000000004,2747.4,2745.8,2746.0,37,30486360.000000004,0.0,23058,2746.8,0
1731302040000,2747.0000000000005,2748.6000000000004,2745.6000000000004,2745.6000000000004,78,64292340.00000001,0.0,23060,2746.0000000000005,0
1731302100000,2745.0,2746.2000000000003,2743.8,2744.2000000000003,64,52697100.00000001,0.0,23075,2745.6000000000004,0
1731302160000,2744.0,2746.0,2743.4,2744.2000000000003,55,45285180.0,0.0,23092,2744.2000000000003,0
1731302220000,2744.4,2745.2000000000003,2742.2000000000003,2744.2000000000003,53,43627260.00000001,0.0,23101,2744.2000000000003,0
1731302280000,2744.4,2744.4,2741.2000000000003,2742.0000000000005,44,36198960.00000001,0.0,23103,2744.2000000000003,0
1731302340000,2741.6,2741.6,2739.4,2741.2000000000003,69,56728020.00000001,0.0,23109,2742.0,0
1731302400000,2740.8,2741.2000000000003,2739.8,2740.8,34,27954600.000000004,0.0,23120,2741.2000000000003,0
1731302460000,2740.8,2742.2000000000003,2739.8,2740.4,83,68254560.0,0.0,23139,2740.8,0
1731302520000,2741.0000000000005,2742.2000000000003,2740.2000000000003,2740.8,49,40297980.0,0.0,23151,2740.4,0
1731302580000,2741.8,2742.6,2741.4,2742.2000000000003,24,19742580.000000004,0.0,23161,2740.8,0
1731302640000,2742.8,2744.2000000000003,2742.6000000000004,2744.0000000000005,31,25512540.0,0.0,23176,2742.2000000000003,0
1731302700000,2744.2000000000003,2746.2000000000003,2744.2000000000003,2746.2000000000003,36,29652000.0,0.0,23192,2744.0000000000005,0
1731302760000,2746.6000000000004,2750.4000000000005,2746.6000000000004,2750.4000000000005,123,101440320.0,0.0,23234,2746.2000000000003,0
1731302820000,2750.6000000000004,2753.8,2750.6000000000004,2752.8,194,160161960.0,0.0,23263,2750.4000000000005,0
1731302880000,2753.4,2753.8,2751.0,2752.0,149,123020520.0,0.0,23340,2752.8,0
1731302940000,2752.0,2754.2,2752.0,2753.0,81,66900240.0,0.0,23380,2752.0,0
1731303000000,2753.0,2754.0,2751.4,2752.4,69,56975880.0,0.0,23404,2753.0,0
1731303060000,2752.4,2753.4,2749.4,2749.4,113,93276660.00000001,0.0,23395,2752.4,0
1731303120000,2750.2000000000003,2753.0,2749.4,2751.6,53,43748520.00000001,0.0,23411,2749.4,0
1731303180000,2751.8,2751.8,2750.0,2750.6,30,24757860.0,0.0,23422,2751.6,0
1731303240000,2749.6,2750.2,2747.0,2747.2,42,34631040.0,0.0,23438,2750.6,0
1731303300000,2747.2000000000003,2747.6000000000004,2745.6000000000004,2747.6000000000004,55,45317700.0,0.0,23463,2747.2000000000003,0
1731303360000,2748.2000000000003,2752.6000000000004,2748.2000000000003,2752.6000000000004,63,51991380.00000001,0.0,23479,2747.6000000000004,0
1731303420000,2752.6,2753.6,2751.0,2751.4,54,44581620.00000001,0.0,23487,2752.6,0
1731303480000,2751.8,2751.8,2747.6000000000004,2747.6000000000004,62,51149940.0,0.0,23499,2751.4000000000005,0
1731303540000,2747.6000000000004,2751.4000000000005,2747.6000000000004,2750.8,36,29696940.0,0.0,23517,2747.6000000000004,0
1731303600000,2750.4,2750.4,2746.4,2746.4,49,40404720.00000001,0.0,23533,2750.8,0
1731303660000,2746.4,2746.4,2743.8,2743.8,78,64246020.00000001,0.0,23562,2746.4,0
1731303720000,2743.8,2745.4000000000005,2743.6000000000004,2743.6000000000004,74,60922740.00000001,0.0,23584,2743.8,0
1731303780000,2743.6,2746.4,2743.4,2743.6,56,46111320.00000001,0.0,23605,2743.6,0
1731303840000,2743.6000000000004,2747.0000000000005,2741.6000000000004,2746.8,76,62566140.0,0.0,23629,2743.6000000000004,0
1731303900000,2746.8,2747.2000000000003,2745.6000000000004,2746.8,69,56849700.00000001,0.0,23649,2746.8,0
1731303960000,2747.6000000000004,2748.8,2747.6000000000004,2748.0000000000005,35,28856400.0,0.0,23657,2746.8,0
1731304020000,2748.2000000000003,2748.8,2747.6000000000004,2748.8,32,26383560.000000004,0.0,23663,2748.0000000000005,0
1731304080000,2748.2000000000003,2749.8,2747.4,2747.4,32,26388060.0,0.0,23671,2748.8,0
1731304140000,2747.2000000000003,2750.2000000000003,2746.8,2750.2000000000003,33,27211620.0,0.0,23685,2747.4,0
1731304200000,2751.0,2754.4,2750.8,2751.0,83,68545200.0,0.0,23727,2750.2000000000003,0
1731304260000,2751.6000000000004,2752.8,2750.2000000000003,2751.8,45,37142820.0,0.0,23739,2751.0000000000005,0
1731304320000,2752.2,2753.2,2752.0,2753.0,25,20645640.0,0.0,23749,2751.8,0
1731304380000,2753.4,2754.0,2752.0,2752.6,52,42941040.0,0.0,23748,2753.0,0
1731304440000,2753.0000000000005,2754.4,2752.2000000000003,2754.4,16,13215060.000000002,0.0,23752,2752.6000000000004,0
1731304500000,2754.2000000000003,2756.8,2754.2000000000003,2755.0000000000005,66,54558240.00000001,0.0,23779,2754.4,0
1731304560000,2754.8,2754.8,2752.4,2753.4,64,52873380.00000001,0.0,23784,2755.0,0
1731304620000,2753.6,2753.6,2751.0,2751.2,107,88326120.00000001,0.0,23776,2753.4,0
1731304680000,2751.2000000000003,2752.6000000000004,2750.8,2751.0,36,29715720.0,0.0,23788,2751.2000000000003,0
1731304740000,2750.8,2750.8,2748.0,2749.6,58,47837700.00000001,0.0,23816,2751.0,0
1731304800000,2749.6,2750.0,2746.0,2746.0,67,55237560.0,0.0,23836,2749.6,0
1731304860000,2746.0000000000005,2747.0000000000005,2745.2000000000003,2745.2000000000003,42,34602240.0,0.0,23853,2746.0000000000005,0
1731304920000,2745.0,2745.4,2741.0,2741.8,55,45263040.0,0.0,23879,2745.2,0
1731304980000,2742.0,2744.2,2742.0,2742.4,55,45260580.0,0.0,23901,2741.8,0
1731305040000,2742.0,2744.0,2742.0,2742.8,58,47729700.00000001,0.0,23925,2742.4,0
1731305100000,2742.2000000000003,2742.2000000000003,2738.6000000000004,2739.4000000000005,76,62480160.00000001,0.0,23953,2742.8,0
1731305160000,2739.4000000000005,2739.6000000000004,2738.6000000000004,2738.6000000000004,101,82996020.00000001,0.0,23994,2739.4000000000005,0
1731305220000,2738.4,2741.8,2738.4,2741.8,104,85469460.0,0.0,24000,2738.6,0
1731305280000,2741.6000000000004,2744.4000000000005,2740.6000000000004,2743.4000000000005,58,47723520.0,0.0,24025,2741.8,0
1731305340000,2743.8,2746.0,2743.8,2746.0,52,42818100.0,0.0,24035,2743.4,0
1731305400000,2745.6000000000004,2746.2000000000003,2744.6000000000004,2744.6000000000004,32,26355600.000000004,0.0,24046,2746.0000000000005,0
1731305460000,2744.6000000000004,2749.0000000000005,2744.6000000000004,2749.0000000000005,58,47805420.0,0.0,24070,2744.6000000000004,0
1731305520000,2748.8,2749.4,2748.2000000000003,2748.6000000000004,153,126171780.00000001,0.0,24077,2749.0000000000005,0
1731305580000,2748.8,2749.0000000000005,2747.2000000000003,2747.4,18,14838660.0,0.0,24082,2748.6000000000004,0
1731305640000,2747.8,2751.0,2747.8,2748.8,39,32167080.000000004,0.0,24094,2747.4,0
1731305700000,2748.8,2750.0,2748.0,2748.4,36,29685780.0,0.0,24109,2748.8,0
1731305760000,2748.8,2749.2000000000003,2747.4,2748.0,23,18961920.000000004,0.0,24117,2748.4,0
1731305820000,2747.2000000000003,2747.6,2744.4,2747.6,49,40374780.00000001,0.0,24119,2748.0,0
1731305880000,2747.4,2748.4,2746.8,2746.8,22,18134100.000000004,0.0,24125,2747.6000000000004,0
1731305940000,2746.4,2746.8,2745.2000000000003,2746.2000000000003,32,26361600.0,0.0,24133,2746.8,0
1731306000000,2746.2000000000003,2748.4,2746.2000000000003,2747.0000000000005,80,65934300.0,0.0,24166,2746.2000000000003,0
1731306060000,2747.4,2747.6000000000004,2746.2000000000003,2747.6000000000004,40,32959980.0,0.0,24182,2747.0000000000005,0
1731306120000,2747.8,2748.0,2744.4,2745.0,45,37066980.0,0.0,24210,2747.6,0
1731306180000,2744.4,2744.4,2742.2000000000003,2742.2000000000003,26,21397980.0,0.0,24225,2745.0000000000005,0
1731306240000,2742.2000000000003,2743.0000000000005,2741.6000000000004,2743.0000000000005,47,38667120.0,0.0,24238,2742.2000000000003,0
1731306300000,2742.8,2742.8,2739.8,2739.8,32,26311440.000000004,0.0,24254,2743.0,0
1731306360000,2740.2000000000003,2740.8,2738.6000000000004,2739.2000000000003,93,76431120.0,0.0,24300,2739.8,0
1731306420000,2739.4,2744.2000000000003,2739.2000000000003,2742.8,151,124192740.0,0.0,24387,2739.2000000000003,0
1731306480000,2743.2000000000003,2745.8,2743.2000000000003,2744.8,62,51049680.0,0.0,24419,2742.8,0
1731306540000,2745.4,2748.4,2744.2000000000003,2748.4,32,26367900.0,0.0,24430,2744.8,0
1731306600000,2748.2,2752.8,2747.0,2752.4,149,122916540.0,0.0,24490,2748.4,0
1731306660000,2752.6,2758.0,2752.0,2757.8,207,171134160.00000003,0.0,24532,2752.4,0
1731306720000,2757.8,2758.4000000000005,2754.6000000000004,2754.6000000000004,145,119894460.0,0.0,24572,2757.8,0
1731306780000,2755.0000000000005,2756.6000000000004,2754.6000000000004,2755.4000000000005,74,61173060.0,0.0,24597,2754.6000000000004,0
1731306840000,2756.2000000000003,2756.2000000000003,2751.2000000000003,2751.2000000000003,56,46245240.00000001,0.0,24619,2755.4,0
1731306900000,2751.0000000000005,2751.8,2748.6000000000004,2748.6000000000004,58,47851620.00000001,0.0,24638,2751.2000000000003,0
1731306960000,2748.2000000000003,2749.8,2744.2000000000003,2747.4,117,96399180.0,0.0,24684,2748.6000000000004,0
1731307020000,2746.4,2752.4,2746.4,2750.4,100,82501980.0,0.0,24726,2747.4,0
1731307080000,2750.0,2752.4,2750.0,2752.4,20,16507080.0,0.0,24735,2750.4,0
1731307140000,2752.6000000000004,2753.0000000000005,2751.2000000000003,2751.4,53,43756920.00000001,0.0,24760,2752.4,0
1731307200000,2751.2000000000003,2752.8,2750.4,2750.4,35,28891020.0,0.0,24780,2751.4,0
1731307260000,2750.4000000000005,2752.6000000000004,2748.6000000000004,2752.4000000000005,65,53642220.0,0.0,24808,2750.4000000000005,0
1731307320000,2752.6000000000004,2754.4000000000005,2752.6000000000004,2754.4000000000005,43,35523300.0,0.0,24815,2752.4000000000005,0
1731307380000,2754.2000000000003,2755.0,2753.8,2754.8,40,33053520.0,0.0,24821,2754.4,0
1731307440000,2754.8,2755.0,2753.4,2754.2000000000003,46,38005740.00000001,0.0,24833,2754.8,0
1731307500000,2754.2000000000003,2756.8,2754.2000000000003,2755.8,100,82674720.0,0.0,24867,2754.2000000000003,0
1731307560000,2755.2000000000003,2755.6000000000004,2753.6000000000004,2754.2000000000003,87,71894580.00000001,0.0,24872,2755.8,0
1731307620000,2754.2,2754.6,2751.0,2752.4,92,75971880.00000001,0.0,24907,2754.2,0
1731307680000,2752.6000000000004,2756.4000000000005,2752.6000000000004,2756.0000000000005,71,58674660.0,0.0,24937,2752.4000000000005,0
1731307740000,2755.4000000000005,2756.4000000000005,2754.6000000000004,2755.6000000000004,54,44638860.00000001,0.0,24944,2756.0000000000005,0
1731307800000,2755.6000000000004,2756.8,2754.8,2756.6000000000004,75,62002620.0,0.0,24964,2755.6000000000004,0
1731307860000,2757.4,2757.6000000000004,2754.2000000000003,2755.4,88,72743220.00000001,0.0,24988,2756.6000000000004,0
1731307920000,2754.8,2756.8,2753.8,2755.8,142,117370260.0,0.0,25039,2755.4,0
1731307980000,2756.4,2760.2000000000003,2755.8,2759.6000000000004,195,161343060.0,0.0,25118,2755.8,0
1731308040000,2759.8,2759.8,2756.0,2759.4,68,56278140.00000001,0.0,25140,2759.6,0
1731308100000,2759.4,2760.8,2759.0,2760.4,91,75349859.99999999,0.0,25171,2759.4,0
1731308160000,2760.2000000000003,2760.2000000000003,2758.4,2759.4,109,90225960.0,0.0,25192,2760.4,0
1731308220000,2759.2000000000003,2759.6000000000004,2758.8,2758.8,79,65390760.00000001,0.0,25232,2759.4,0
1731308280000,2759.2000000000003,2759.6000000000004,2758.2000000000003,2758.2000000000003,89,73662540.0,0.0,25259,2758.8,0
1731308340000,2758.2000000000003,2758.4,2756.2000000000003,2756.2000000000003,115,95131800.0,0.0,25282,2758.2000000000003,0
1731308400000,2756.0000000000005,2758.4000000000005,2754.6000000000004,2756.2000000000003,222,183559860.00000003,2750.8,25308,2756.2000000000003,0
1731375000000,2740.4,2740.4,2740.4,2740.4,67,55082040.0,0.0,25278,2756.2000000000003,0
1731375060000,2746.0000000000005,2749.6000000000004,2744.2000000000003,2747.6000000000004,589,485320320.0,0.0,24947,2740.4,0
1731375120000,2746.8,2747.8,2740.4,2746.0,306,251898720.0,0.0,24783,2747.6,0
1731375180000,2746.8,2754.4000000000005,2745.6000000000004,2754.2000000000003,357,294403800.00000006,0.0,24582,2746.0000000000005,0
1731375240000,2754.0000000000005,2757.4,2752.2000000000003,2756.4,216,178501140.00000003,0.0,24460,2754.2000000000003,0
1731375300000,2756.4,2757.0,2752.0,2754.0,256,211546560.0,0.0,24354,2756.4,0
1731375360000,2754.8,2756.4,2752.0,2755.6,170,140459100.0,0.0,24302,2754.0,0
1731375420000,2755.0,2756.6,2752.0,2756.2,149,123123780.0,0.0,24241,2755.6,0
1731375480000,2755.4,2764.2000000000003,2755.2000000000003,2761.4,234,193803420.00000003,0.0,24138,2756.2000000000003,0
1731375540000,2761.6,2763.0,2757.4,2762.2000000000003,231,191280360.00000003,0.0,24026,2761.4,0
1731375600000,2761.8,2769.8,2759.2000000000003,2769.8,269,223146300.0,0.0,23917,2762.2000000000003,0
1731375660000,2768.8,2772.8,2767.8,2772.0,253,210289260.0,0.0,23815,2769.8,0
1731375720000,2771.4,2775.4,2770.8,2775.4,291,242031120.0,0.0,23691,2772.0,0
1731375780000,2774.2000000000003,2776.0000000000005,2770.6000000000004,2773.8,199,165568680.00000003,0.0,23630,2775.4000000000005,0
1731375840000,2774.4,2779.2000000000003,2774.2000000000003,2778.6000000000004,197,164145240.00000003,0.0,23537,2773.8,0
1731375900000,2778.6000000000004,2783.6000000000004,2778.6000000000004,2781.6000000000004,329,274550880.0,0.0,23443,2778.6000000000004,0
1731375960000,2781.0,2787.0,2780.4,2780.6,261,217945500.00000003,0.0,23342,2781.6,0
1731376020000,2780.2000000000003,2781.6000000000004,2776.8,2777.0,197,164229600.00000003,0.0,23282,2780.6000000000004,0
1731376080000,2776.6,2782.4,2776.4,2780.0,260,216827520.0,0.0,23202,2777.0,0
1731376140000,2779.4,2782.8,2778.4,2779.2000000000003,164,136780140.0,0.0,23140,2780.0,0
1731376200000,2779.6,2780.8,2775.0,2775.8,229,190819020.00000003,0.0,23049,2779.2,0
1731376260000,2775.2000000000003,2779.4,2775.2000000000003,2777.6000000000004,175,145814400.0,0.0,23013,2775.8,0
1731376320000,2777.2000000000003,2783.0000000000005,2777.2000000000003,2781.2000000000003,199,165976140.00000003,0.0,22991,2777.6000000000004,0
1731376380000,2780.6,2781.8,2777.0,2779.2,104,86697360.00000001,0.0,22967,2781.2,0
1731376440000,2779.0,2781.2,2774.0,2775.2,161,134184780.00000001,0.0,22917,2779.2,0
1731376500000,2773.8,2775.6000000000004,2772.6000000000004,2772.6000000000004,128,106525140.00000001,0.0,22890,2775.2000000000003,0
1731376560000,2772.6,2773.2,2769.0,2770.6,150,124709040.0,0.0,22862,2772.6,0
1731376620000,2770.6000000000004,2772.8,2770.2000000000003,2771.6000000000004,106,88143840.00000001,0.0,22852,2770.6000000000004,0
1731376680000,2771.2000000000003,2771.8,2768.2000000000003,2770.8,126,104689620.00000001,0.0,22835,2771.6000000000004,0
1731376740000,2770.0000000000005,2775.0000000000005,2769.6000000000004,2770.2000000000003,208,172969500.0,0.0,22782,2770.8,0
1731376800000,2769.8,2771.6,2768.0,2768.4,160,132934980.0,0.0,22749,2770.2,0
1731376860000,2768.4000000000005,2768.8,2766.6000000000004,2768.2000000000003,125,103793400.0,0.0,22736,2768.4000000000005,0
1731376920000,2767.8,2767.8,2764.0,2765.4,159,131910360.0,0.0,22719,2768.2,0
1731376980000,2765.4,2767.8,2764.0,2767.2,105,87130920.0,0.0,22714,2765.4,0
1731377040000,2767.8,2768.0,2759.0,2759.0,165,136746120.0,0.0,22686,2767.2,0
1731377100000,2759.4,2762.0,2758.0,2760.0,140,115922820.0,0.0,22658,2759.0,0
1731377160000,2760.4000000000005,2762.0000000000005,2759.6000000000004,2762.0000000000005,102,84490680.00000001,0.0,22641,2760.0000000000005,0
1731377220000,2761.4,2762.6000000000004,2760.2000000000003,2762.4,51,42252240.0,0.0,22633,2762.0000000000005,0
1731377280000,2763.0,2764.4,2759.4,2759.4,57,47240040.0,0.0,22625,2762.4,0
1731377340000,2759.2000000000003,2761.6000000000004,2758.2000000000003,2760.2000000000003,78,64585560.00000001,0.0,22611,2759.4,0
1731377400000,2759.8,2761.8,2759.6000000000004,2760.4000000000005,71,58804980.0,0.0,22608,2760.2000000000003,0
1731377460000,2760.2000000000003,2763.0000000000005,2759.2000000000003,2760.8,58,48042180.0,0.0,22610,2760.4,0
1731377520000,2761.8,2763.4,2758.4,2758.4,67,55500600.0,0.0,22596,2760.8,0
1731377580000,2758.4,2758.4,2753.0,2753.2,122,100835640.0,0.0,22562,2758.4,0
1731377640000,2752.6000000000004,2755.4000000000005,2752.6000000000004,2755.2000000000003,133,109888620.00000001,0.0,22511,2753.2000000000003,0
1731377700000,2755.2000000000003,2757.0,2753.4,2756.4,92,76052100.0,0.0,22488,2755.2000000000003,0
1731377760000,2756.0000000000005,2759.6000000000004,2755.2000000000003,2759.0000000000005,67,55425780.00000001,0.0,22468,2756.4,0
1731377820000,2759.6000000000004,2762.8,2759.6000000000004,2762.8,87,72083220.00000001,0.0,22431,2759.0000000000005,0
1731377880000,2762.2000000000003,2763.0,2759.8,2761.2000000000003,46,38106780.0,0.0,22410,2762.8,0
1731377940000,2760.8,2762.2,2758.0,2759.4,50,41403780.0,0.0,22403,2761.2,0
1731378000000,2759.0000000000005,2760.0000000000005,2756.6000000000004,2757.8,61,50466600.00000001,0.0,22391,2759.4000000000005,0
1731378060000,2757.8,2760.6000000000004,2757.8,2759.6000000000004,58,48016800.00000001,0.0,22383,2757.8,0
1731378120000,2759.4,2760.2000000000003,2758.4,2760.0,65,53807220.0,0.0,22372,2759.6,0
1731378180000,2760.4,2761.6000000000004,2758.8,2761.2000000000003,56,46375440.00000001,0.0,22354,2760.0,0
1731378240000,2761.6000000000004,2763.0000000000005,2760.6000000000004,2760.6000000000004,98,81202800.0,0.0,22326,2761.2000000000003,0
1731378300000,2760.8,2760.8,2758.8,2759.2000000000003,84,69546840.0,0.0,22301,2760.6000000000004,0
1731378360000,2759.0,2759.8,2757.0,2759.8,56,46342620.00000001,0.0,22276,2759.2,0
1731378420000,2758.0,2758.4,2757.0,2758.4,39,32264100.000000004,0.0,22265,2759.8,0
1731378480000,2757.4,2757.4,2754.8,2754.8,33,27281700.0,0.0,22266,2758.4,0
1731378540000,2755.2000000000003,2756.8,2752.8,2753.8,61,50414760.00000001,0.0,22257,2754.8,0
1731378600000,2753.6,2753.8,2751.0,2751.6,111,91654980.00000001,0.0,22213,2753.8,0
1731378660000,2751.6000000000004,2754.2000000000003,2751.6000000000004,2753.0000000000005,87,71858160.00000001,0.0,22184,2751.6000000000004,0
1731378720000,2752.8,2752.8,2750.2000000000003,2750.2000000000003,59,48700980.0,0.0,22171,2753.0000000000005,0
1731378780000,2750.2,2752.4,2750.0,2751.4,122,100698300.00000001,0.0,22112,2750.2,0
1731378840000,2751.0000000000005,2753.4000000000005,2749.6000000000004,2753.4000000000005,76,62723940.00000001,0.0,22096,2751.4000000000005,0
1731378900000,2753.4000000000005,2754.2000000000003,2751.6000000000004,2753.4000000000005,105,86722080.0,0.0,22053,2753.4000000000005,0
1731378960000,2753.8,2756.6,2753.4,2754.0,100,82639380.0,0.0,22022,2753.4,0
1731379020000,2753.8,2755.6000000000004,2753.2000000000003,2754.6000000000004,70,57844980.0,0.0,22009,2754.0000000000005,0
1731379080000,2754.4,2754.4,2752.8,2753.4,89,73514580.0,0.0,22002,2754.6000000000004,0
1731379140000,2753.4000000000005,2755.6000000000004,2752.6000000000004,2755.2000000000003,48,39655740.00000001,0.0,21990,2753.4000000000005,0
1731379200000,2754.6000000000004,2754.6000000000004,2750.8,2751.2000000000003,50,41290980.0,0.0,21976,2755.2000000000003,0
1731379260000,2751.2,2751.8,2748.0,2748.0,107,88255920.0,0.0,21952,2751.2,0
1731379320000,2748.0,2752.4,2748.0,2752.4,104,85805760.00000001,0.0,21925,2748.0,0
1731379380000,2752.6,2754.2000000000003,2752.4,2753.4,46,37993800.0,0.0,21915,2752.4,0
1731379440000,2753.6,2755.8,2753.0,2753.8,123,101643120.0,0.0,21862,2753.4,0
1731379500000,2754.0,2754.4,2752.0,2752.0,38,31390620.000000004,0.0,21854,2753.8,0
1731379560000,2752.8,2753.8,2750.4,2751.4,56,46236960.00000001,0.0,21849,2752.0,0
1731379620000,2751.0,2752.0,2750.4,2751.6,48,39620940.00000001,0.0,21851,2751.4,0
1731379680000,2751.2000000000003,2751.2000000000003,2748.6000000000004,2749.0000000000005,82,67646100.00000001,0.0,21843,2751.6000000000004,0
1731379740000,2749.0000000000005,2750.6000000000004,2748.2000000000003,2749.6000000000004,82,67630020.00000001,0.0,21833,2749.0000000000005,0
1731379800000,2749.6000000000004,2751.8,2749.2000000000003,2751.0000000000005,59,48682020.0,0.0,21823,2749.6000000000004,0
1731379860000,2751.8,2752.6000000000004,2748.8,2749.2000000000003,53,43737000.0,0.0,21811,2751.0,0
1731379920000,2749.0,2750.2,2748.0,2748.6,51,42058440.0,0.0,21796,2749.2,0
1731379980000,2748.6000000000004,2750.6000000000004,2747.6000000000004,2750.4000000000005,43,35463420.0,0.0,21788,2748.6000000000004,0
1731380040000,2749.6000000000004,2751.0000000000005,2749.2000000000003,2750.6000000000004,43,35479200.0,0.0,21780,2750.4,0
1731380100000,2751.0000000000005,2754.2000000000003,2750.6000000000004,2753.8,91,75145379.99999999,0.0,21762,2750.6000000000004,0
1731380160000,2753.8,2753.8,2751.2000000000003,2752.2000000000003,54,44591280.0,0.0,21757,2753.8,0
1731380220000,2752.0,2752.0,2748.8,2749.8,62,51154020.0,0.0,21750,2752.2000000000003,0
1731380280000,2749.4,2749.4,2744.2000000000003,2745.0000000000005,148,121930680.0,0.0,21742,2749.8,0
1731380340000,2745.2000000000003,2748.2000000000003,2745.2000000000003,2747.0000000000005,80,65917800.0,0.0,21735,2745.0000000000005,0
1731380400000,2747.4000000000005,2748.0000000000005,2745.6000000000004,2746.8,44,36258600.0,0.0,21734,2747.0000000000005,0
1731380460000,2746.2000000000003,2750.8,2745.2000000000003,2748.4,66,54405240.00000001,0.0,21728,2746.8,0
1731380520000,2748.8,2751.4,2748.8,2750.2000000000003,53,43722720.00000001,0.0,21722,2748.4,0
1731380580000,2750.2000000000003,2752.0,2749.8,2751.6000000000004,51,42088740.00000001,0.0,21708,2750.2000000000003,0
1731380640000,2752.0000000000005,2752.8,2750.6000000000004,2752.8,51,42101160.00000001,0.0,21698,2751.6000000000004,0
1731380700000,2753.2000000000003,2753.8,2752.6000000000004,2753.2000000000003,52,42951180.0,0.0,21703,2752.8,0
1731380760000,2753.0,2754.2000000000003,2751.4,2752.2000000000003,57,47074440.00000001,0.0,21710,2753.2000000000003,0
1731380820000,2751.4,2752.8,2749.8,2750.8,52,42918600.0,0.0,21703,2752.2000000000003,0
1731380880000,2751.0,2751.6000000000004,2749.8,2749.8,23,18979800.0,0.0,21695,2750.8,0
1731380940000,2749.2000000000003,2749.2000000000003,2745.8,2746.8,60,49448640.0,0.0,21701,2749.8,0
1731381000000,2747.0,2748.6000000000004,2746.8,2747.2000000000003,65,53576520.0,0.0,21703,2746.8,0
1731381060000,2747.2000000000003,2748.2000000000003,2746.2000000000003,2747.2000000000003,38,31318140.0,0.0,21704,2747.2000000000003,0
1731381120000,2748.0,2750.2000000000003,2746.4,2746.4,60,49465860.0,0.0,21702,2747.2000000000003,0
1731381180000,2746.8,2748.0000000000005,2746.2000000000003,2746.6000000000004,43,35436780.0,0.0,21702,2746.4,0
1731381240000,2746.6,2746.6,2744.4,2744.8,60,49414680.0,0.0,21710,2746.6,0
1731381300000,2744.8,2745.2000000000003,2742.2000000000003,2742.6000000000004,88,72424980.00000001,0.0,21719,2744.8,0
1731381360000,2742.6000000000004,2745.4000000000005,2742.6000000000004,2743.6000000000004,37,30460200.000000004,0.0,21717,2742.6000000000004,0
1731381420000,2743.8,2744.4,2742.0,2742.0,47,38680320.0,0.0,21728,2743.6,0
1731381480000,2741.8,2741.8,2738.4,2739.6,128,105213180.0,0.0,21716,2742.0,0
1731381540000,2739.6000000000004,2741.4000000000005,2737.6000000000004,2740.2000000000003,193,158606760.0,0.0,21717,2739.6000000000004,0
1731381600000,2740.2000000000003,2741.0,2738.8,2741.0,53,43563300.00000001,0.0,21718,2740.2000000000003,0
1731381660000,2741.2000000000003,2742.2000000000003,2740.6000000000004,2742.0000000000005,40,32899200.0,0.0,21727,2741.0000000000005,0
1731381720000,2742.2,2747.8,2742.0,2747.6,104,85641900.0,0.0,21730,2742.0,0
1731381780000,2747.0,2747.0,2744.4,2745.0,48,39540480.00000001,0.0,21722,2747.6,0
1731381840000,2745.2000000000003,2745.2000000000003,2743.4,2745.0,28,23051520.0,0.0,21718,2745.0,0
1731381900000,2746.0,2746.0,2743.8,2744.4,24,19763340.000000004,0.0,21713,2745.0,0
1731381960000,2745.4,2746.2,2745.0,2745.8,22,18120660.0,0.0,21711,2744.4,0
1731382020000,2745.8,2748.8,2745.6000000000004,2748.8,46,37916460.00000001,0.0,21713,2745.8,0
1731382080000,2748.4,2749.6,2748.4,2748.6,32,26390580.000000004,0.0,21717,2748.8,0
1731382140000,2748.4,2750.2,2748.0,2750.2,44,36293640.0,0.0,21724,2748.6,0
1731382200000,2750.2000000000003,2752.4,2750.2000000000003,2751.4,61,50349060.00000001,0.0,21729,2750.2000000000003,0
1731387660000,2748.2000000000003,2751.4,2744.8,2746.4,257,211925220.00000003,0.0,21741,2751.4,0
1731387720000,2747.2000000000003,2749.2000000000003,2744.8,2746.0,93,76647720.0,0.0,21727,2746.4,0
1731387780000,2745.8,2747.2000000000003,2744.4,2744.4,77,63425280.0,0.0,21728,2746.0,0
1731387840000,2744.4,2748.2,2743.0,2748.2,96,79061280.00000001,0.0,21719,2744.4,0
1731387900000,2748.6000000000004,2749.0000000000005,2745.2000000000003,2745.6000000000004,55,45334980.0,0.0,21730,2748.2000000000003,0
1731387960000,2745.2000000000003,2745.8,2742.2000000000003,2742.2000000000003,72,59268360.0,0.0,21731,2745.6000000000004,0
1731388020000,2742.0000000000005,2743.8,2741.2000000000003,2743.8,84,69105420.0,0.0,21734,2742.2000000000003,0
1731388080000,2743.2000000000003,2744.2000000000003,2741.6000000000004,2743.6000000000004,47,38673960.0,0.0,21742,2743.8,0
1731388140000,2743.4,2743.6000000000004,2741.8,2742.2000000000003,36,29618160.0,0.0,21751,2743.6000000000004,0
1731388200000,2741.8,2742.6,2740.4,2742.2000000000003,48,39479580.00000001,0.0,21764,2742.2000000000003,0
1731388260000,2742.6,2743.6,2741.0,2741.4,24,19744380.000000004,0.0,21771,2742.2,0
1731388320000,2741.8,2742.8,2740.8,2741.2000000000003,37,30431760.0,0.0,21770,2741.4,0
1731388380000,2741.4,2742.4,2740.0,2740.8,38,31247280.000000004,0.0,21770,2741.2,0
1731388440000,2741.0,2741.8,2740.4,2741.2000000000003,48,39472560.00000001,0.0,21767,2740.8,0
1731388500000,2741.0,2742.8,2741.0,2742.0,10,8225100.0,0.0,21765,2741.2,0
1731388560000,2742.0,2742.0,2740.4,2741.4,26,21383040.0,0.0,21769,2742.0,0
1731388620000,2742.0,2742.6,2740.4,2741.8,37,30433800.000000004,0.0,21772,2741.4,0
1731388680000,2741.8,2741.8,2739.6000000000004,2740.2000000000003,87,71512920.0,0.0,21761,2741.8,0
1731388740000,2740.2000000000003,2741.6000000000004,2739.6000000000004,2741.2000000000003,62,50977620.0,0.0,21778,2740.2000000000003,0
1731388800000,2741.2000000000003,2741.6000000000004,2740.2000000000003,2740.2000000000003,30,24666240.0,0.0,21774,2741.2000000000003,0
1731388860000,2740.2000000000003,2741.8,2739.8,2741.2000000000003,52,42754740.0,0.0,21780,2740.2000000000003,0
1731388920000,2740.8,2740.8,2738.8,2738.8,60,49315140.0,0.0,21769,2741.2000000000003,0
1731388980000,2738.4,2739.2000000000003,2735.8,2736.8,210,172449120.0,0.0,21847,2738.8,0
1731389040000,2737.8,2738.8,2736.6000000000004,2738.2000000000003,161,132239460.00000001,0.0,21915,2736.8,0
1731389100000,2738.8,2739.2000000000003,2736.2000000000003,2737.4,132,108419280.0,0.0,21951,2738.2000000000003,0
1731389160000,2736.6000000000004,2738.2000000000003,2734.2000000000003,2735.0000000000005,296,242974380.0,0.0,22029,2737.4,0
1731389220000,2734.8,2736.4000000000005,2733.6000000000004,2735.6000000000004,85,69740040.0,0.0,22045,2735.0000000000005,0
1731389280000,2735.8,2735.8,2732.2000000000003,2732.2000000000003,84,68888580.0,0.0,22036,2735.6000000000004,0
1731389340000,2732.2000000000003,2733.4,2729.4,2731.0,152,124543740.00000001,0.0,22046,2732.2000000000003,0
1731389400000,2730.4,2732.4,2730.4,2732.0,57,46704600.0,0.0,22059,2731.0,0
1731389460000,2731.6000000000004,2735.0000000000005,2731.6000000000004,2735.0000000000005,136,111533400.00000001,0.0,22099,2732.0000000000005,0
1731389520000,2734.8,2735.8,2733.2000000000003,2734.6000000000004,51,41839620.00000001,0.0,22126,2735.0000000000005,0
1731389580000,2733.8,2735.2,2733.0,2733.2,39,31988280.0,0.0,22137,2734.6,0
1731389640000,2732.8,2734.0,2730.0,2731.0,234,191789940.0,0.0,22121,2733.2,0
1731389700000,2730.0000000000005,2732.0000000000005,2729.6000000000004,2731.2000000000003,45,36862620.0,0.0,22123,2731.0000000000005,0
1731389760000,2730.6000000000004,2730.6000000000004,2728.2000000000003,2728.2000000000003,94,76960140.0,0.0,22141,2731.2000000000003,0
1731389820000,2728.2000000000003,2729.2000000000003,2727.2000000000003,2729.0000000000005,78,63843780.00000001,0.0,22150,2728.2000000000003,0
1731389880000,2729.0000000000005,2730.0000000000005,2727.6000000000004,2727.6000000000004,55,45023160.0,0.0,22153,2729.0000000000005,0
1731389940000,2726.0,2729.6,2726.0,2728.8,61,49929540.00000001,0.0,22185,2727.6,0
1731390000000,2729.4,2729.4,2726.0,2726.8,110,90012300.0,0.0,22218,2728.8,0
1731390060000,2726.4,2727.4,2725.2000000000003,2725.6000000000004,137,112070580.00000001,0.0,22200,2726.8,0
1731390120000,2726.6,2729.4,2726.4,2728.4,142,116198820.0,0.0,22201,2725.6,0
1731390180000,2727.2000000000003,2728.6000000000004,2724.2000000000003,2725.8,101,82598760.00000001,0.0,22220,2728.4,0
1731390240000,2725.4,2726.0,2722.4,2723.0,102,83357640.00000001,0.0,22248,2725.8,0
1731390300000,2722.8,2722.8,2719.8,2719.8,253,206507400.0,0.0,22328,2723.0,0
1731390360000,2720.0,2724.0,2719.0,2723.6,269,219642840.0,0.0,22311,2719.8,0
1731390420000,2724.2000000000003,2725.4000000000005,2723.6000000000004,2724.6000000000004,112,91544940.0,0.0,22337,2723.6000000000004,0
1731390480000,2723.8,2726.0,2723.4,2724.2000000000003,41,33512940.000000004,0.0,22336,2724.6,0
1731390540000,2725.4,2725.6000000000004,2722.8,2723.2000000000003,100,81725340.0,0.0,22318,2724.2000000000003,0
1731390600000,2723.2000000000003,2724.0000000000005,2722.6000000000004,2724.0000000000005,32,26145000.000000004,0.0,22321,2723.2000000000003,0
1731390660000,2724.0000000000005,2726.8,2723.6000000000004,2726.6000000000004,71,58056480.00000001,0.0,22327,2724.0000000000005,0
1731390720000,2726.6000000000004,2727.2000000000003,2724.8,2726.8,83,67876500.00000001,0.0,22334,2726.6000000000004,0
1731390780000,2726.2000000000003,2726.8,2723.6000000000004,2724.4000000000005,134,109538520.0,0.0,22350,2726.8,0
1731390840000,2725.2000000000003,2725.4000000000005,2722.6000000000004,2722.8,94,76806960.00000001,0.0,22352,2724.4000000000005,0
1731390900000,2722.8,2725.4,2722.8,2725.4,62,50667300.0,0.0,22352,2722.8,0
1731390960000,2725.6000000000004,2728.4,2725.2000000000003,2728.4,63,51538740.00000001,0.0,22340,2725.4,0
1731391020000,2727.6000000000004,2728.2000000000003,2726.8,2727.2000000000003,64,52364820.0,0.0,22338,2728.4,0
1731391080000,2727.4,2727.8,2724.4,2725.0,177,144736740.0,0.0,22404,2727.2000000000003,0
1731391140000,2724.4,2725.0,2723.4,2725.0,52,42493500.0,0.0,22426,2725.0,0
1731391200000,2725.0,2726.8,2725.0,2725.0,37,30257040.0,0.0,22435,2725.0,0
1731391260000,2724.6000000000004,2724.6000000000004,2721.8,2722.0,122,99673260.00000001,0.0,22472,2725.0,0
1731391320000,2722.6000000000004,2723.2000000000003,2721.2000000000003,2721.2000000000003,66,53896020.00000001,0.0,22483,2722.0000000000005,0
1731391380000,2721.0,2722.0,2719.4,2721.8,106,86519520.00000001,0.0,22482,2721.2000000000003,0
1731391440000,2721.6000000000004,2724.4000000000005,2721.6000000000004,2723.2000000000003,87,71076660.0,0.0,22480,2721.8,0
1731391500000,2722.6,2722.6,2720.4,2721.4,70,57148260.0,0.0,22488,2723.2000000000003,0
1731391560000,2721.0,2723.6,2721.0,2723.6,69,56356620.00000001,0.0,22486,2721.4,0
1731391620000,2723.8,2725.0000000000005,2720.2000000000003,2720.8,78,63709020.0,0.0,22501,2723.6000000000004,0
1731391680000,2720.8,2722.2,2720.0,2720.0,42,34287060.0,0.0,22511,2720.8,0
1731391740000,2720.4,2721.6,2718.0,2719.8,118,96258720.0,0.0,22526,2720.0,0
1731391800000,2719.8,2721.6,2719.0,2720.0,72,58756740.0,0.0,22552,2719.8,0
1731391860000,2719.6,2719.6,2717.0,2718.6,116,94593600.00000001,0.0,22530,2720.0,0
1731391920000,2718.6,2721.6,2718.4,2721.4,101,82434240.00000001,0.0,22546,2718.6,0
1731391980000,2721.8,2722.8,2719.6000000000004,2721.4000000000005,71,57962280.0,0.0,22553,2721.4000000000005,0
1731392040000,2721.8,2722.0,2719.0,2720.2,41,33457680.000000004,0.0,22573,2721.4,0
1731392100000,2720.0,2720.0,2716.8,2717.8,58,47297220.0,0.0,22588,2720.2000000000003,0
1731392160000,2716.0000000000005,2717.0000000000005,2712.2000000000003,2713.6000000000004,176,143317680.0,0.0,22606,2717.8,0
1731392220000,2713.2000000000003,2715.0,2712.4,2713.0,65,52917540.0,0.0,22622,2713.6,0
1731392280000,2713.0000000000005,2716.4000000000005,2712.6000000000004,2712.8,164,133550340.00000003,0.0,22657,2713.0000000000005,0
1731392340000,2713.2000000000003,2713.4,2708.8,2710.0,204,165901560.00000003,0.0,22676,2712.8,0
1731392400000,2710.0000000000005,2711.6000000000004,2708.2000000000003,2709.2000000000003,86,69914220.0,0.0,22705,2710.0000000000005,0
1731392460000,2710.4000000000005,2711.4000000000005,2709.6000000000004,2710.6000000000004,102,82939620.0,0.0,22735,2709.2000000000003,0
1731392520000,2711.2,2715.6,2710.0,2715.6,92,74863560.00000001,0.0,22756,2710.6,0
1731392580000,2715.8,2715.8,2712.6000000000004,2714.6000000000004,55,44779980.0,0.0,22764,2715.6000000000004,0
1731392640000,2714.8,2715.6,2713.0,2715.4,36,29318400.0,0.0,22770,2714.6,0
1731392700000,2715.4,2717.8,2715.0,2715.0,81,66011039.99999999,0.0,22800,2715.4,0
1731392760000,2715.4,2716.6,2714.0,2715.0,45,36651060.0,0.0,22801,2715.0,0
1731392820000,2715.0000000000005,2717.2000000000003,2714.2000000000003,2717.2000000000003,59,48065520.0,0.0,22820,2715.0000000000005,0
1731392880000,2717.2000000000003,2717.2000000000003,2712.6000000000004,2713.8,79,64342320.0,0.0,22843,2717.2000000000003,0
1731392940000,2714.4000000000005,2714.4000000000005,2712.6000000000004,2713.4000000000005,26,21166140.000000004,0.0,22853,2713.8,0
1731393000000,2713.6000000000004,2713.6000000000004,2710.2000000000003,2713.6000000000004,49,39867300.0,0.0,22867,2713.4,0
1731393060000,2713.8,2714.2,2712.0,2712.8,49,39887160.00000001,0.0,22878,2713.6,0
1731393120000,2713.4,2713.4,2709.8,2711.0,68,55302660.0,0.0,22903,2712.8,0
1731393180000,2710.6,2713.4,2710.4,2712.8,62,50443320.0,0.0,22916,2711.0,0
1731393240000,2712.6000000000004,2713.8,2712.2000000000003,2712.8,59,48016800.0,0.0,22941,2712.8,0
1731393300000,2712.6,2712.8,2707.0,2707.4,151,122714940.00000001,0.0,22920,2712.8,0
1731393360000,2707.0,2708.8,2707.0,2707.0,62,50370180.0,0.0,22934,2707.4,0
1731393420000,2707.4,2710.4,2707.2000000000003,2708.0000000000005,65,52824000.0,0.0,22958,2707.0000000000005,0
1731393480000,2707.6000000000004,2708.0,2703.8,2704.8,73,59270820.00000001,0.0,22971,2708.0,0
1731393540000,2704.8,2708.0,2704.8,2706.6000000000004,83,67393800.0,0.0,22998,2704.8,0
1731393600000,2706.8,2706.8,2702.4,2703.4,124,100588020.0,0.0,23017,2706.6,0
1731393660000,2703.2000000000003,2706.4,2703.2000000000003,2705.4,108,87647940.0,0.0,23062,2703.4,0
1731393720000,2705.4,2707.2000000000003,2705.4,2707.0,53,43028100.00000001,0.0,23082,2705.4,0
1731393780000,2707.0,2707.0,2704.0,2704.4,31,25157280.0,0.0,23078,2707.0,0
1731393840000,2704.8,2705.2000000000003,2701.6000000000004,2702.8,54,43782240.00000001,0.0,23093,2704.4000000000005,0
1731393900000,2702.8,2703.8,2700.8,2701.8,87,70529460.00000001,0.0,23116,2702.8,0
1731393960000,2702.4,2707.2000000000003,2701.8,2706.6000000000004,91,73830239.99999999,0.0,23146,2701.8,0
1731394020000,2706.4,2710.2000000000003,2706.4,2709.6,118,95891580.00000001,0.0,23180,2706.6,0
1731394080000,2708.8,2710.2000000000003,2708.2000000000003,2710.2000000000003,115,93475020.0,0.0,23214,2709.6000000000004,0
1731394140000,2710.2000000000003,2713.4,2710.2000000000003,2713.4,112,91122600.0,0.0,23250,2710.2000000000003,0
1731394200000,2713.4,2714.2000000000003,2711.2000000000003,2712.8,84,68356140.0,0.0,23279,2713.4,0
1731394260000,2712.8,2714.2000000000003,2711.8,2712.6000000000004,65,52903620.0,0.0,23303,2712.8,0
1731394320000,2712.2000000000003,2713.8,2711.2000000000003,2713.8,55,44752860.0,0.0,23329,2712.6000000000004,0
1731394380000,2713.6000000000004,2714.0,2711.8,2712.2000000000003,60,48827160.0,0.0,23335,2713.8,0
1731394440000,2712.2,2714.2,2712.0,2714.0,75,61047900.0,0.0,23338,2712.2,0
1731394500000,2713.8,2715.2000000000003,2713.8,2713.8,92,74923080.00000001,0.0,23340,2714.0,0
1731394560000,2714.2000000000003,2716.8,2713.8,2715.6000000000004,146,118922820.00000001,0.0,23348,2713.8,0
1731394620000,2715.2000000000003,2715.2000000000003,2712.6000000000004,2713.4000000000005,111,90366060.00000001,0.0,23363,2715.6000000000004,0
1731394680000,2712.8,2714.0000000000005,2712.6000000000004,2713.4000000000005,199,161973180.0,0.0,23430,2713.4000000000005,0
1731394740000,2714.4,2714.4,2712.4,2712.4,130,105825660.0,0.0,23462,2713.4,0
1731394800000,2712.4,2713.4,2712.4,2712.4,157,127777080.00000001,0.0,23423,2712.4,0
1731461400000,2701.0,2701.0,2701.0,2701.0,117,94805100.00000001,0.0,23328,2712.4,0
1731461460000,2700.2000000000003,2711.2000000000003,2699.6000000000004,2708.2000000000003,593,481547580.0,0.0,22883,2701.0000000000005,0
1731461520000,2708.2000000000003,2712.0000000000005,2706.6000000000004,2710.4000000000005,302,245459940.00000003,0.0,22704,2708.2000000000003,0
1731461580000,2710.6000000000004,2711.4000000000005,2706.6000000000004,2706.6000000000004,212,172275780.00000003,0.0,22576,2710.4000000000005,0
1731461640000,2706.2,2709.8,2704.0,2708.2,158,128283300.00000001,0.0,22465,2706.6,0
1731461700000,2707.6,2710.0,2706.4,2708.6,128,104013420.0,0.0,22368,2708.2000000000003,0
1731461760000,2708.2000000000003,2713.0000000000005,2707.2000000000003,2711.8,137,111397140.00000001,0.0,22292,2708.6000000000004,0
1731461820000,2712.0,2714.0,2710.0,2710.0,185,150510780.0,0.0,22157,2711.8,0
1731461880000,2709.8,2710.8,2708.2000000000003,2709.2000000000003,146,118679820.0,0.0,22060,2710.0000000000005,0
1731461940000,2709.0,2710.4,2706.4,2709.0,121,98319660.00000001,0.0,21989,2709.2000000000003,0
1731462000000,2708.8,2708.8,2704.6000000000004,2707.8,128,103941780.00000001,0.0,21901,2709.0000000000005,0
1731462060000,2707.0,2708.0,2704.4,2705.4,141,114471000.00000001,0.0,21803,2707.8,0
1731462120000,2706.0,2708.0,2706.0,2707.4,105,85268280.0,0.0,21740,2705.4,0
1731462180000,2707.4000000000005,2708.8,2705.6000000000004,2706.8,83,67405500.0,0.0,21688,2707.4000000000005,0
1731462240000,2707.4,2710.2000000000003,2707.2000000000003,2710.2000000000003,67,54447360.0,0.0,21641,2706.8,0
1731462300000,2710.0,2714.4,2708.0,2713.0,141,114701580.0,0.0,21539,2710.2,0
1731462360000,2713.2000000000003,2720.2000000000003,2711.8,2719.8,328,267338040.00000003,0.0,21339,2713.0,0
1731462420000,2719.6000000000004,2722.2000000000003,2719.6000000000004,2720.6000000000004,157,128157060.00000001,0.0,21239,2719.8,0
1731462480000,2720.0000000000005,2720.4000000000005,2716.6000000000004,2716.6000000000004,135,110082840.0,0.0,21152,2720.6000000000004,0
1731462540000,2716.8,2719.4,2716.2000000000003,2718.0000000000005,162,132091200.0,0.0,21058,2716.6000000000004,0
1731462600000,2718.0,2719.0,2717.0,2718.4,157,128029320.00000001,0.0,20979,2718.0,0
1731462660000,2718.8,2720.0,2717.8,2718.4,96,78304740.0,0.0,20934,2718.4,0
1731462720000,2718.6000000000004,2722.2000000000003,2718.6000000000004,2721.4000000000005,141,115084380.00000001,0.0,20856,2718.4000000000005,0
1731462780000,2721.6000000000004,2721.8,2717.2000000000003,2719.2000000000003,139,113382840.0,0.0,20781,2721.4,0
1731462840000,2719.6000000000004,2720.0000000000005,2716.2000000000003,2717.2000000000003,91,74196300.0,0.0,20736,2719.2000000000003,0
1731462900000,2717.8,2718.6000000000004,2716.6000000000004,2718.0000000000005,70,57071820.0,0.0,20702,2717.2000000000003,0
1731462960000,2717.0000000000005,2719.6000000000004,2716.6000000000004,2717.2000000000003,57,46479900.0,0.0,20670,2718.0000000000005,0
1731463020000,2716.2000000000003,2721.8,2716.2000000000003,2721.8,105,85665180.0,0.0,20605,2717.2000000000003,0
1731463080000,2722.0,2724.8,2722.0,2724.4,270,220583220.0,0.0,20437,2721.8,0
1731463140000,2724.2000000000003,2729.2000000000003,2724.2000000000003,2724.6000000000004,185,151346520.0,0.0,20342,2724.4,0
1731463200000,2725.2000000000003,2725.2000000000003,2720.2000000000003,2721.4,128,104566020.0,0.0,20268,2724.6000000000004,0
1731463260000,2721.4,2722.4,2718.8,2719.0,134,109357620.0,0.0,20203,2721.4,0
1731463320000,2718.8,2721.4,2718.2000000000003,2718.4,97,79139040.00000001,0.0,20153,2719.0000000000005,0
1731463380000,2718.4,2719.0000000000005,2717.2000000000003,2718.0000000000005,91,74209799.99999999,0.0,20113,2718.4,0
1731463440000,2717.0,2719.0,2715.8,2718.8,136,110860020.00000001,0.0,20079,2718.0,0
1731463500000,2719.0000000000005,2721.2000000000003,2718.6000000000004,2721.0000000000005,228,186051240.0,0.0,19985,2718.8,0
1731463560000,2720.8,2723.6000000000004,2720.8,2723.2000000000003,130,106169280.0,0.0,19941,2721.0,0
1731463620000,2723.2000000000003,2728.0000000000005,2723.2000000000003,2725.6000000000004,185,151306740.0,0.0,19881,2723.2000000000003,0
1731463680000,2725.4000000000005,2731.0000000000005,2724.6000000000004,2730.8,183,149737080.00000003,0.0,19838,2725.6000000000004,0
1731463740000,2731.2,2735.4,2730.0,2733.6,193,158217000.0,0.0,19795,2730.8,0
1731463800000,2733.6000000000004,2733.6000000000004,2730.2000000000003,2732.4,174,142593180.00000003,0.0,19735,2733.6000000000004,0
1731463860000,2732.8,2736.6,2730.0,2736.6,158,129534060.0,0.0,19694,2732.4,0
1731463920000,2735.8,2738.0000000000005,2735.6000000000004,2736.2000000000003,161,132187320.00000001,0.0,19617,2736.6000000000004,0
1731463980000,2736.4,2736.8,2734.4,2735.2000000000003,115,94385400.0,0.0,19557,2736.2000000000003,0
1731464040000,2735.0,2737.4,2731.0,2737.4,160,131246880.0,0.0,19462,2735.2,0
1731464100000,2737.8,2738.8,2734.2000000000003,2735.4,167,137107980.0,0.0,19404,2737.4,0
1731464160000,2735.4,2741.4,2735.4,2741.0,200,164313420.0,0.0,19325,2735.4,0
1731464220000,2741.2000000000003,2741.2000000000003,2734.2000000000003,2734.8,138,113317620.00000001,0.0,19307,2741.0000000000005,0
1731464280000,2734.6000000000004,2736.0000000000005,2734.2000000000003,2735.0000000000005,111,91079040.00000001,0.0,19291,2734.8,0
1731464340000,2735.0000000000005,2735.0000000000005,2732.6000000000004,2732.6000000000004,68,55772700.00000001,0.0,19300,2735.0000000000005,0
1731464400000,2733.0,2734.8,2731.0,2731.6,94,77072520.00000001,0.0,19294,2732.6,0
1731464460000,2730.8,2734.8,2730.4,2734.0,110,90196560.0,0.0,19290,2731.6,0
1731464520000,2734.0,2737.4,2732.4,2736.8,93,76287120.00000001,0.0,19272,2734.0,0
1731464580000,2736.0,2736.0,2731.0,2732.6,101,82797420.0,0.0,19246,2736.8,0
1731464640000,2732.6000000000004,2732.8,2730.2000000000003,2730.6000000000004,71,58181100.0,0.0,19214,2732.6000000000004,0
1731464700000,2730.4,2731.6,2728.0,2729.6,196,160508760.00000003,0.0,19156,2730.6,0
1731464760000,2730.2000000000003,2730.4000000000005,2726.6000000000004,2726.6000000000004,102,83487780.0,0.0,19153,2729.6000000000004,0
1731464820000,2727.0,2729.2000000000003,2725.8,2727.2000000000003,143,117002640.00000001,0.0,19108,2726.6000000000004,0
1731464880000,2726.4,2729.4,2725.8,2727.0,114,93296340.0,0.0,19056,2727.2000000000003,0
1731464940000,2727.0000000000005,2731.0000000000005,2726.6000000000004,2729.6000000000004,117,95798580.0,0.0,19025,2727.0000000000005,0
1731465000000,2729.2000000000003,2729.6,2727.4,2727.6,64,52383000.0,0.0,19003,2729.6,0
1731465060000,2728.2000000000003,2730.2000000000003,2727.6000000000004,2730.0000000000005,61,49943040.00000001,0.0,18980,2727.6000000000004,0
1731465120000,2729.0000000000005,2729.0000000000005,2726.6000000000004,2727.2000000000003,75,61376220.0,0.0,18971,2730.0000000000005,0
1731465180000,2727.2,2729.0,2727.0,2727.8,126,103122360.0,0.0,18927,2727.2,0
1731465240000,2727.6000000000004,2732.0000000000005,2727.6000000000004,2730.8,177,144947700.0,0.0,18887,2727.8,0
1731465300000,2730.8,2731.4,2729.4,2730.8,84,68812980.0,0.0,18861,2730.8,0
1731465360000,2730.6000000000004,2730.8,2728.8,2729.4,101,82707960.00000001,0.0,18847,2730.8,0
1731465420000,2729.4,2730.0,2726.8,2729.2000000000003,130,106400460.0,0.0,18843,2729.4,0
1731465480000,2729.2000000000003,2729.2000000000003,2725.4,2725.8,81,66265560.0,0.0,18840,2729.2000000000003,0
1731465540000,2725.6000000000004,2726.0000000000005,2722.2000000000003,2723.0000000000005,90,73545720.0,0.0,18814,2725.8,0
1731465600000,2722.8,2722.8,2719.6000000000004,2722.6000000000004,98,80003520.0,0.0,18807,2723.0000000000005,0
1731465660000,2723.0,2724.8,2721.8,2723.4,109,89049720.0,0.0,18820,2722.6000000000004,0
1731465720000,2723.2,2724.6,2722.0,2724.2,78,63730920.00000001,0.0,18817,2723.4,0
1731465780000,2724.2000000000003,2727.8,2724.2000000000003,2727.8,98,80143800.0,0.0,18808,2724.2000000000003,0
1731465840000,2728.0,2728.8,2726.8,2727.4,108,88372140.00000001,0.0,18814,2727.8,0
1731465900000,2727.4,2729.4,2727.0,2728.4,100,81836760.0,0.0,18784,2727.4,0
1731465960000,2728.8,2730.8,2728.2000000000003,2730.6000000000004,107,87608400.00000001,0.0,18751,2728.4,0
1731466020000,2730.8,2731.4,2728.8,2730.0,50,40950600.0,0.0,18746,2730.6000000000004,0
1731466080000,2729.6000000000004,2731.2000000000003,2727.8,2731.2000000000003,65,53223600.0,0.0,18745,2730.0,0
1731466140000,2731.2,2731.6,2728.0,2728.2,73,59774880.00000001,0.0,18738,2731.2,0
1731466200000,2728.4,2729.6000000000004,2728.2000000000003,2729.4,40,32747760.0,0.0,18733,2728.2000000000003,0
1731466260000,2728.6000000000004,2730.0,2727.8,2728.2000000000003,59,48301620.00000001,0.0,18718,2729.4,0
1731466320000,2728.2000000000003,2730.8,2728.2000000000003,2730.8,58,47501160.00000001,0.0,18717,2728.2000000000003,0
1731466380000,2730.6000000000004,2732.4000000000005,2730.6000000000004,2731.8,72,59001300.0,0.0,18695,2730.8,0
1731466440000,2731.8,2733.0,2731.0,2732.6,49,40158180.00000001,0.0,18688,2731.8,0
1731466500000,2732.2000000000003,2735.4000000000005,2731.6000000000004,2734.0000000000005,79,64794300.0,0.0,18672,2732.6000000000004,0
1731466560000,2734.0,2734.0,2731.4,2731.6,95,77878200.0,0.0,18664,2734.0,0
1731466620000,2731.4,2733.6,2731.4,2732.2000000000003,36,29510040.000000004,0.0,18656,2731.6,0
1731466680000,2731.8,2733.8,2731.6000000000004,2733.8,40,32795880.0,0.0,18646,2732.2000000000003,0
1731466740000,2734.2000000000003,2736.6000000000004,2733.8,2735.8,87,71404920.0,0.0,18654,2733.8,0
1731466800000,2735.8,2737.0,2735.4,2736.0,82,67310160.0,0.0,18655,2735.8,0
1731466860000,2736.4,2736.8,2734.2000000000003,2734.4,86,70561919.99999999,0.0,18639,2736.0000000000005,0
1731466920000,2734.4,2736.8,2734.0,2736.8,76,62367900.0,0.0,18624,2734.4,0
1731466980000,2737.2,2739.6,2737.0,2737.6,89,73113240.0,0.0,18612,2736.8,0
1731467040000,2737.4000000000005,2739.0000000000005,2736.6000000000004,2736.6000000000004,57,46817160.0,0.0,18595,2737.6000000000004,0
1731467100000,2736.4000000000005,2739.2000000000003,2734.6000000000004,2734.6000000000004,71,58296780.00000001,0.0,18580,2736.6000000000004,0
1731467160000,2734.2000000000003,2736.6000000000004,2733.6000000000004,2734.6000000000004,64,52508640.00000001,0.0,18569,2734.6000000000004,0
1731467220000,2735.6,2735.6,2733.0,2733.8,34,27886140.000000004,0.0,18558,2734.6,0
1731467280000,2734.2000000000003,2738.8,2733.4,2737.6,62,50898480.0,0.0,18544,2733.8,0
1731467340000,2737.8,2740.0,2737.8,2739.0,92,75603420.00000001,0.0,18495,2737.6000000000004,0
1731467400000,2739.0,2739.4,2738.0,2738.2,60,49294380.0,0.0,18491,2739.0,0
1731467460000,2738.4000000000005,2739.2000000000003,2734.6000000000004,2738.0000000000005,78,64070100.00000001,0.0,18473,2738.2000000000003,0
1731467520000,2738.0,2738.0,2736.4,2738.0,60,49269180.0,0.0,18460,2738.0,0
1731467580000,2738.0,2739.2,2736.0,2736.0,42,34496760.00000001,0.0,18438,2738.0,0
1731467640000,2736.4,2738.0,2736.4,2737.2000000000003,32,26279460.000000004,0.0,18427,2736.0,0
1731467700000,2737.0000000000005,2737.6000000000004,2734.2000000000003,2737.6000000000004,63,51717360.0,0.0,18424,2737.2000000000003,0
1731467760000,2738.0000000000005,2740.2000000000003,2737.6000000000004,2737.8,81,66554639.99999999,0.0,18416,2737.6000000000004,0
1731467820000,2738.0,2739.0,2736.8,2737.8,106,87063300.00000001,0.0,18380,2737.8,0
1731467880000,2737.4,2738.4,2736.4,2736.6,32,26280600.0,0.0,18369,2737.8,0
1731467940000,2736.8,2737.2000000000003,2733.6000000000004,2736.2000000000003,88,72238860.00000001,0.0,18372,2736.6000000000004,0
1731468000000,2736.2000000000003,2738.8,2735.4,2736.0,80,65694120.0,0.0,18377,2736.2000000000003,0
1731468060000,2736.6000000000004,2737.0,2734.8,2736.2000000000003,48,39402420.00000001,0.0,18368,2736.0,0
1731468120000,2736.2000000000003,2737.6000000000004,2734.2000000000003,2737.2000000000003,36,29553060.000000004,0.0,18363,2736.2000000000003,0
1731468180000,2736.6,2737.4,2734.4,2734.4,37,30369300.0,0.0,18354,2737.2000000000003,0
1731468240000,2734.6,2735.2,2733.0,2733.0,37,30347880.0,0.0,18339,2734.4,0
1731468300000,2733.4,2735.0,2733.4,2733.4,29,23784540.000000004,0.0,18340,2733.0,0
1731468360000,2733.0,2735.0,2732.8,2734.4,37,30345360.0,0.0,18338,2733.4,0
1731468420000,2734.2000000000003,2734.6,2733.4,2733.6,16,13122960.0,0.0,18329,2734.4,0
1731468480000,2733.0,2733.2,2731.0,2731.4,90,73757760.0,0.0,18331,2733.6,0
1731468540000,2731.4,2731.6,2730.0,2730.4,51,41776740.00000001,0.0,18319,2731.4,0
1731468600000,2731.0000000000005,2732.4000000000005,2729.6000000000004,2730.8,64,52438260.0,0.0,18313,2730.4000000000005,0
1731474060000,2729.8,2731.0,2728.8,2730.0,75,61419360.0,0.0,18305,2730.8,0
1731474120000,2730.0000000000005,2731.0000000000005,2727.2000000000003,2727.6000000000004,66,54029940.00000001,0.0,18293,2730.0000000000005,0
1731474180000,2727.6,2728.0,2726.0,2726.0,69,56452020.00000001,0.0,18288,2727.6,0
1731474240000,2726.0,2728.2,2726.0,2727.8,52,42544560.0,0.0,18279,2726.0,0
1731474300000,2727.8,2728.0,2725.0,2725.0,43,35170860.0,0.0,18273,2727.8,0
1731474360000,2725.4,2727.0,2725.4,2725.4,52,42526440.0,0.0,18254,2725.0,0
1731474420000,2725.6000000000004,2727.8,2725.6000000000004,2726.8,91,74443859.99999999,0.0,18233,2725.4000000000005,0
1731474480000,2726.4,2727.8,2725.2000000000003,2727.8,65,53166840.0,0.0,18228,2726.8,0
1731474540000,2727.4,2729.6000000000004,2726.8,2728.8,62,50745300.0,0.0,18215,2727.8,0
1731474600000,2728.8,2731.2000000000003,2728.6000000000004,2729.8,121,99096960.00000001,0.0,18194,2728.8,0
1731474660000,2729.6000000000004,2730.2000000000003,2728.6000000000004,2730.2000000000003,56,45853680.00000001,0.0,18166,2729.8,0
1731474720000,2729.8,2731.4,2728.8,2729.8,57,46682460.0,0.0,18147,2730.2000000000003,0
1731474780000,2729.8,2729.8,2727.4,2727.6,83,67932240.0,0.0,18125,2729.8,0
1731474840000,2728.0,2728.0,2725.0,2725.0,46,37619940.00000001,0.0,18116,2727.6,0
1731474900000,2725.0,2726.0,2724.4,2725.2000000000003,75,61318860.0,0.0,18122,2725.0,0
1731474960000,2725.2000000000003,2725.4,2723.2000000000003,2725.2000000000003,48,39234840.00000001,0.0,18122,2725.2000000000003,0
1731475020000,2725.8,2726.4,2723.0,2723.0,62,50686440.0,0.0,18121,2725.2,0
1731475080000,2723.6,2724.6,2723.4,2724.6,37,30236340.0,0.0,18132,2723.0,0
1731475140000,2724.6000000000004,2725.0,2723.8,2724.0,34,27789300.0,0.0,18136,2724.6000000000004,0
1731475200000,2723.8,2726.0000000000005,2723.2000000000003,2726.0000000000005,48,39238320.00000001,0.0,18133,2724.0000000000005,0
1731475260000,2726.8,2726.8,2723.4,2724.0,42,34332960.00000001,0.0,18136,2726.0,0
1731475320000,2724.6000000000004,2726.0000000000005,2724.2000000000003,2725.8,47,38420820.0,0.0,18146,2724.0000000000005,0
1731475380000,2725.2000000000003,2726.4,2724.8,2725.4,41,33526980.000000004,0.0,18128,2725.8,0
1731475440000,2726.8,2727.0,2725.4,2725.8,32,26172180.000000004,0.0,18132,2725.4,0
1731475500000,2725.2000000000003,2726.4,2724.4,2725.0,43,35158860.0,0.0,18129,2725.8,0
1731475560000,2725.2000000000003,2726.0000000000005,2724.6000000000004,2726.0000000000005,38,31068360.000000004,0.0,18133,2725.0000000000005,0
1731475620000,2725.4,2727.0,2725.4,2726.6,56,45801480.0,0.0,18138,2726.0,0
1731475680000,2726.4000000000005,2726.4000000000005,2724.6000000000004,2725.0000000000005,73,59685660.00000001,0.0,18134,2726.6000000000004,0
1731475740000,2725.2000000000003,2726.4,2724.8,2724.8,46,37614420.00000001,0.0,18130,2725.0,0
1731475800000,2725.0,2726.4,2724.8,2725.0,59,48239940.00000001,0.0,18110,2724.8,0
1731475860000,2724.6,2726.6,2724.4,2726.6,98,80125920.0,0.0,18099,2725.0,0
1731475920000,2725.8,2726.4,2724.8,2725.8,47,38432760.0,0.0,18092,2726.6000000000004,0
1731475980000,2725.4000000000005,2726.0000000000005,2724.6000000000004,2724.8,56,45781260.0,0.0,18092,2725.8,0
1731476040000,2724.8,2725.4,2723.2000000000003,2724.0000000000005,97,79274040.0,0.0,18085,2724.8,0
1731476100000,2723.6000000000004,2730.0000000000005,2723.6000000000004,2730.0000000000005,182,148877339.99999997,0.0,18037,2724.0000000000005,0
1731476160000,2730.0000000000005,2730.0000000000005,2726.6000000000004,2727.6000000000004,143,117028260.0,0.0,18033,2730.0000000000005,0
1731476220000,2727.6000000000004,2727.6000000000004,2724.2000000000003,2724.4,120,98114220.0,0.0,18031,2727.6000000000004,0
1731476280000,2724.4000000000005,2726.6000000000004,2723.6000000000004,2726.2000000000003,240,196228380.0,0.0,17994,2724.4000000000005,0
1731476340000,2726.6,2728.2000000000003,2724.4,2726.4,110,89963040.0,0.0,18000,2726.2000000000003,0
1731476400000,2726.8,2727.0,2725.0,2725.4,53,43339620.00000001,0.0,18010,2726.4,0
1731476460000,2725.2000000000003,2727.8,2725.2000000000003,2726.4,67,54803220.0,0.0,18047,2725.4,0
1731476520000,2726.4,2727.0,2725.8,2726.2000000000003,32,26173920.0,0.0,18051,2726.4,0
1731476580000,2726.4,2726.4,2725.2000000000003,2726.4,34,27801540.0,0.0,18059,2726.2000000000003,0
1731476640000,2726.4,2728.4,2726.4,2727.6,47,38457960.00000001,0.0,18072,2726.4,0
1731476700000,2727.4,2727.8,2725.4,2726.2000000000003,50,40899120.0,0.0,18069,2727.6,0
1731476760000,2726.8,2727.8,2726.6000000000004,2727.6000000000004,45,36819060.0,0.0,18072,2726.2000000000003,0
1731476820000,2727.6000000000004,2727.6000000000004,2726.2000000000003,2727.6000000000004,29,23726340.000000004,0.0,18075,2727.6000000000004,0
1731476880000,2727.2,2728.2,2727.0,2727.0,23,18820200.0,0.0,18079,2727.6,0
1731476940000,2726.6000000000004,2727.8,2725.2000000000003,2727.4,53,43357140.00000001,0.0,18102,2727.0000000000005,0
1731477000000,2727.4,2727.4,2725.8,2726.8,55,44992380.0,0.0,18122,2727.4,0
1731477060000,2726.8,2729.6000000000004,2726.2000000000003,2728.6000000000004,112,91667520.00000001,0.0,18139,2726.8,0
1731477120000,2728.8,2730.8,2728.8,2730.0,118,96630300.0,0.0,18141,2728.6000000000004,0
1731477180000,2730.2000000000003,2730.2000000000003,2728.6000000000004,2729.0000000000005,56,45851640.0,0.0,18148,2730.0000000000005,0
1731477240000,2729.0,2730.2000000000003,2727.4,2729.8,71,58118340.0,0.0,18155,2729.0,0
1731477300000,2730.0,2730.0,2728.0,2728.8,41,33570060.00000001,0.0,18164,2729.8,0
1731477360000,2729.4000000000005,2729.6000000000004,2728.6000000000004,2729.2000000000003,24,19648920.000000004,0.0,18164,2728.8,0
1731477420000,2729.2,2732.8,2729.0,2730.6,49,40148940.00000001,0.0,18164,2729.2,0
1731477480000,2730.6000000000004,2733.4,2730.2000000000003,2733.4,58,47534880.00000001,0.0,18180,2730.6000000000004,0
1731477540000,2733.0,2733.6,2731.0,2731.6,59,48354720.00000001,0.0,18195,2733.4,0
1731477600000,2731.2000000000003,2732.0,2730.4,2731.2000000000003,23,18844380.000000004,0.0,18199,2731.6,0
1731477660000,2731.2000000000003,2734.2000000000003,2731.2000000000003,2734.2000000000003,71,58210020.00000001,0.0,18214,2731.2000000000003,0
1731477720000,2734.6000000000004,2737.4,2734.2000000000003,2735.2000000000003,148,121469400.00000001,0.0,18195,2734.2000000000003,0
1731477780000,2735.2000000000003,2738.4,2734.4,2738.4,118,96865440.00000001,0.0,18219,2735.2000000000003,0
1731477840000,2738.0,2738.0,2734.4,2735.0,86,70589099.99999999,0.0,18240,2738.4,0
1731477900000,2734.8,2738.0,2734.4,2737.8,73,59933460.0,0.0,18242,2735.0,0
1731477960000,2738.2000000000003,2738.4000000000005,2732.6000000000004,2732.6000000000004,106,86989920.00000001,0.0,18271,2737.8,0
1731478020000,2732.6000000000004,2735.8,2731.8,2735.8,79,64783020.00000001,0.0,18292,2732.6000000000004,0
1731478080000,2735.8,2736.8,2733.4,2736.8,80,65646480.0,0.0,18307,2735.8,0
1731478140000,2737.2000000000003,2741.0000000000005,2737.2000000000003,2738.8,271,222740580.0,0.0,18307,2736.8,0
1731478200000,2738.2000000000003,2741.0000000000005,2736.2000000000003,2740.0000000000005,168,138045660.00000003,0.0,18364,2738.8,0
1731478260000,2739.0,2740.0,2738.0,2738.6,84,69024300.0,0.0,18378,2740.0,0
1731478320000,2739.2000000000003,2740.8,2738.6000000000004,2738.8,132,108505800.0,0.0,18363,2738.6000000000004,0
1731478380000,2738.8,2739.2,2735.0,2735.0,93,76361520.00000001,0.0,18385,2738.8,0
1731478440000,2735.0000000000005,2737.4000000000005,2734.6000000000004,2737.2000000000003,40,32829420.0,0.0,18399,2735.0000000000005,0
1731478500000,2737.6,2738.0,2734.0,2734.2,75,61558860.0,0.0,18420,2737.2,0
1731478560000,2735.0,2735.2000000000003,2732.4,2732.6,92,75450840.00000001,0.0,18423,2734.2000000000003,0
1731478620000,2732.6000000000004,2734.8,2731.2000000000003,2731.6000000000004,65,53298360.0,0.0,18444,2732.6000000000004,0
1731478680000,2731.2,2732.2,2730.0,2730.2,46,37687440.0,0.0,18456,2731.6,0
1731478740000,2729.8,2730.4,2728.4,2729.4,63,51586860.00000001,0.0,18472,2730.2000000000003,0
1731478800000,2729.2000000000003,2729.2000000000003,2726.6000000000004,2727.8,94,76923960.0,0.0,18513,2729.4000000000005,0
1731478860000,2728.0,2730.0,2728.0,2729.6,68,55676700.00000001,0.0,18552,2727.8,0
1731478920000,2730.2000000000003,2731.4,2729.8,2730.8,48,39323400.00000001,0.0,18564,2729.6000000000004,0
1731478980000,2731.0,2731.0,2728.0,2728.0,64,52396080.0,0.0,18581,2730.8,0
1731479040000,2728.4,2730.8,2728.2000000000003,2730.8,41,33578400.00000001,0.0,18593,2728.0000000000005,0
1731479100000,2731.4,2731.8,2729.2000000000003,2730.0000000000005,43,35227560.0,0.0,18603,2730.8,0
1731479160000,2730.4,2731.2000000000003,2730.2000000000003,2731.2000000000003,20,16384080.0,0.0,18603,2730.0000000000005,0
1731479220000,2731.6,2732.2,2731.0,2732.0,31,25404300.0,0.0,18607,2731.2,0
1731479280000,2731.6000000000004,2731.6000000000004,2728.2000000000003,2729.0000000000005,67,54864000.0,0.0,18605,2732.0000000000005,0
1731479340000,2729.0,2730.2,2729.0,2729.2,21,17197080.0,0.0,18601,2729.0,0
1731479400000,2728.6,2728.8,2727.0,2727.8,46,37646820.0,0.0,18610,2729.2,0
1731479460000,2727.6,2727.6,2724.4,2725.8,61,49882800.00000001,0.0,18631,2727.8,0
1731479520000,2725.6,2726.2000000000003,2724.4,2725.8,68,55591980.00000001,0.0,18646,2725.8,0
1731479580000,2726.0000000000005,2726.0000000000005,2724.6000000000004,2726.0000000000005,38,31069140.000000004,0.0,18649,2725.8,0
1731479640000,2726.2000000000003,2727.8,2725.8,2727.4,68,55626060.00000001,0.0,18653,2726.0,0
1731479700000,2727.8,2728.2000000000003,2727.2000000000003,2728.2000000000003,26,21276960.0,0.0,18663,2727.4,0
1731479760000,2728.2000000000003,2728.6000000000004,2727.6000000000004,2728.4000000000005,28,22916100.0,0.0,18675,2728.2000000000003,0
1731479820000,2728.4,2732.0,2728.4,2731.8,50,40955040.0,0.0,18686,2728.4,0
1731479880000,2732.0000000000005,2732.0000000000005,2729.6000000000004,2730.8,60,49156020.0,0.0,18689,2731.8,0
1731479940000,2731.4,2733.4,2731.2000000000003,2732.2000000000003,61,49998360.0,0.0,18678,2730.8,0
1731480000000,2731.8,2732.6000000000004,2731.2000000000003,2732.2000000000003,52,42615780.0,0.0,18683,2732.2000000000003,0
1731480060000,2732.0000000000005,2732.0000000000005,2730.2000000000003,2731.0000000000005,52,42604020.0,0.0,18705,2732.2000000000003,0
1731480120000,2731.0,2732.4,2730.8,2731.0,20,16389180.0,0.0,18710,2731.0,0
1731480180000,2730.6,2731.0,2729.4,2730.2000000000003,30,24570840.0,0.0,18718,2731.0,0
1731480240000,2730.8,2731.6000000000004,2729.6000000000004,2730.4000000000005,22,18021240.000000004,0.0,18725,2730.2000000000003,0
1731480300000,2729.6000000000004,2732.6000000000004,2729.6000000000004,2732.6000000000004,34,27863340.000000004,0.0,18727,2730.4000000000005,0
1731480360000,2732.6,2732.8,2731.4,2731.8,84,68848320.0,0.0,18728,2732.6,0
1731480420000,2731.8,2732.2000000000003,2730.6000000000004,2732.2000000000003,71,58181160.00000001,0.0,18735,2731.8,0
1731480480000,2731.8,2732.8,2730.6000000000004,2731.8,78,63918300.0,0.0,18731,2732.2000000000003,0
1731480540000,2732.0000000000005,2732.0000000000005,2728.6000000000004,2729.2000000000003,109,89267820.0,0.0,18751,2731.8,0
1731480600000,2729.2000000000003,2732.2000000000003,2728.4,2732.2000000000003,106,86809500.00000001,0.0,18764,2729.2000000000003,0
1731480660000,2732.0,2732.6,2730.0,2732.6,96,78669540.0,0.0,18786,2732.2,0
1731480720000,2732.0000000000005,2732.6000000000004,2730.6000000000004,2731.8,72,59000520.0,0.0,18796,2732.6000000000004,0
1731480780000,2731.6,2733.0,2731.4,2731.8,59,48355440.0,0.0,18812,2731.8,0
1731480840000,2731.2000000000003,2731.6000000000004,2730.2000000000003,2730.6000000000004,63,51614460.00000001,0.0,18827,2731.8,0
1731480900000,2730.6000000000004,2731.2000000000003,2730.2000000000003,2730.8,87,71271420.00000001,0.0,18851,2730.6000000000004,0
1731480960000,2730.8,2730.8,2729.8,2730.6000000000004,104,85185720.00000001,0.0,18898,2730.8,0
1731481020000,2730.4,2731.0,2729.8,2731.0,52,42591900.0,0.0,18917,2730.6000000000004,0
1731481080000,2730.6,2730.6,2729.0,2729.0,67,54865800.0,0.0,18936,2731.0,0
1731481140000,2728.8,2729.2,2728.0,2729.0,103,84317820.00000001,0.0,19000,2729.0,0
1731481200000,2728.8,2729.4,2727.0,2727.2,101,82683540.00000001,2732.6000000000004,19048,2729.0,0
1731547800000,2720.0,2720.0,2720.0,2720.0,89,72624000.0,0.0,19005,2727.2,0
1731547860000,2720.0000000000005,2720.0000000000005,2714.6000000000004,2715.4000000000005,331,269872980.0,0.0,18721,2720.0000000000005,0
1731547920000,2715.4000000000005,2721.0000000000005,2712.6000000000004,2719.4000000000005,264,215122260.00000003,0.0,18477,2715.4000000000005,0
1731547980000,2719.4,2720.4,2715.2000000000003,2719.6000000000004,166,135359220.0,0.0,18355,2719.4,0
1731548040000,2719.8,2723.0,2719.8,2721.0,165,134698860.0,0.0,18226,2719.6000000000004,0
1731548100000,2721.6000000000004,2725.8,2721.6000000000004,2725.2000000000003,133,108684540.0,0.0,18138,2721.0000000000005,0
1731548160000,2725.0000000000005,2729.0000000000005,2722.2000000000003,2728.4,171,139789620.00000003,0.0,18012,2725.2000000000003,0
1731548220000,2727.4,2730.4,2726.8,2729.2000000000003,123,100689960.00000001,0.0,17942,2728.4,0
1731548280000,2728.8,2732.4,2726.4,2726.8,138,112996860.0,0.0,17857,2729.2000000000003,0
1731548340000,2726.8,2728.8,2723.8,2727.8,169,138229740.00000003,0.0,17759,2726.8,0
1731548400000,2727.8,2727.8,2725.0,2726.0,129,105505920.00000001,0.0,17683,2727.8,0
1731548460000,2726.6,2731.6,2726.0,2730.4,158,129331980.0,0.0,17588,2726.0,0
1731548520000,2730.4,2734.0000000000005,2730.2000000000003,2733.8,149,122131080.0,0.0,17507,2730.4,0
1731548580000,2733.4000000000005,2735.8,2731.6000000000004,2735.8,103,84462420.0,0.0,17442,2733.8,0
1731548640000,2734.8,2737.0000000000005,2731.6000000000004,2732.0000000000005,107,87788100.0,0.0,17380,2735.8,0
1731548700000,2732.0000000000005,2734.0000000000005,2731.6000000000004,2733.2000000000003,68,55744260.00000001,0.0,17336,2732.0000000000005,0
1731548760000,2733.0,2734.2000000000003,2731.4,2732.0,117,95927520.00000001,0.0,17253,2733.2000000000003,0
1731548820000,2731.8,2739.4,2731.8,2738.6000000000004,138,113329260.00000001,0.0,17197,2732.0,0
1731548880000,2738.8,2739.4,2737.0,2737.6,114,93642240.0,0.0,17141,2738.6,0
1731548940000,2738.0,2738.8,2736.8,2738.2000000000003,78,64068480.00000001,0.0,17089,2737.6000000000004,0
1731549000000,2738.0,2739.6,2737.4,2739.0,70,57511080.0,0.0,17046,2738.2000000000003,0
1731549060000,2738.4,2740.2000000000003,2736.4,2736.4,105,86278500.0,0.0,16982,2739.0,0
1731549120000,2736.8,2743.6000000000004,2736.2000000000003,2739.6000000000004,152,124973280.0,0.0,16896,2736.4,0
1731549180000,2740.0000000000005,2740.6000000000004,2738.2000000000003,2740.2000000000003,83,68212680.00000001,0.0,16848,2739.6000000000004,0
1731549240000,2739.8,2739.8,2735.4,2735.8,80,65705340.0,0.0,16803,2740.2000000000003,0
1731549300000,2735.8,2736.2000000000003,2734.6000000000004,2735.0000000000005,62,50879340.0,0.0,16757,2735.8,0
1731549360000,2734.6,2735.0,2731.0,2732.0,72,59033700.0,0.0,16708,2735.0,0
1731549420000,2732.4,2734.6000000000004,2731.8,2732.8,75,61502940.0,0.0,16662,2732.0,0
1731549480000,2732.8,2734.0000000000005,2730.2000000000003,2731.6000000000004,81,66379020.0,0.0,16613,2732.8,0
1731549540000,2730.8,2731.4000000000005,2730.6000000000004,2730.8,36,29494020.000000004,0.0,16585,2731.6000000000004,0
1731549600000,2731.4,2733.2,2731.0,2732.4,73,59825820.00000001,0.0,16548,2730.8,0
1731549660000,2731.4,2732.8,2730.2000000000003,2731.8,70,57365700.0,0.0,16534,2732.4,0
1731549720000,2731.8,2731.8,2728.4,2730.6,61,49956600.0,0.0,16499,2731.8,0
1731549780000,2730.4,2732.2000000000003,2730.4,2730.8,42,34415880.0,0.0,16479,2730.6,0
1731549840000,2731.6000000000004,2734.0,2730.8,2732.6000000000004,49,40167300.0,0.0,16452,2730.8,0
1731549900000,2732.6000000000004,2732.6000000000004,2729.8,2730.8,52,42599820.00000001,0.0,16421,2732.6000000000004,0
1731549960000,2731.4,2734.4,2731.4,2733.2000000000003,66,54112740.00000001,0.0,16392,2730.8,0
1731550020000,2733.2,2734.4,2731.0,2733.4,50,40996740.0,0.0,16364,2733.2,0
1731550080000,2733.4,2733.6,2732.0,2733.0,37,30335160.000000004,0.0,16339,2733.4,0
1731550140000,2732.8,2734.4,2732.8,2734.0,85,69712080.0,0.0,16271,2733.0,0
1731550200000,2733.8,2736.4000000000005,2733.6000000000004,2736.0000000000005,60,49233000.0,0.0,16241,2734.0000000000005,0
1731550260000,2735.6000000000004,2735.6000000000004,2732.8,2733.2000000000003,42,34452600.0,0.0,16214,2736.0,0
1731550320000,2733.6000000000004,2738.6000000000004,2733.2000000000003,2737.0000000000005,101,82891920.00000001,0.0,16170,2733.2000000000003,0
1731550380000,2737.8,2738.2000000000003,2736.4,2736.4,53,43519560.00000001,0.0,16147,2737.0,0
1731550440000,2736.4,2737.2,2735.0,2737.0,38,31191780.000000004,0.0,16129,2736.4,0
1731550500000,2737.0000000000005,2738.0000000000005,2735.6000000000004,2738.0000000000005,44,36121740.00000001,0.0,16108,2737.0000000000005,0
1731550560000,2738.4,2738.8,2737.0,2737.4,53,43538040.0,0.0,16087,2738.0,0
1731550620000,2737.4000000000005,2737.4000000000005,2735.6000000000004,2736.6000000000004,49,40221960.0,0.0,16073,2737.4000000000005,0
1731550680000,2736.4000000000005,2736.4000000000005,2733.6000000000004,2735.6000000000004,58,47594100.00000001,0.0,16035,2736.6000000000004,0
1731550740000,2735.6000000000004,2736.6000000000004,2733.6000000000004,2733.6000000000004,42,34464840.00000001,0.0,16004,2735.6000000000004,0
1731550800000,2733.8,2735.2000000000003,2732.6000000000004,2734.4000000000005,43,35270280.0,0.0,15980,2733.6000000000004,0
1731550860000,2735.0,2735.4,2733.0,2735.4,54,44295780.00000001,0.0,15950,2734.4,0
1731550920000,2735.6000000000004,2739.2000000000003,2735.6000000000004,2738.6000000000004,89,73098600.0,0.0,15882,2735.4000000000005,0
1731550980000,2738.6000000000004,2739.4000000000005,2736.6000000000004,2737.6000000000004,101,82969860.00000001,0.0,15797,2738.6000000000004,0
1731551040000,2736.8,2737.0000000000005,2734.6000000000004,2734.8,52,42678060.0,0.0,15761,2737.6000000000004,0
1731551100000,2734.6000000000004,2735.2000000000003,2730.8,2731.4,107,87709620.00000001,0.0,15685,2734.8,0
1731551160000,2731.2000000000003,2733.2000000000003,2729.8,2732.2000000000003,86,70484880.0,0.0,15622,2731.4,0
1731551220000,2732.2000000000003,2733.4,2731.4,2732.0,35,28688940.0,0.0,15600,2732.2000000000003,0
1731551280000,2731.4,2733.4,2730.2000000000003,2733.4,40,32780700.0,0.0,15572,2732.0000000000005,0
1731551340000,2733.4,2735.8,2732.8,2735.4,92,75467700.00000001,0.0,15518,2733.4,0
1731551400000,2735.4,2736.8,2734.2000000000003,2735.6000000000004,57,46777560.0,0.0,15487,2735.4,0
1731551460000,2735.6000000000004,2739.2000000000003,2734.6000000000004,2738.8,131,107592180.0,0.0,15401,2735.6000000000004,0
1731551520000,2738.8,2740.8,2738.8,2740.0,157,129040740.0,0.0,15312,2738.8,0
1731551580000,2740.4,2741.6000000000004,2739.8,2740.0,80,65781000.0,0.0,15251,2740.0,0
1731551640000,2740.4,2743.8,2740.0,2742.8,165,135736020.0,0.0,15200,2740.0,0
1731551700000,2743.0,2743.6,2741.4,2741.8,59,48541740.0,0.0,15163,2742.8,0
1731551760000,2741.8,2741.8,2739.2000000000003,2741.0000000000005,111,91259160.00000001,0.0,15093,2741.8,0
1731551820000,2741.6000000000004,2744.6000000000004,2741.6000000000004,2741.6000000000004,152,125078400.0,0.0,15044,2741.0000000000005,0
1731551880000,2741.4,2741.4,2738.2000000000003,2739.2000000000003,99,81377820.0,0.0,14999,2741.6000000000004,0
1731551940000,2738.2,2738.8,2738.0,2738.4,26,21358980.0,0.0,14988,2739.2,0
1731552000000,2738.4,2738.4,2736.8,2738.0,30,24639900.0,0.0,14982,2738.4,0
1731552060000,2738.0000000000005,2738.6000000000004,2736.2000000000003,2737.0000000000005,65,53377560.0,0.0,14951,2738.0000000000005,0
1731552120000,2737.2000000000003,2737.4,2734.2000000000003,2736.0000000000005,60,49248300.0,0.0,14914,2737.0000000000005,0
1731552180000,2735.8,2739.2000000000003,2735.2000000000003,2738.0000000000005,112,91989780.00000001,0.0,14851,2736.0000000000005,0
1731552240000,2738.0000000000005,2738.4000000000005,2736.6000000000004,2738.0000000000005,69,56667240.0,0.0,14796,2738.0000000000005,0
1731552300000,2738.2000000000003,2739.4,2737.8,2737.8,33,27112500.000000004,0.0,14770,2738.0,0
1731552360000,2737.4000000000005,2739.4000000000005,2736.6000000000004,2738.0000000000005,29,23822100.000000004,0.0,14748,2737.8,0
1731552420000,2738.2000000000003,2738.2000000000003,2735.8,2736.2000000000003,17,13959300.000000002,0.0,14738,2738.0,0
1731552480000,2735.6,2736.4,2734.4,2735.6,45,36931680.0,0.0,14707,2736.2000000000003,0
1731552540000,2735.0,2735.8,2734.0,2734.6,36,29536500.000000004,0.0,14689,2735.6,0
1731552600000,2734.4,2736.4,2734.2000000000003,2736.4,58,47593680.00000001,0.0,14656,2734.6000000000004,0
1731552660000,2736.6000000000004,2737.2000000000003,2734.8,2735.4,63,51715380.00000001,0.0,14620,2736.4,0
1731552720000,2735.6,2737.4,2735.4,2736.6,45,36946560.0,0.0,14590,2735.4,0
1731552780000,2736.2000000000003,2736.2000000000003,2735.2000000000003,2735.4,26,21337380.000000004,0.0,14569,2736.6000000000004,0
1731552840000,2735.6000000000004,2735.8,2733.8,2733.8,41,33637920.00000001,0.0,14538,2735.4,0
1731552900000,2734.0000000000005,2734.8,2732.6000000000004,2734.0000000000005,38,31163100.0,0.0,14514,2733.8,0
1731552960000,2734.0,2735.2,2734.0,2734.4,22,18048840.0,0.0,14499,2734.0,0
1731553020000,2734.8,2736.2000000000003,2734.8,2736.0,73,59911620.00000001,0.0,14460,2734.4,0
1731553080000,2736.0,2736.8,2735.0,2736.8,23,18879060.0,0.0,14449,2736.0,0
1731553140000,2736.8,2738.4,2736.8,2737.6000000000004,64,52557120.0,0.0,14406,2736.8,0
1731553200000,2737.6,2737.6,2735.4,2737.0,43,35300880.0,0.0,14372,2737.6,0
1731553260000,2736.2000000000003,2739.0000000000005,2735.2000000000003,2738.0000000000005,49,40242840.0,0.0,14340,2737.0000000000005,0
1731553320000,2737.8,2740.6000000000004,2737.8,2740.4,53,43562040.00000001,0.0,14319,2738.0,0
1731553380000,2740.0,2740.0,2738.4,2739.2000000000003,29,23830800.000000004,0.0,14307,2740.4,0
1731553440000,2739.2000000000003,2740.0,2738.4,2739.8,36,29586240.0,0.0,14291,2739.2000000000003,0
1731553500000,2739.8,2739.8,2738.0,2738.0,24,19718340.000000004,0.0,14280,2739.8,0
1731553560000,2738.0,2739.8,2738.0,2739.8,21,17253840.000000004,0.0,14268,2738.0,0
1731553620000,2739.8,2739.8,2738.6000000000004,2739.0000000000005,22,18079200.0,0.0,14256,2739.8,0
1731553680000,2739.0,2739.8,2737.8,2739.6000000000004,40,32865000.0,0.0,14237,2739.0,0
1731553740000,2739.6000000000004,2741.0000000000005,2739.2000000000003,2740.4,36,29594400.0,0.0,14229,2739.6000000000004,0
1731553800000,2740.4000000000005,2741.2000000000003,2739.6000000000004,2741.0000000000005,42,34528380.0,0.0,14203,2740.4000000000005,0
1731553860000,2741.0000000000005,2742.8,2740.2000000000003,2742.8,65,53461080.0,0.0,14185,2741.0000000000005,0
1731553920000,2742.0,2744.8,2742.0,2744.6,74,60903900.00000001,0.0,14145,2742.8,0
1731553980000,2745.0,2747.8,2744.8,2747.8,90,74157120.0,0.0,14114,2744.6000000000004,0
1731554040000,2747.4000000000005,2747.4000000000005,2745.6000000000004,2746.0000000000005,58,47788020.0,0.0,14089,2747.8,0
1731554100000,2746.6000000000004,2748.6000000000004,2746.2000000000003,2746.2000000000003,71,58519380.0,0.0,14056,2746.0000000000005,0
1731554160000,2746.4,2746.4,2744.0,2744.0,64,52713240.0,0.0,14025,2746.2,0
1731554220000,2744.4000000000005,2745.8,2741.6000000000004,2744.0000000000005,60,49389180.0,0.0,13985,2744.0000000000005,0
1731554280000,2743.4,2743.4,2742.2000000000003,2742.2000000000003,25,20571660.0,0.0,13966,2744.0000000000005,0
1731554340000,2742.6000000000004,2745.0000000000005,2742.6000000000004,2743.6000000000004,65,53509080.0,0.0,13952,2742.2000000000003,0
1731554400000,2743.0,2743.0,2737.8,2737.8,52,42757860.0,0.0,13923,2743.6000000000004,0
1731554460000,2737.4,2739.8,2737.4,2738.6,45,36975000.0,0.0,13901,2737.8,0
1731554520000,2738.2000000000003,2738.2000000000003,2734.6000000000004,2734.6000000000004,71,58285140.00000001,0.0,13869,2738.6000000000004,0
1731554580000,2735.0,2737.6,2735.0,2737.2,49,40228020.0,0.0,13849,2734.6,0
1731554640000,2737.2000000000003,2738.8,2737.2000000000003,2738.8,43,35322539.99999999,0.0,13838,2737.2000000000003,0
1731554700000,2738.6,2741.2000000000003,2738.4,2740.8,45,36981480.0,0.0,13817,2738.8,0
1731554760000,2741.6,2741.6,2740.0,2740.8,24,19734120.000000004,0.0,13807,2740.8,0
1731554820000,2741.0000000000005,2741.0000000000005,2739.2000000000003,2739.2000000000003,12,9864540.000000002,0.0,13803,2740.8,0
1731554880000,2739.0,2740.0,2739.0,2740.0,30,24654480.0,0.0,13785,2739.2,0
1731554940000,2740.0000000000005,2740.0000000000005,2738.2000000000003,2738.4,22,18076200.0,0.0,13774,2740.0000000000005,0
1731555000000,2738.0,2739.6,2737.0,2737.6,33,27110280.0,0.0,13760,2738.4,0
1731560460000,2739.6,2739.6,2735.0,2735.0,114,93607920.0,0.0,13728,2737.6,0
1731560520000,2735.4000000000005,2737.6000000000004,2733.6000000000004,2733.6000000000004,70,57448560.0,0.0,13684,2735.0000000000005,0
1731560580000,2733.6,2734.2000000000003,2732.4,2733.8,76,62318040.0,0.0,13645,2733.6,0
1731560640000,2733.6000000000004,2733.6000000000004,2730.6000000000004,2731.6000000000004,58,47536800.00000001,0.0,13623,2733.8,0
1731560700000,2731.6,2732.4,2730.0,2730.2,63,51625080.00000001,0.0,13596,2731.6,0
1731560760000,2730.4000000000005,2731.4000000000005,2729.6000000000004,2731.0000000000005,57,46692540.00000001,0.0,13567,2730.2000000000003,0
1731560820000,2731.2000000000003,2731.2000000000003,2729.8,2731.0,39,31948560.000000004,0.0,13553,2731.0,0
1731560880000,2730.6000000000004,2730.6000000000004,2725.6000000000004,2726.2000000000003,143,116996880.0,0.0,13481,2731.0000000000005,0
1731560940000,2726.6000000000004,2727.8,2726.6000000000004,2726.8,34,27815580.000000004,0.0,13456,2726.2000000000003,0
1731561000000,2726.6,2726.6,2724.4,2726.6,56,45785220.0,0.0,13431,2726.8,0
1731561060000,2725.8,2726.8,2724.0,2724.4,50,40868640.0,0.0,13409,2726.6,0
1731561120000,2724.4,2726.2000000000003,2724.2000000000003,2724.8,42,34337640.0,0.0,13385,2724.4,0
1731561180000,2725.0,2725.6,2722.4,2723.2000000000003,82,67017000.000000015,0.0,13336,2724.8,0
1731561240000,2723.4,2725.6,2723.4,2724.4,53,43321680.00000001,0.0,13312,2723.2000000000003,0
1731561300000,2724.6,2725.8,2724.4,2725.6,33,26978280.0,0.0,13287,2724.4,0
1731561360000,2725.4,2726.2,2724.0,2726.0,60,49055100.0,0.0,13265,2725.6,0
1731561420000,2726.2,2728.0,2725.0,2725.0,84,68712720.0,0.0,13232,2726.0,0
1731561480000,2725.6,2727.0,2725.4,2726.4,74,60516900.0,0.0,13189,2725.0,0
1731561540000,2726.4000000000005,2727.0000000000005,2724.6000000000004,2725.2000000000003,35,28618800.0,0.0,13173,2726.4000000000005,0
1731561600000,2725.6,2726.2,2725.0,2725.0,23,18807840.0,0.0,13162,2725.2,0
1731561660000,2725.4,2727.4,2725.0,2727.0,53,43348620.0,0.0,13143,2725.0,0
1731561720000,2727.0000000000005,2728.0000000000005,2726.6000000000004,2728.0000000000005,28,22909200.000000004,0.0,13137,2727.0000000000005,0
1731561780000,2727.6000000000004,2728.4,2727.2000000000003,2727.8,22,18004080.000000004,0.0,13121,2728.0000000000005,0
1731561840000,2727.8,2728.6000000000004,2727.2000000000003,2728.0000000000005,20,16368420.0,0.0,13111,2727.8,0
1731561900000,2728.0,2728.0,2727.0,2727.8,15,12273120.0,0.0,13105,2728.0,0
1731561960000,2727.2000000000003,2728.4000000000005,2726.6000000000004,2727.8,23,18817620.000000004,0.0,13092,2727.8,0
1731562020000,2727.4,2727.8,2727.0,2727.0,15,12273420.0,0.0,13088,2727.8,0
1731562080000,2726.6,2727.2,2726.0,2726.8,26,21268080.0,0.0,13075,2727.0,0
1731562140000,2726.4000000000005,2727.6000000000004,2725.6000000000004,2726.8,29,23721780.0,0.0,13060,2726.8,0
1731562200000,2726.4,2726.8,2726.0,2726.2,38,31080240.000000004,0.0,13039,2726.8,0
1731562260000,2726.0,2728.4,2726.0,2728.0,97,79363380.0,0.0,13014,2726.2,0
1731562320000,2728.0000000000005,2728.0000000000005,2726.6000000000004,2727.2000000000003,43,35182619.99999999,0.0,12996,2728.0000000000005,0
1731562380000,2727.0,2727.0,2722.8,2722.8,52,42498000.0,0.0,12981,2727.2000000000003,0
1731562440000,2723.8,2727.0,2723.8,2727.0,58,47423400.00000001,0.0,12961,2722.8,0
1731562500000,2727.2,2730.4,2727.0,2728.6,71,58131240.00000001,0.0,12940,2727.0,0
1731562560000,2728.2000000000003,2728.2000000000003,2725.6000000000004,2725.8,38,31087200.0,0.0,12926,2728.6000000000004,0
1731562620000,2726.0,2726.8,2726.0,2726.0,37,30261840.000000004,0.0,12913,2725.8,0
1731562680000,2726.4000000000005,2727.2000000000003,2725.6000000000004,2727.0000000000005,25,20448300.0,0.0,12900,2726.0000000000005,0
1731562740000,2727.4,2727.4,2725.8,2725.8,45,36805800.0,0.0,12890,2727.0,0
1731562800000,2726.0,2729.0,2725.8,2728.6000000000004,69,56457780.00000001,0.0,12884,2725.8,0
1731562860000,2729.2000000000003,2729.2000000000003,2727.2000000000003,2728.4,47,38469660.00000001,0.0,12866,2728.6000000000004,0
1731562920000,2728.8,2730.8,2728.8,2730.6000000000004,41,33579480.00000001,0.0,12855,2728.4,0
1731562980000,2730.2,2730.4,2729.0,2730.0,55,45040320.0,0.0,12824,2730.6,0
1731563040000,2730.6000000000004,2730.6000000000004,2728.6000000000004,2728.6000000000004,33,27025080.000000004,0.0,12812,2730.0000000000005,0
1731563100000,2728.8,2731.0000000000005,2728.6000000000004,2730.6000000000004,31,25386420.0,0.0,12795,2728.6000000000004,0
1731563160000,2730.2000000000003,2730.8,2729.6000000000004,2730.2000000000003,38,31123020.000000004,0.0,12769,2730.6000000000004,0
1731563220000,2730.4,2732.4,2730.4,2731.6,58,47531100.00000001,0.0,12742,2730.2000000000003,0
1731563280000,2731.0,2731.6,2730.4,2730.8,48,39328140.00000001,0.0,12732,2731.6,0
1731563340000,2730.8,2731.2,2730.0,2730.0,28,22936260.0,0.0,12717,2730.8,0
1731563400000,2730.0,2730.0,2728.8,2730.0,40,32753460.0,0.0,12698,2730.0,0
1731563460000,2729.6000000000004,2730.6000000000004,2729.6000000000004,2729.6000000000004,16,13104660.000000002,0.0,12696,2730.0000000000005,0
1731563520000,2729.4,2730.4,2729.0,2729.8,13,10645740.0,0.0,12690,2729.6,0
1731563580000,2729.6000000000004,2729.6000000000004,2727.6000000000004,2728.2000000000003,28,22919940.0,0.0,12688,2729.8,0
1731563640000,2727.6000000000004,2727.6000000000004,2724.6000000000004,2725.2000000000003,37,30255360.0,0.0,12676,2728.2000000000003,0
1731563700000,2725.2,2726.0,2724.0,2724.6,35,28609800.0,0.0,12677,2725.2,0
1731563760000,2724.2000000000003,2724.4000000000005,2722.6000000000004,2723.0000000000005,30,24508620.0,0.0,12673,2724.6000000000004,0
1731563820000,2723.0,2725.4,2723.0,2724.4,34,27789840.000000004,0.0,12676,2723.0,0
1731563880000,2724.6000000000004,2726.0000000000005,2724.2000000000003,2724.6000000000004,44,35970360.00000001,0.0,12663,2724.4,0
1731563940000,2724.6000000000004,2727.6000000000004,2724.6000000000004,2727.6000000000004,54,44163420.00000001,0.0,12651,2724.6000000000004,0
1731564000000,2727.8,2728.8,2727.2000000000003,2728.2000000000003,73,59741460.00000001,0.0,12612,2727.6000000000004,0
1731564060000,2727.6,2728.8,2725.4,2725.6,78,63821940.00000001,0.0,12593,2728.2000000000003,0
1731564120000,2725.6000000000004,2726.0000000000005,2724.6000000000004,2724.8,33,26979840.000000004,0.0,12583,2725.6000000000004,0
1731564180000,2725.0,2726.2,2724.0,2725.8,33,26977980.0,0.0,12569,2724.8,0
1731564240000,2725.2000000000003,2725.2000000000003,2722.2000000000003,2723.6000000000004,74,60468720.0,0.0,12533,2725.8,0
1731564300000,2724.0,2725.8,2724.0,2724.6,81,66217560.0,0.0,12492,2723.6,0
1731564360000,2724.6,2725.2,2723.0,2724.8,46,37588200.00000001,0.0,12486,2724.6,0
1731564420000,2724.6000000000004,2725.2000000000003,2724.2000000000003,2725.0000000000005,67,54766800.0,0.0,12465,2724.8,0
1731564480000,2725.0,2727.8,2725.0,2727.8,114,93261180.0,0.0,12431,2725.0,0
1731564540000,2727.0,2727.2000000000003,2726.4,2726.8,32,26176680.000000004,0.0,12415,2727.8,0
1731564600000,2727.4,2727.8,2726.8,2727.8,26,21273960.0,0.0,12399,2726.8,0
1731564660000,2728.0,2730.0,2728.0,2728.8,77,63043260.0,0.0,12420,2727.8,0
1731564720000,2727.6000000000004,2727.6000000000004,2725.6000000000004,2727.0000000000005,28,22904880.000000004,0.0,12423,2728.8,0
1731564780000,2727.8,2729.4000000000005,2727.6000000000004,2727.6000000000004,41,33556200.00000001,0.0,12423,2727.0000000000005,0
1731564840000,2727.6000000000004,2727.8,2726.2000000000003,2727.4,22,17998620.0,0.0,12414,2727.6000000000004,0
1731564900000,2727.2000000000003,2727.8,2724.4,2724.4,37,30257640.0,0.0,12409,2727.4,0
1731564960000,2725.2000000000003,2726.0,2724.8,2725.2000000000003,36,29435520.000000004,0.0,12404,2724.4,0
1731565020000,2725.6000000000004,2726.8,2725.2000000000003,2726.0000000000005,44,35979540.0,0.0,12398,2725.2000000000003,0
1731565080000,2725.8,2725.8,2722.6000000000004,2722.6000000000004,38,31053600.000000004,0.0,12397,2726.0000000000005,0
1731565140000,2722.4000000000005,2722.6000000000004,2721.6000000000004,2721.8,56,45734700.00000001,0.0,12373,2722.6000000000004,0
1731565200000,2722.4,2722.6,2717.4,2719.4,83,67712760.0,0.0,12375,2721.8,0
1731565260000,2719.4,2723.6,2719.4,2723.6,123,100431960.0,0.0,12376,2719.4,0
1731565320000,2723.6000000000004,2723.6000000000004,2719.2000000000003,2719.8,61,49801440.00000001,0.0,12371,2723.6000000000004,0
1731565380000,2720.0,2720.2,2717.0,2717.6,60,48931800.0,0.0,12368,2719.8,0
1731565440000,2717.4,2719.2000000000003,2713.8,2718.2000000000003,96,78228540.00000001,0.0,12366,2717.6000000000004,0
1731565500000,2718.2000000000003,2719.2000000000003,2713.4,2714.8,110,89643000.0,0.0,12349,2718.2000000000003,0
1731565560000,2714.2000000000003,2716.2000000000003,2714.2000000000003,2716.2000000000003,50,40728420.0,0.0,12346,2714.8,0
1731565620000,2716.0,2718.0,2716.0,2717.8,45,36682740.0,0.0,12342,2716.2,0
1731565680000,2717.8,2717.8,2714.4,2715.0,101,82289220.00000001,0.0,12340,2717.8,0
1731565740000,2715.2000000000003,2716.6000000000004,2715.2000000000003,2716.2000000000003,20,16296000.0,0.0,12344,2715.0000000000005,0
1731565800000,2716.6000000000004,2720.2000000000003,2716.6000000000004,2720.2000000000003,86,70144800.0,0.0,12350,2716.2000000000003,0
1731565860000,2720.6,2720.6,2719.0,2720.2,34,27739680.000000004,0.0,12349,2720.2,0
1731565920000,2720.0,2720.0,2718.0,2718.4,61,49759980.00000001,0.0,12356,2720.2,0
1731565980000,2719.2000000000003,2720.0000000000005,2718.2000000000003,2719.0000000000005,36,29368440.0,0.0,12357,2718.4,0
1731566040000,2719.0,2719.4,2717.4,2717.4,31,25282080.0,0.0,12351,2719.0,0
1731566100000,2717.6000000000004,2717.6000000000004,2715.6000000000004,2716.8,39,31779780.000000004,0.0,12348,2717.4000000000005,0
1731566160000,2717.2000000000003,2717.2000000000003,2714.8,2714.8,59,48076260.0,0.0,12335,2716.8,0
1731566220000,2714.8,2714.8,2711.8,2712.6000000000004,84,68369400.00000001,0.0,12329,2714.8,0
1731566280000,2712.6000000000004,2714.2000000000003,2712.2000000000003,2712.4,53,43137180.00000001,0.0,12337,2712.6000000000004,0
1731566340000,2712.4000000000005,2712.6000000000004,2708.6000000000004,2710.0000000000005,111,90250620.00000001,0.0,12378,2712.4000000000005,0
1731566400000,2709.8,2712.2000000000003,2709.8,2710.2000000000003,83,67506180.0,0.0,12362,2710.0,0
1731566460000,2710.6,2714.6,2710.4,2713.0,100,81392880.0,0.0,12361,2710.2000000000003,0
1731566520000,2713.2000000000003,2713.2000000000003,2710.2000000000003,2711.4,123,100073220.0,0.0,12318,2713.0000000000005,0
1731566580000,2710.8,2712.6,2710.0,2711.0,128,104113560.00000001,0.0,12296,2711.4,0
1731566640000,2710.8,2712.0,2710.8,2711.0,47,38229240.0,0.0,12285,2711.0,0
1731566700000,2710.8,2713.6000000000004,2710.2000000000003,2713.4,85,69171180.0,0.0,12241,2711.0000000000005,0
1731566760000,2713.4,2715.0000000000005,2713.2000000000003,2714.4,105,85505400.0,0.0,12213,2713.4,0
1731566820000,2713.6,2715.0,2713.0,2713.2,84,68387400.0,0.0,12211,2714.4,0
1731566880000,2713.0000000000005,2713.8,2712.6000000000004,2712.6000000000004,42,34187160.0,0.0,12201,2713.2000000000003,0
1731566940000,2713.0,2713.4,2706.8,2707.6000000000004,117,95119080.0,0.0,12160,2712.6000000000004,0
1731567000000,2707.4000000000005,2708.0000000000005,2705.6000000000004,2706.0000000000005,79,64146420.0,0.0,12154,2707.6000000000004,0
1731567060000,2706.4,2707.4,2706.0,2706.2,77,62526180.00000001,0.0,12118,2706.0,0
1731567120000,2706.2,2706.2,2702.0,2702.8,124,100586940.0,0.0,12104,2706.2,0
1731567180000,2702.8,2703.0,2700.0,2700.0,138,111832080.0,0.0,12059,2702.8,0
1731567240000,2700.6000000000004,2702.2000000000003,2699.8,2702.2000000000003,145,117487740.0,0.0,12017,2700.0,0
1731567300000,2702.4,2703.4,2701.8,2702.8,106,85940640.00000001,0.0,11989,2702.2000000000003,0
1731567360000,2703.0,2705.8,2703.0,2704.8,146,118468080.00000001,0.0,11964,2702.8,0
1731567420000,2704.8,2705.6000000000004,2704.2000000000003,2705.4,93,75471000.00000001,0.0,11927,2704.8,0
1731567480000,2705.4,2707.6000000000004,2704.8,2707.0,135,109606860.0,0.0,11882,2705.4,0
1731567540000,2707.2000000000003,2707.8,2705.4,2706.0,110,89316120.0,0.0,11849,2707.0,0
1731567600000,2706.0,2708.0,2706.0,2707.0,61,49534740.00000001,2714.4,11839,2706.0,0
1731634200000,2701.0,2701.0,2701.0,2701.0,111,89943300.00000001,0.0,11730,2707.0,0
1731634260000,2701.4,2708.8,2701.4,2708.4,383,310981620.00000006,0.0,11382,2701.0,0
1731634320000,2708.8,2709.0000000000005,2704.6000000000004,2706.2000000000003,267,216730680.0,0.0,11130,2708.4000000000005,0
1731634380000,2707.0000000000005,2707.0000000000005,2703.2000000000003,2704.0000000000005,180,146082060.0,0.0,10974,2706.2000000000003,0
1731634440000,2704.0,2711.8,2703.0,2709.8,186,151085880.00000003,0.0,10812,2704.0,0
1731634500000,2710.0000000000005,2710.0000000000005,2704.6000000000004,2704.8,111,90123720.0,0.0,10722,2709.8,0
1731634560000,2705.4,2705.4,2703.2000000000003,2705.2000000000003,100,81139680.0,0.0,10636,2704.8,0
1731634620000,2705.2,2706.6,2704.0,2706.4,81,65736299.99999999,0.0,10568,2705.2,0
1731634680000,2706.8,2708.4,2702.8,2704.0,66,53580420.0,0.0,10509,2706.4,0
1731634740000,2703.6000000000004,2704.6000000000004,2702.2000000000003,2703.2000000000003,56,45415560.0,0.0,10465,2704.0000000000005,0
1731634800000,2702.8,2706.4,2702.8,2704.6000000000004,80,64925460.0,0.0,10396,2703.2000000000003,0
1731634860000,2704.8,2705.4,2702.8,2704.6000000000004,65,52732020.0,0.0,10338,2704.6000000000004,0
1731634920000,2703.8,2705.6000000000004,2700.6000000000004,2701.8,95,77031480.0,0.0,10253,2704.6000000000004,0
1731634980000,2701.2000000000003,2702.4,2699.8,2701.2000000000003,52,42134940.00000001,0.0,10219,2701.8,0
1731635040000,2701.0000000000005,2701.8,2699.6000000000004,2701.0000000000005,47,38076720.0,0.0,10182,2701.2000000000003,0
1731635100000,2700.6,2700.6,2696.0,2696.6,70,56655900.0,0.0,10134,2701.0,0
1731635160000,2696.4,2697.2000000000003,2695.4,2695.8,68,55000620.00000001,0.0,10087,2696.6,0
1731635220000,2695.0,2696.2000000000003,2692.8,2695.4,87,70324560.0,0.0,10021,2695.8,0
1731635280000,2695.8,2699.2000000000003,2694.6000000000004,2695.4000000000005,60,48544800.0,0.0,9969,2695.4000000000005,0
1731635340000,2696.2,2697.4,2693.0,2693.4,63,50944020.00000001,0.0,9918,2695.4,0
1731635400000,2693.6000000000004,2695.0000000000005,2692.2000000000003,2693.6000000000004,60,48482520.0,0.0,9873,2693.4,0
1731635460000,2693.0000000000005,2694.2000000000003,2689.6000000000004,2692.0000000000005,199,160633800.00000003,0.0,9726,2693.6000000000004,0
1731635520000,2692.0000000000005,2692.8,2688.2000000000003,2691.4,53,42777720.00000001,0.0,9690,2692.0000000000005,0
1731635580000,2690.4,2691.6000000000004,2689.8,2691.0,30,24214920.0,0.0,9671,2691.4,0
1731635640000,2690.0,2691.6,2689.4,2690.4,57,46004220.0,0.0,9625,2691.0,0
1731635700000,2690.8,2694.0000000000005,2690.6000000000004,2692.2000000000003,93,75121800.00000001,0.0,9563,2690.4000000000005,0
1731635760000,2692.4000000000005,2693.2000000000003,2690.6000000000004,2691.0000000000005,141,113847900.00000001,0.0,9442,2692.2000000000003,0
1731635820000,2690.8,2695.6,2690.0,2695.4,107,86430480.00000001,0.0,9348,2691.0,0
1731635880000,2694.8,2698.4,2694.2000000000003,2696.8,89,72001380.0,0.0,9277,2695.4,0
1731635940000,2696.6000000000004,2698.6000000000004,2696.6000000000004,2697.2000000000003,62,50178420.00000001,0.0,9232,2696.8,0
1731636000000,2697.2000000000003,2697.6000000000004,2695.2000000000003,2696.4,56,45297240.0,0.0,9190,2697.2000000000003,0
1731636060000,2695.8,2698.0,2695.8,2697.0,69,55832040.0,0.0,9129,2696.4,0
1731636120000,2697.2000000000003,2701.0000000000005,2697.2000000000003,2699.2000000000003,100,80972220.0,0.0,9061,2697.0000000000005,0
1731636180000,2699.2000000000003,2701.8,2699.2000000000003,2700.8,75,60756060.0,0.0,9009,2699.2000000000003,0
1731636240000,2701.2,2701.4,2699.0,2701.2,58,46982400.0,0.0,8964,2700.8,0
1731636300000,2700.2000000000003,2700.2000000000003,2699.6000000000004,2699.6000000000004,32,25919220.000000004,0.0,8947,2701.2000000000003,0
1731636360000,2700.0,2702.8,2699.8,2701.4,55,44574600.0,0.0,8907,2699.6000000000004,0
1731636420000,2700.8,2703.4,2700.0,2703.4,44,35665740.0,0.0,8871,2701.4,0
1731636480000,2702.6000000000004,2702.6000000000004,2701.2000000000003,2702.0000000000005,34,27561480.000000004,0.0,8844,2703.4,0
1731636540000,2702.6000000000004,2704.8,2702.6000000000004,2703.2000000000003,24,19467780.000000004,0.0,8825,2702.0000000000005,0
1731636600000,2703.2,2704.4,2703.0,2704.2,60,48669120.0,0.0,8776,2703.2,0
1731636660000,2704.2000000000003,2704.2000000000003,2702.2000000000003,2703.4,62,50281980.0,0.0,8719,2704.2000000000003,0
1731636720000,2703.8,2704.4,2702.0,2702.2,38,30821340.000000004,0.0,8691,2703.4,0
1731636780000,2702.2,2702.4,2700.0,2701.6,63,51053100.00000001,0.0,8644,2702.2,0
1731636840000,2701.8,2702.8,2700.8,2701.8,42,34041720.0,0.0,8603,2701.6000000000004,0
1731636900000,2701.8,2705.6000000000004,2701.8,2705.6000000000004,58,47038440.00000001,0.0,8559,2701.8,0
1731636960000,2705.2000000000003,2710.2000000000003,2705.2000000000003,2708.4,72,58498260.0,0.0,8505,2705.6000000000004,0
1731637020000,2709.0,2709.6,2707.0,2707.8,64,52000200.00000001,0.0,8449,2708.4,0
1731637080000,2706.8,2708.8,2706.2000000000003,2707.6000000000004,67,54421320.0,0.0,8389,2707.8,0
1731637140000,2708.4,2708.8,2706.0,2707.6,80,64969080.0,0.0,8332,2707.6,0
1731637200000,2707.4,2707.6000000000004,2704.8,2704.8,64,51946500.0,0.0,8278,2707.6000000000004,0
1731637260000,2705.4,2706.8,2705.4,2706.0,46,37341360.0,0.0,8237,2704.8,0
1731637320000,2706.4,2707.2000000000003,2704.8,2705.0,26,21107640.000000004,0.0,8215,2706.0,0
1731637380000,2705.4000000000005,2705.4000000000005,2703.6000000000004,2703.8,24,19469520.000000004,0.0,8198,2705.0000000000005,0
1731637440000,2704.0,2706.2,2704.0,2705.6,35,28405260.0,0.0,8170,2703.8,0
1731637500000,2705.8,2710.2000000000003,2705.8,2710.2000000000003,70,56893920.0,0.0,8151,2705.6000000000004,0
1731637560000,2710.4,2712.0,2708.8,2708.8,50,40663740.0,0.0,8119,2710.2000000000003,0
1731637620000,2708.2000000000003,2713.0,2707.8,2712.4,54,43922700.0,0.0,8077,2708.8,0
1731637680000,2712.0,2713.4,2708.8,2709.0,91,74022480.0,0.0,8011,2712.4,0
1731637740000,2708.8,2708.8,2706.6000000000004,2706.6000000000004,40,32491260.0,0.0,7990,2709.0000000000005,0
1731637800000,2706.2000000000003,2706.4,2704.2000000000003,2704.2000000000003,26,21105960.0,0.0,7973,2706.6000000000004,0
1731637860000,2704.4,2705.6000000000004,2703.8,2704.8,19,15416760.000000002,0.0,7959,2704.2000000000003,0
1731637920000,2704.8,2704.8,2701.4,2703.0,51,41355300.0,0.0,7924,2704.8,0
1731637980000,2703.4,2704.4,2702.8,2703.2000000000003,36,29198880.0,0.0,7908,2703.0,0
1731638040000,2703.4,2705.0,2701.4,2704.6,60,48663600.0,0.0,7879,2703.2000000000003,0
1731638100000,2704.6000000000004,2705.0000000000005,2703.6000000000004,2703.6000000000004,31,25151220.0,0.0,7853,2704.6000000000004,0
1731638160000,2704.2000000000003,2704.2000000000003,2702.6000000000004,2702.8,18,14597160.000000002,0.0,7835,2703.6000000000004,0
1731638220000,2702.8,2704.0,2702.0,2702.6,73,59180700.00000001,0.0,7790,2702.8,0
1731638280000,2702.2,2702.2,2699.0,2699.0,29,23497140.000000004,0.0,7762,2702.6,0
1731638340000,2700.2000000000003,2701.6000000000004,2699.8,2699.8,24,19444620.000000004,0.0,7743,2699.0,0
1731638400000,2699.2000000000003,2699.2000000000003,2698.2000000000003,2699.2000000000003,16,12954300.0,0.0,7731,2699.8,0
1731638460000,2700.0,2702.0,2698.8,2698.8,21,17013180.000000004,0.0,7712,2699.2000000000003,0
1731638520000,2698.8,2699.8,2697.6000000000004,2697.6000000000004,27,21859740.0,0.0,7697,2698.8,0
1731638580000,2698.4,2700.2000000000003,2698.4,2699.8,25,20244300.0,0.0,7679,2697.6,0
1731638640000,2699.6,2702.6,2699.4,2702.6,31,25123920.0,0.0,7651,2699.8,0
1731638700000,2703.0000000000005,2703.8,2702.2000000000003,2702.2000000000003,33,26758260.000000004,0.0,7622,2702.6000000000004,0
1731638760000,2702.4000000000005,2704.0000000000005,2700.6000000000004,2704.0000000000005,41,33237480.000000004,0.0,7595,2702.2000000000003,0
1731638820000,2705.0,2708.0,2705.0,2707.8,46,37356900.0,0.0,7556,2704.0,0
1731638880000,2707.6000000000004,2708.8,2707.2000000000003,2708.2000000000003,56,45492300.0,0.0,7506,2707.8,0
1731638940000,2707.8,2709.4,2707.0,2707.0,26,21124200.0,0.0,7485,2708.2,0
1731639000000,2707.2000000000003,2710.2000000000003,2707.2000000000003,2709.2000000000003,34,27629100.000000004,0.0,7463,2707.0000000000005,0
1731639060000,2707.8,2709.2,2707.0,2708.0,25,20309640.0,0.0,7441,2709.2,0
1731639120000,2708.0,2708.0,2695.0,2706.2,125,101478180.0,0.0,7375,2708.0,0
1731639180000,2706.6000000000004,2709.2000000000003,2706.2000000000003,2708.4,29,23561340.000000004,0.0,7359,2706.2000000000003,0
1731639240000,2708.2000000000003,2709.8,2707.6000000000004,2708.0000000000005,28,22753620.0,0.0,7336,2708.4000000000005,0
1731639300000,2708.0000000000005,2710.6000000000004,2706.6000000000004,2709.0000000000005,43,34934100.0,0.0,7296,2708.0000000000005,0
1731639360000,2709.8,2710.0,2706.8,2706.8,22,17876340.0,0.0,7278,2709.0,0
1731639420000,2707.8,2709.2,2707.0,2707.6,22,17873760.000000004,0.0,7256,2706.8,0
1731639480000,2706.6000000000004,2709.6000000000004,2706.2000000000003,2708.6000000000004,30,24367860.0,0.0,7228,2707.6000000000004,0
1731639540000,2708.2000000000003,2709.2000000000003,2707.2000000000003,2707.2000000000003,18,14624880.000000002,0.0,7211,2708.6000000000004,0
1731639600000,2706.8,2710.2000000000003,2706.8,2710.2000000000003,19,15441840.000000002,0.0,7196,2707.2000000000003,0
1731639660000,2710.4000000000005,2710.4000000000005,2707.6000000000004,2707.6000000000004,35,28445460.0,0.0,7161,2710.2000000000003,0
1731639720000,2708.2000000000003,2708.2000000000003,2704.4,2705.8,80,64939500.0,0.0,7082,2707.6,0
1731639780000,2705.0,2706.0,2703.4,2704.2000000000003,43,34892220.0,0.0,7045,2705.8,0
1731639840000,2704.0000000000005,2705.4,2703.2000000000003,2703.2000000000003,47,38131920.00000001,0.0,6999,2704.2000000000003,0
1731639900000,2703.4,2705.6,2703.0,2703.6,79,64075440.00000001,0.0,6923,2703.2,0
1731639960000,2703.8,2705.2,2703.0,2703.0,28,22711980.0,0.0,6896,2703.6,0
1731640020000,2703.4,2704.0,2702.4,2702.6,30,24327600.0,0.0,6873,2703.0,0
1731640080000,2703.0,2703.0,2702.0,2702.0,30,24319440.0,0.0,6844,2702.6,0
1731640140000,2702.0000000000005,2703.2000000000003,2701.2000000000003,2701.2000000000003,52,42152340.0,0.0,6795,2702.0000000000005,0
1731640200000,2701.8,2702.0000000000005,2700.2000000000003,2700.8,15,12154080.0,0.0,6780,2701.2000000000003,0
1731640260000,2700.8,2701.2000000000003,2699.8,2700.0,23,18632400.000000004,0.0,6760,2700.8,0
1731640320000,2701.0,2701.8,2699.4,2700.0,39,31592760.000000004,0.0,6729,2700.0,0
1731640380000,2700.2,2704.0,2700.0,2703.0,31,25131000.000000004,0.0,6711,2700.0,0
1731640440000,2703.0000000000005,2703.0000000000005,2701.2000000000003,2701.6000000000004,31,25132140.0,0.0,6683,2703.0000000000005,0
1731640500000,2701.2000000000003,2701.2000000000003,2698.8,2699.4,53,42932400.00000001,0.0,6642,2701.6000000000004,0
1731640560000,2699.4,2701.4,2698.2000000000003,2700.2000000000003,25,20245740.0,0.0,6623,2699.4,0
1731640620000,2700.4,2703.8,2700.0,2701.8,31,25133700.0,0.0,6601,2700.2,0
1731640680000,2701.8,2701.8,2701.0,2701.6,20,16208460.0,0.0,6584,2701.8,0
1731640740000,2701.0,2702.6,2701.0,2701.8,14,11348340.000000002,0.0,6575,2701.6,0
1731640800000,2700.8,2702.4,2700.0,2701.2,16,12965220.000000002,0.0,6567,2701.8,0
1731640860000,2699.8,2701.2000000000003,2698.8,2698.8,15,12149940.0,0.0,6557,2701.2000000000003,0
1731640920000,2699.0000000000005,2700.8,2697.2000000000003,2699.2000000000003,32,25914300.0,0.0,6531,2698.8,0
1731640980000,2699.6,2700.4,2697.4,2697.4,18,14574960.0,0.0,6520,2699.2000000000003,0
1731641040000,2698.0000000000005,2699.8,2696.6000000000004,2699.8,53,42905520.00000001,0.0,6477,2697.4000000000005,0
1731641100000,2699.8,2700.6,2699.0,2699.0,21,17008440.0,0.0,6461,2699.8,0
1731641160000,2698.4,2698.8,2695.8,2698.6000000000004,60,48548040.0,0.0,6407,2699.0,0
1731641220000,2699.6,2701.8,2699.4,2700.0,36,29164680.0,0.0,6387,2698.6,0
1731641280000,2700.6,2702.0,2700.4,2701.8,30,24313860.0,0.0,6363,2700.0,0
1731641340000,2701.8,2702.8,2701.4,2702.6,21,17023620.0,0.0,6348,2701.8,0
1731641400000,2702.4,2702.4,2701.2000000000003,2701.8,17,13779780.000000002,0.0,6354,2702.6000000000004,0
1731646860000,2701.8,2702.0000000000005,2699.6000000000004,2700.2000000000003,31,25119360.0,0.0,6328,2701.8,0
1731646920000,2700.2000000000003,2700.2000000000003,2698.4,2699.2000000000003,39,31581420.000000004,0.0,6302,2700.2000000000003,0
1731646980000,2699.4,2700.8,2698.8,2700.6000000000004,39,31588380.0,0.0,6277,2699.2000000000003,0
1731647040000,2700.6,2701.6,2700.4,2701.6,38,30791580.000000004,0.0,6250,2700.6,0
1731647100000,2701.6000000000004,2704.8,2701.6000000000004,2704.4000000000005,42,34066620.0,0.0,6217,2701.6000000000004,0
1731647160000,2704.8,2705.4,2704.0,2704.0,34,27587880.000000004,0.0,6206,2704.4,0
1731647220000,2703.8,2703.8,2699.0,2699.0,30,24319500.0,0.0,6188,2704.0,0
1731647280000,2699.0,2699.4,2698.0,2699.4,13,10525800.0,0.0,6188,2699.0,0
1731647340000,2699.4,2700.2000000000003,2699.4,2700.2000000000003,8,6479700.000000001,0.0,6188,2699.4,0
1731647400000,2700.6000000000004,2702.4000000000005,2700.6000000000004,2702.4000000000005,39,31608300.000000004,0.0,6185,2700.2000000000003,0
1731647460000,2701.6000000000004,2701.6000000000004,2700.8,2701.6000000000004,28,22691160.0,0.0,6185,2702.4,0
1731647520000,2701.6000000000004,2701.8,2700.6000000000004,2700.6000000000004,10,8104380.0,0.0,6177,2701.6000000000004,0
1731647580000,2700.8,2702.8,2700.6000000000004,2702.2000000000003,53,42964200.00000001,0.0,6166,2700.6000000000004,0
1731647640000,2702.8,2702.8,2702.2000000000003,2702.4,9,7296420.000000001,0.0,6162,2702.2000000000003,0
1731647700000,2702.8,2703.4000000000005,2702.6000000000004,2702.6000000000004,18,14595720.000000002,0.0,6149,2702.4000000000005,0
1731647760000,2703.0,2703.0,2702.0,2702.6,11,8918160.0,0.0,6141,2702.6,0
1731647820000,2702.8,2703.2000000000003,2702.6000000000004,2703.2000000000003,8,6487140.000000001,0.0,6137,2702.6000000000004,0
1731647880000,2703.4,2703.8,2703.4,2703.6,17,13788720.000000002,0.0,6134,2703.2000000000003,0
1731647940000,2703.6000000000004,2705.0000000000005,2703.6000000000004,2704.4000000000005,43,34887240.0,0.0,6119,2703.6000000000004,0
1731648000000,2704.6,2706.0,2704.4,2705.8,32,25969440.0,0.0,6102,2704.4,0
1731648060000,2705.6000000000004,2706.6000000000004,2705.6000000000004,2706.6000000000004,41,33285420.000000004,0.0,6089,2705.8,0
1731648120000,2706.4000000000005,2706.8,2705.6000000000004,2705.6000000000004,33,26789220.0,0.0,6082,2706.6000000000004,0
1731648180000,2707.0,2707.4,2706.4,2707.4,18,14617560.0,0.0,6072,2705.6,0
1731648240000,2707.0,2707.0,2705.4,2705.4,13,10554180.0,0.0,6070,2707.4,0
1731648300000,2705.6,2705.8,2705.4,2705.6,25,20291460.0,0.0,6063,2705.4,0
1731648360000,2705.4,2706.6000000000004,2704.8,2706.6000000000004,22,17858760.0,0.0,6060,2705.6000000000004,0
1731648420000,2707.0,2709.0,2707.0,2708.4,53,43061400.00000001,0.0,6046,2706.6,0
1731648480000,2708.8,2708.8,2706.6000000000004,2706.6000000000004,37,30055860.000000004,0.0,6042,2708.4000000000005,0
1731648540000,2706.6,2708.6,2706.4,2708.6,35,28423200.0,0.0,6027,2706.6,0
1731648600000,2708.6,2708.6,2708.0,2708.2,19,15436800.0,0.0,6024,2708.6,0
1731648660000,2707.2000000000003,2709.0000000000005,2707.2000000000003,2709.0000000000005,17,13809660.000000002,0.0,6008,2708.2000000000003,0
1731648720000,2708.6000000000004,2708.6000000000004,2707.2000000000003,2707.8,10,8124060.0,0.0,6000,2709.0000000000005,0
1731648780000,2708.0,2709.4,2707.8,2708.0,30,24378120.0,0.0,5988,2707.8,0
1731648840000,2708.0,2708.0,2707.0,2707.0,9,7310880.0,0.0,5988,2708.0,0
1731648900000,2707.0,2707.0,2705.0,2705.8,34,27597780.0,0.0,5977,2707.0,0
1731648960000,2705.8,2707.0,2705.8,2706.4,20,16238640.0,0.0,5975,2705.8,0
1731649020000,2706.4,2707.0,2706.4,2706.6,16,12992280.000000002,0.0,5969,2706.4,0
1731649080000,2706.6000000000004,2707.0000000000005,2705.6000000000004,2705.6000000000004,21,17049420.0,0.0,5968,2706.6000000000004,0
1731649140000,2706.0000000000005,2707.6000000000004,2705.6000000000004,2707.2000000000003,26,21113520.000000004,0.0,5964,2705.6000000000004,0
1731649200000,2707.2000000000003,2707.2000000000003,2706.2000000000003,2706.2000000000003,7,5683980.0,0.0,5963,2707.2000000000003,0
1731649260000,2706.0000000000005,2706.2000000000003,2705.2000000000003,2706.2000000000003,17,13799400.0,0.0,5962,2706.2000000000003,0
1731649320000,2706.6000000000004,2706.6000000000004,2705.2000000000003,2705.2000000000003,6,4871160.000000001,0.0,5956,2706.2000000000003,0
1731649380000,2705.0000000000005,2705.0000000000005,2704.2000000000003,2704.6000000000004,7,5679900.0,0.0,5953,2705.2000000000003,0
1731649440000,2704.6,2704.6,2704.4,2704.4,22,17849160.0,0.0,5944,2704.6,0
1731649500000,2704.2000000000003,2704.6000000000004,2703.2000000000003,2703.2000000000003,22,17847240.000000004,0.0,5940,2704.4,0
1731649560000,2703.2000000000003,2703.2000000000003,2700.6000000000004,2702.8,37,29999340.0,0.0,5930,2703.2000000000003,0
1731649620000,2702.6000000000004,2702.6000000000004,2700.6000000000004,2702.0000000000005,44,35660520.0,0.0,5931,2702.8,0
1731649680000,2702.4,2703.4,2701.4,2703.4,35,28375440.0,0.0,5931,2702.0,0
1731649740000,2703.0,2703.6000000000004,2702.8,2703.4,33,26761320.000000004,0.0,5930,2703.4,0
1731649800000,2703.4,2704.6,2703.4,2704.0,20,16225560.0,0.0,5924,2703.4,0
1731649860000,2704.0,2705.0,2704.0,2705.0,16,12982140.0,0.0,5924,2704.0,0
1731649920000,2705.2000000000003,2705.8,2705.2000000000003,2705.8,11,8927880.0,0.0,5918,2705.0000000000005,0
1731649980000,2705.8,2706.4,2704.8,2705.0,31,25163880.0,0.0,5901,2705.8,0
1731650040000,2705.0000000000005,2705.4000000000005,2703.6000000000004,2703.6000000000004,20,16226880.0,0.0,5904,2705.0000000000005,0
1731650100000,2703.6000000000004,2705.6000000000004,2703.6000000000004,2704.6000000000004,15,12171300.0,0.0,5908,2703.6000000000004,0
1731650160000,2704.6000000000004,2704.8,2704.6000000000004,2704.8,3,2434260.0000000005,0.0,5909,2704.6000000000004,0
1731650220000,2704.8,2705.2000000000003,2704.8,2705.0,6,4869000.000000001,0.0,5908,2704.8,0
1731650280000,2704.6,2704.8,2704.4,2704.8,9,7302480.0,0.0,5910,2705.0,0
1731650340000,2704.8,2705.0,2704.8,2704.8,7,5680140.0,0.0,5911,2704.8,0
1731650400000,2705.0,2705.6,2704.4,2705.6,15,12173160.0,0.0,5905,2704.8,0
1731650460000,2704.4,2704.4,2704.0,2704.0,6,4867440.000000001,0.0,5909,2705.6,0
1731650520000,2704.4,2704.4,2704.4,2704.4,2,1622580.0,0.0,5907,2704.0,0
1731650580000,2703.6000000000004,2703.8,2703.2000000000003,2703.4,14,11354760.0,0.0,5905,2704.4,0
1731650640000,2703.4,2704.0000000000005,2703.2000000000003,2704.0000000000005,11,8921820.000000002,0.0,5898,2703.4,0
1731650700000,2703.4000000000005,2703.4000000000005,2702.6000000000004,2702.6000000000004,6,4865340.000000001,0.0,5898,2704.0000000000005,0
1731650760000,2702.6000000000004,2702.6000000000004,2702.6000000000004,2702.6000000000004,1,810780.0,0.0,5898,2702.6000000000004,0
1731650820000,2702.6,2703.2000000000003,2702.4,2702.4,13,10540560.000000002,0.0,5893,2702.6,0
1731650880000,2702.4,2703.0,2701.8,2703.0,13,10539540.0,0.0,5889,2702.4,0
1731650940000,2702.4,2702.8,2702.2000000000003,2702.4,14,11350500.000000002,0.0,5882,2703.0000000000005,0
1731651000000,2702.4,2702.4,2700.2000000000003,2700.2000000000003,18,14587380.0,0.0,5867,2702.4,0
1731651060000,2700.4,2702.0,2700.0,2702.0,50,40509060.0,0.0,5837,2700.2,0
1731651120000,2701.6,2701.6,2700.4,2700.4,4,3241080.0,0.0,5834,2702.0,0
1731651180000,2700.2,2702.6,2700.0,2702.6,34,27552600.000000004,0.0,5811,2700.4,0
1731651240000,2701.0000000000005,2701.6000000000004,2699.6000000000004,2701.4000000000005,13,10532700.0,0.0,5805,2702.6000000000004,0
1731651300000,2701.4,2701.6000000000004,2701.2000000000003,2701.4,11,8914620.0,0.0,5803,2701.4,0
1731651360000,2700.8,2702.4,2700.4,2702.4,24,19451760.000000004,0.0,5786,2701.4,0
1731651420000,2701.2,2702.2,2701.0,2701.2,53,42950460.00000001,0.0,5752,2702.4,0
1731651480000,2701.0000000000005,2701.2000000000003,2700.2000000000003,2700.2000000000003,12,9723600.000000002,0.0,5741,2701.2000000000003,0
1731651540000,2700.4,2701.4,2700.2000000000003,2701.4,11,8911560.0,0.0,5732,2700.2000000000003,0
1731651600000,2701.6000000000004,2702.0000000000005,2700.2000000000003,2700.2000000000003,14,11343840.0,0.0,5724,2701.4,0
1731651660000,2700.2,2701.4,2700.0,2701.2,14,11341620.000000002,0.0,5716,2700.2,0
1731651720000,2701.2000000000003,2701.2000000000003,2699.8,2700.6000000000004,8,6481200.0,0.0,5710,2701.2000000000003,0
1731651780000,2699.6000000000004,2700.8,2699.6000000000004,2700.8,12,9719880.000000002,0.0,5702,2700.6000000000004,0
1731651840000,2700.2000000000003,2700.2000000000003,2698.8,2699.0,16,12957060.000000002,0.0,5697,2700.8,0
1731651900000,2699.2000000000003,2699.8,2699.2000000000003,2699.8,11,8908080.0,0.0,5691,2699.0000000000005,0
1731651960000,2699.8,2699.8,2698.8,2699.0,25,20244060.0,0.0,5690,2699.8,0
1731652020000,2699.6000000000004,2700.6000000000004,2699.6000000000004,2700.6000000000004,5,4050240.0,0.0,5687,2699.0000000000005,0
1731652080000,2700.0,2700.6,2700.0,2700.0,8,6480180.000000001,0.0,5679,2700.6,0
1731652140000,2699.2000000000003,2700.0000000000005,2699.2000000000003,2700.0000000000005,2,1619760.0,0.0,5679,2700.0000000000005,0
1731652200000,2699.2000000000003,2699.2000000000003,2698.8,2698.8,7,5668140.0,0.0,5679,2700.0,0
1731652260000,2698.8,2698.8,2698.4,2698.4,7,5667060.000000001,0.0,5677,2698.8,0
1731652320000,2698.8,2699.0000000000005,2698.2000000000003,2698.8,20,16192260.0,0.0,5674,2698.4,0
1731652380000,2698.6,2698.8,2698.0,2698.4,16,12951180.0,0.0,5672,2698.8,0
1731652440000,2698.8,2699.0,2698.0,2699.0,42,34000680.0,0.0,5666,2698.4,0
1731652500000,2698.8,2700.2000000000003,2698.8,2700.2000000000003,23,18624840.0,0.0,5668,2699.0,0
1731652560000,2699.6,2700.6,2699.4,2700.6,12,9719760.000000002,0.0,5664,2700.2000000000003,0
1731652620000,2700.6,2700.8,2700.0,2700.6,35,28354440.0,0.0,5664,2700.6,0
1731652680000,2700.6,2700.6,2700.0,2700.0,16,12961860.000000002,0.0,5653,2700.6,0
1731652740000,2699.6,2699.8,2699.0,2699.8,8,6478560.0,0.0,5651,2700.0,0
1731652800000,2699.8,2700.2000000000003,2699.4,2699.4,16,12959280.0,0.0,5645,2699.8,0
1731652860000,2699.4,2700.0000000000005,2699.2000000000003,2700.0000000000005,5,4049580.0,0.0,5646,2699.4,0
1731652920000,2698.6,2699.6,2698.4,2699.6,7,5667840.000000001,0.0,5642,2700.0,0
1731652980000,2698.4,2699.4,2698.2000000000003,2699.4,6,4857180.000000001,0.0,5641,2699.6000000000004,0
1731653040000,2698.4,2699.2000000000003,2698.2000000000003,2699.2000000000003,22,17812200.0,0.0,5629,2699.4,0
1731653100000,2699.0,2699.0,2698.8,2699.0,6,4857960.000000001,0.0,5629,2699.2000000000003,0
1731653160000,2698.8,2699.2000000000003,2698.8,2698.8,7,5667780.000000001,0.0,5623,2699.0,0
1731653220000,2698.6,2699.0,2698.4,2699.0,19,15382560.000000002,0.0,5610,2698.8,0
1731653280000,2698.8,2698.8,2698.4,2698.8,13,10524480.000000002,0.0,5605,2699.0,0
1731653340000,2698.6,2698.8,2698.4,2698.4,30,24287340.0,0.0,5593,2698.8,0
1731653400000,2698.4,2698.6,2697.4,2697.4,39,31569900.000000004,0.0,5570,2698.4,0
1731653460000,2697.4,2698.0,2697.4,2697.8,17,13758840.000000002,0.0,5561,2697.4,0
1731653520000,2697.8,2698.4,2697.8,2698.2000000000003,21,16997940.0,0.0,5548,2697.8,0
1731653580000,2698.2000000000003,2698.2000000000003,2697.6000000000004,2697.8,32,25900140.0,0.0,5528,2698.2000000000003,0
1731653640000,2698.0,2698.4,2697.8,2697.8,14,11332260.0,0.0,5523,2697.8,0
1731653700000,2698.0000000000005,2698.0000000000005,2697.6000000000004,2697.8,6,4855980.000000001,0.0,5519,2697.8,0
1731653760000,2697.8,2698.0000000000005,2697.6000000000004,2697.8,34,27517860.000000004,0.0,5494,2697.8,0
1731653820000,2697.8,2698.0000000000005,2697.6000000000004,2698.0000000000005,45,36420060.0,0.0,5476,2697.8,0
1731653880000,2697.8,2698.0000000000005,2697.6000000000004,2698.0000000000005,116,93881520.0,0.0,5445,2698.0000000000005,0
1731653940000,2697.6000000000004,2698.0000000000005,2697.6000000000004,2697.6000000000004,110,89029320.0,0.0,5374,2698.0000000000005,0
1731654000000,2698.0000000000005,2698.0000000000005,2697.6000000000004,2697.8,84,67984260.00000001,2698.0,0,2697.6000000000004,0
